<?xml version="1.0" encoding="utf-8"?>
<COLLADA xmlns="http://www.collada.org/2005/11/COLLADASchema" version="1.4.1">
  <asset>
    <contributor>
      <author>Mixamo</author>
      <authoring_tool>COLLADA Mixamo exporter</authoring_tool>
      <comments/>
    </contributor>
    <created>2023-08-01T21:48:19Z</created>
    <modified>2023-08-01T21:48:19Z</modified>
    <revision/>
    <title/>
    <unit meter="0.010000"/>
    <up_axis>Y_UP</up_axis>
  </asset>
  <library_animations>
    <animation id="mixamorig_Hips-anim" name="mixamorig_Hips">
      <source id="mixamorig_Hips-Matrix-animation-input">
        <float_array id="mixamorig_Hips-Matrix-animation-input-array" count="23">

0.000000 0.033333 0.066667 0.100000 0.133333 0.166667 0.200000 0.233333 0.266667 0.300000 0.333333 0.366667 0.400000 0.433333 0.466667 0.500000
0.533333 0.566667 0.600000 0.633333 0.666667 0.700000 0.733333</float_array>
        <technique_common>
          <accessor source="#mixamorig_Hips-Matrix-animation-input-array" count="23">
            <param name="TIME" type="float"/>
          </accessor>
        </technique_common>
      </source>
      <source id="mixamorig_Hips-Matrix-animation-output-transform">
        <float_array id="mixamorig_Hips-Matrix-animation-output-transform-array" count="368">

0.977055 0.008138 0.212831 0.404713 -0.018088 0.998830 0.044841 87.197525 -0.212217 -0.047662 0.976059 0.657600 0.000000 0.000000 0.000000 1.000000
0.965474 0.007886 0.260381 -0.141047 -0.019994 0.998837 0.043883 86.915939 -0.259732 -0.047574 0.964508 0.953885 0.000000 0.000000 0.000000 1.000000
0.955678 0.008338 0.294297 -0.583449 -0.020027 0.999125 0.036727 87.327896 -0.293733 -0.040993 0.955008 1.404542 0.000000 0.000000 0.000000 1.000000
0.951870 0.006852 0.306427 -0.709469 -0.017571 0.999326 0.032236 88.308617 -0.305999 -0.036069 0.951348 2.177424 0.000000 0.000000 0.000000 1.000000
0.954699 0.008256 0.297459 -0.494086 -0.018473 0.999331 0.031554 90.109772 -0.297000 -0.035619 0.954213 3.042181 0.000000 0.000000 0.000000 1.000000
0.961738 0.024498 0.272874 0.231205 -0.027417 0.999600 0.006889 92.386040 -0.272596 -0.014107 0.962025 3.364476 0.000000 0.000000 0.000000 1.000000
0.968820 0.040863 0.244373 0.895257 -0.036514 0.999084 -0.022304 93.851059 -0.245061 0.012686 0.969425 3.610151 0.000000 0.000000 0.000000 1.000000
0.973496 0.052120 0.222686 1.514663 -0.043784 0.998149 -0.042212 94.396965 -0.224474 0.031343 0.973976 3.755111 0.000000 0.000000 0.000000 1.000000
0.970471 0.069970 0.230847 2.321916 -0.060053 0.996956 -0.049715 93.658470 -0.233623 0.034384 0.971719 3.501135 0.000000 0.000000 0.000000 1.000000
0.966084 0.086698 0.243237 2.758766 -0.074966 0.995550 -0.057100 91.522385 -0.247105 0.036929 0.968285 3.255330 0.000000 0.000000 0.000000 1.000000
0.966469 0.092920 0.239383 3.129069 -0.083142 0.995250 -0.050649 88.728554 -0.242952 0.029048 0.969603 2.767602 0.000000 0.000000 0.000000 1.000000
0.968803 0.089771 0.231003 3.590436 -0.084070 0.995865 -0.034428 86.429077 -0.233139 0.013934 0.972344 1.971935 0.000000 0.000000 0.000000 1.000000
0.973125 0.086862 0.213267 3.866869 -0.087737 0.996129 -0.005379 85.506821 -0.212909 -0.013477 0.976979 1.778087 0.000000 0.000000 0.000000 1.000000
0.980594 0.083277 0.177482 3.808164 -0.087673 0.996003 0.017056 86.184830 -0.175352 -0.032285 0.983976 2.348439 0.000000 0.000000 0.000000 1.000000
0.987297 0.072093 0.141586 3.412013 -0.076622 0.996700 0.026793 88.376099 -0.139187 -0.037301 0.989563 3.217716 0.000000 0.000000 0.000000 1.000000
0.994658 0.053592 0.088227 3.008058 -0.055334 0.998316 0.017412 91.600838 -0.087145 -0.022201 0.995948 3.878216 0.000000 0.000000 0.000000 1.000000
0.999556 0.029775 0.000802 2.628937 -0.029777 0.999554 0.002423 94.560493 -0.000730 -0.002446 0.999997 4.419052 0.000000 0.000000 0.000000 1.000000
0.999999 0.001033 -0.001315 1.877668 -0.001054 0.999867 -0.016249 96.031548 0.001299 0.016251 0.999867 4.258833 0.000000 0.000000 0.000000 1.000000
0.998686 -0.038548 0.033762 1.066970 0.039488 0.998838 -0.027620 96.172722 -0.032658 0.028917 0.999048 3.934412 0.000000 0.000000 0.000000 1.000000
0.994327 -0.066077 0.083351 0.564064 0.068074 0.997452 -0.021345 95.394569 -0.081729 0.026898 0.996292 3.274641 0.000000 0.000000 0.000000 1.000000
0.989241 -0.060735 0.133092 0.435967 0.061823 0.998079 -0.004051 93.488861 -0.132591 0.012236 0.991095 2.396989 0.000000 0.000000 0.000000 1.000000
0.984854 -0.035161 0.169786 0.289460 0.032652 0.999313 0.017549 90.714851 -0.170286 -0.011740 0.985325 1.642754 0.000000 0.000000 0.000000 1.000000
0.977055 0.008139 0.212831 0.404708 -0.018088 0.998830 0.044841 87.197517 -0.212217 -0.047662 0.976060 0.657601 0.000000 0.000000 0.000000 1.000000</float_array>
        <technique_common>
          <accessor source="#mixamorig_Hips-Matrix-animation-output-transform-array" count="23" stride="16">
            <param type="float4x4"/>
          </accessor>
        </technique_common>
      </source>
      <source id="mixamorig_Hips-Interpolations">
        <Name_array id="mixamorig_Hips-Interpolations-array" count="23">
 LINEAR LINEAR LINEAR LINEAR LINEAR LINEAR LINEAR LINEAR LINEAR LINEAR LINEAR
LINEAR LINEAR LINEAR LINEAR LINEAR LINEAR LINEAR LINEAR LINEAR LINEAR LINEAR LINEAR</Name_array>
        <technique_common>
          <accessor source="#mixamorig_Hips-Interpolations-array" count="23">
            <param type="name"/>
          </accessor>
        </technique_common>
      </source>
      <sampler id="mixamorig_Hips-Matrix-animation-transform">
        <input semantic="INPUT" source="#mixamorig_Hips-Matrix-animation-input"/>
        <input semantic="OUTPUT" source="#mixamorig_Hips-Matrix-animation-output-transform"/>
        <input semantic="INTERPOLATION" source="#mixamorig_Hips-Interpolations"/>
      </sampler>
      <channel source="#mixamorig_Hips-Matrix-animation-transform" target="mixamorig_Hips/matrix"/>
    </animation>
    <animation id="mixamorig_Spine-anim" name="mixamorig_Spine">
      <source id="mixamorig_Spine-Matrix-animation-input">
        <float_array id="mixamorig_Spine-Matrix-animation-input-array" count="23">

0.000000 0.033333 0.066667 0.100000 0.133333 0.166667 0.200000 0.233333 0.266667 0.300000 0.333333 0.366667 0.400000 0.433333 0.466667 0.500000
0.533333 0.566667 0.600000 0.633333 0.666667 0.700000 0.733333</float_array>
        <technique_common>
          <accessor source="#mixamorig_Spine-Matrix-animation-input-array" count="23">
            <param name="TIME" type="float"/>
          </accessor>
        </technique_common>
      </source>
      <source id="mixamorig_Spine-Matrix-animation-output-transform">
        <float_array id="mixamorig_Spine-Matrix-animation-output-transform-array" count="368">

0.990931 0.012954 0.133747 0.017300 -0.011021 0.999824 -0.015178 10.574800 -0.133920 0.013566 0.990899 -1.117200 0.000000 0.000000 0.000000 1.000000
0.995579 0.009427 0.093448 0.017300 -0.007676 0.999788 -0.019085 10.574800 -0.093609 0.018283 0.995441 -1.117200 0.000000 0.000000 0.000000 1.000000
0.998353 0.018843 0.054188 0.017300 -0.018017 0.999715 -0.015685 10.574800 -0.054468 0.014683 0.998408 -1.117200 0.000000 0.000000 0.000000 1.000000
0.998968 0.032206 0.032013 0.017300 -0.032083 0.999476 -0.004352 10.574800 -0.032136 0.003321 0.999478 -1.117200 0.000000 0.000000 0.000000 1.000000
0.999083 0.039426 0.016677 0.017300 -0.039585 0.999173 0.009301 10.574800 -0.016297 -0.009953 0.999818 -1.117200 0.000000 0.000000 0.000000 1.000000
0.999137 0.041427 -0.002965 0.017300 -0.041311 0.998631 0.032092 10.574800 0.004290 -0.031942 0.999481 -1.117200 0.000000 0.000000 0.000000 1.000000
0.998710 0.046379 -0.020676 0.017300 -0.045167 0.997428 0.055651 10.574800 0.023204 -0.054646 0.998236 -1.117200 0.000000 0.000000 0.000000 1.000000
0.998455 0.044669 -0.033051 0.017300 -0.042444 0.996968 0.065213 10.574800 0.035864 -0.063709 0.997324 -1.117200 0.000000 0.000000 0.000000 1.000000
0.998478 0.032236 -0.044746 0.017300 -0.029371 0.997564 0.063275 10.574800 0.046677 -0.061864 0.996993 -1.117200 0.000000 0.000000 0.000000 1.000000
0.998299 0.023861 -0.053191 0.017300 -0.020787 0.998122 0.057623 10.574800 0.054466 -0.056419 0.996920 -1.117200 0.000000 0.000000 0.000000 1.000000
0.998946 0.015520 -0.043205 0.017300 -0.013869 0.999172 0.038253 10.574800 0.043763 -0.037614 0.998334 -1.117200 0.000000 0.000000 0.000000 1.000000
0.999862 0.000395 -0.016590 0.017300 -0.000328 0.999992 0.004070 10.574800 0.016591 -0.004064 0.999854 -1.117200 0.000000 0.000000 0.000000 1.000000
0.999574 -0.018008 0.022959 0.017300 0.018720 0.999338 -0.031194 10.574800 -0.022382 0.031610 0.999250 -1.117200 0.000000 0.000000 0.000000 1.000000
0.997682 -0.021822 0.064463 0.017300 0.024368 0.998943 -0.038983 10.574800 -0.063544 0.040463 0.997158 -1.117200 0.000000 0.000000 0.000000 1.000000
0.996337 -0.004870 0.085380 0.017300 0.006492 0.999803 -0.018734 10.574800 -0.085272 0.019220 0.996172 -1.117200 0.000000 0.000000 0.000000 1.000000
0.992277 0.013734 0.123277 0.017300 -0.015585 0.999780 0.014065 10.574800 -0.123057 -0.015878 0.992273 -1.117200 0.000000 0.000000 0.000000 1.000000
0.982951 0.030779 0.181275 0.017300 -0.039019 0.998353 0.042064 10.574800 -0.179681 -0.048420 0.982533 -1.117200 0.000000 0.000000 0.000000 1.000000
0.979576 0.056032 0.193110 0.017300 -0.067813 0.996184 0.054939 10.574800 -0.189295 -0.066912 0.979638 -1.117200 0.000000 0.000000 0.000000 1.000000
0.978702 0.087331 0.185787 0.017300 -0.099136 0.993541 0.055212 10.574800 -0.179765 -0.072455 0.981038 -1.117200 0.000000 0.000000 0.000000 1.000000
0.980161 0.097328 0.172663 0.017300 -0.105895 0.993528 0.041094 10.574800 -0.167546 -0.058563 0.984123 -1.117200 0.000000 0.000000 0.000000 1.000000
0.983175 0.083870 0.162276 0.017300 -0.089304 0.995653 0.026473 10.574800 -0.159350 -0.040519 0.986390 -1.117200 0.000000 0.000000 0.000000 1.000000
0.986640 0.056743 0.152713 0.017300 -0.058928 0.998214 0.009817 10.574800 -0.151883 -0.018684 0.988222 -1.117200 0.000000 0.000000 0.000000 1.000000
0.990931 0.012953 0.133747 0.017300 -0.011021 0.999824 -0.015178 10.574800 -0.133920 0.013566 0.990899 -1.117200 0.000000 0.000000 0.000000 1.000000</float_array>
        <technique_common>
          <accessor source="#mixamorig_Spine-Matrix-animation-output-transform-array" count="23" stride="16">
            <param type="float4x4"/>
          </accessor>
        </technique_common>
      </source>
      <source id="mixamorig_Spine-Interpolations">
        <Name_array id="mixamorig_Spine-Interpolations-array" count="23">
 LINEAR LINEAR LINEAR LINEAR LINEAR LINEAR LINEAR LINEAR LINEAR LINEAR LINEAR
LINEAR LINEAR LINEAR LINEAR LINEAR LINEAR LINEAR LINEAR LINEAR LINEAR LINEAR LINEAR</Name_array>
        <technique_common>
          <accessor source="#mixamorig_Spine-Interpolations-array" count="23">
            <param type="name"/>
          </accessor>
        </technique_common>
      </source>
      <sampler id="mixamorig_Spine-Matrix-animation-transform">
        <input semantic="INPUT" source="#mixamorig_Spine-Matrix-animation-input"/>
        <input semantic="OUTPUT" source="#mixamorig_Spine-Matrix-animation-output-transform"/>
        <input semantic="INTERPOLATION" source="#mixamorig_Spine-Interpolations"/>
      </sampler>
      <channel source="#mixamorig_Spine-Matrix-animation-transform" target="mixamorig_Spine/matrix"/>
    </animation>
    <animation id="mixamorig_Spine1-anim" name="mixamorig_Spine1">
      <source id="mixamorig_Spine1-Matrix-animation-input">
        <float_array id="mixamorig_Spine1-Matrix-animation-input-array" count="23">

0.000000 0.033333 0.066667 0.100000 0.133333 0.166667 0.200000 0.233333 0.266667 0.300000 0.333333 0.366667 0.400000 0.433333 0.466667 0.500000
0.533333 0.566667 0.600000 0.633333 0.666667 0.700000 0.733333</float_array>
        <technique_common>
          <accessor source="#mixamorig_Spine1-Matrix-animation-input-array" count="23">
            <param name="TIME" type="float"/>
          </accessor>
        </technique_common>
      </source>
      <source id="mixamorig_Spine1-Matrix-animation-output-transform">
        <float_array id="mixamorig_Spine1-Matrix-animation-output-transform-array" count="368">

0.998098 0.007097 0.061230 0.000000 -0.006100 0.999846 -0.016467 12.406000 -0.061337 0.016062 0.997988 -0.000000 0.000000 0.000000 0.000000 1.000000
0.999068 0.004884 0.042890 0.000000 -0.004107 0.999826 -0.018174 12.406000 -0.042971 0.017981 0.998915 0.000000 0.000000 0.000000 0.000000 1.000000
0.999651 0.006682 0.025559 -0.000000 -0.006262 0.999845 -0.016478 12.406000 -0.025665 0.016312 0.999538 0.000000 0.000000 0.000000 0.000000 1.000000
0.999831 0.008913 0.016068 0.000000 -0.008699 0.999873 -0.013337 12.406000 -0.016185 0.013195 0.999782 0.000000 0.000000 0.000000 0.000000 1.000000
0.999896 0.010890 0.009439 0.000000 -0.010802 0.999898 -0.009317 12.406000 -0.009539 0.009214 0.999912 0.000000 0.000000 0.000000 0.000000 1.000000
0.999945 0.010517 0.000512 0.000000 -0.010515 0.999941 -0.002891 12.406000 -0.000543 0.002886 0.999996 0.000000 0.000000 0.000000 0.000000 1.000000
0.999945 0.007201 -0.007621 -0.000000 -0.007183 0.999971 0.002369 12.406000 0.007637 -0.002314 0.999968 0.000000 0.000000 0.000000 0.000000 1.000000
0.999895 0.005674 -0.013334 -0.000000 -0.005604 0.999970 0.005259 12.406000 0.013364 -0.005183 0.999897 0.000000 0.000000 0.000000 0.000000 1.000000
0.999817 0.002594 -0.018974 0.000000 -0.002446 0.999967 0.007787 12.406000 0.018994 -0.007739 0.999790 0.000000 0.000000 0.000000 0.000000 1.000000
0.999731 -0.001512 -0.023162 0.000000 0.001751 0.999945 0.010311 12.406000 0.023145 -0.010348 0.999679 0.000000 0.000000 0.000000 0.000000 1.000000
0.999819 -0.000942 -0.019001 0.000000 0.001183 0.999919 0.012660 12.406000 0.018987 -0.012680 0.999739 0.000000 0.000000 0.000000 0.000000 1.000000
0.999925 0.009751 -0.007352 -0.000000 -0.009643 0.999847 0.014569 12.406000 0.007493 -0.014497 0.999867 0.000000 0.000000 0.000000 0.000000 1.000000
0.999670 0.023614 0.010119 0.000000 -0.023732 0.999649 0.011736 12.406000 -0.009839 -0.011972 0.999880 0.000000 0.000000 0.000000 0.000000 1.000000
0.998991 0.034263 0.029050 -0.000000 -0.034581 0.999346 0.010531 12.406000 -0.028671 -0.011525 0.999522 0.000000 0.000000 0.000000 0.000000 1.000000
0.998427 0.040084 0.039203 0.000000 -0.040667 0.999072 0.014212 12.406000 -0.038597 -0.015784 0.999130 0.000000 0.000000 0.000000 0.000000 1.000000
0.997435 0.043584 0.056784 0.000000 -0.044795 0.998791 0.020236 12.406000 -0.055833 -0.022727 0.998181 0.000000 0.000000 0.000000 0.000000 1.000000
0.995609 0.042423 0.083443 0.000000 -0.044452 0.998756 0.022614 12.406000 -0.082380 -0.026224 0.996256 0.000000 0.000000 0.000000 0.000000 1.000000
0.995369 0.036082 0.089102 0.000000 -0.037469 0.999201 0.013938 12.406000 -0.088528 -0.017212 0.995925 0.000000 0.000000 0.000000 0.000000 1.000000
0.995787 0.031518 0.086114 0.000000 -0.031712 0.999497 0.000891 12.406000 -0.086042 -0.003619 0.996285 0.000000 0.000000 0.000000 0.000000 1.000000
0.996362 0.027749 0.080579 0.000000 -0.027133 0.999594 -0.008726 12.406000 -0.080788 0.006508 0.996710 0.000000 0.000000 0.000000 0.000000 1.000000
0.996881 0.021478 0.075943 0.000000 -0.020567 0.999707 -0.012748 12.406000 -0.076195 0.011146 0.997031 0.000000 0.000000 0.000000 0.000000 1.000000
0.997376 0.014079 0.071016 0.000000 -0.013067 0.999807 -0.014691 12.406000 -0.071209 0.013724 0.997367 0.000000 0.000000 0.000000 0.000000 1.000000
0.998098 0.007097 0.061230 0.000000 -0.006100 0.999846 -0.016467 12.406000 -0.061337 0.016062 0.997988 0.000000 0.000000 0.000000 0.000000 1.000000</float_array>
        <technique_common>
          <accessor source="#mixamorig_Spine1-Matrix-animation-output-transform-array" count="23" stride="16">
            <param type="float4x4"/>
          </accessor>
        </technique_common>
      </source>
      <source id="mixamorig_Spine1-Interpolations">
        <Name_array id="mixamorig_Spine1-Interpolations-array" count="23">
 LINEAR LINEAR LINEAR LINEAR LINEAR LINEAR LINEAR LINEAR LINEAR LINEAR LINEAR
LINEAR LINEAR LINEAR LINEAR LINEAR LINEAR LINEAR LINEAR LINEAR LINEAR LINEAR LINEAR</Name_array>
        <technique_common>
          <accessor source="#mixamorig_Spine1-Interpolations-array" count="23">
            <param type="name"/>
          </accessor>
        </technique_common>
      </source>
      <sampler id="mixamorig_Spine1-Matrix-animation-transform">
        <input semantic="INPUT" source="#mixamorig_Spine1-Matrix-animation-input"/>
        <input semantic="OUTPUT" source="#mixamorig_Spine1-Matrix-animation-output-transform"/>
        <input semantic="INTERPOLATION" source="#mixamorig_Spine1-Interpolations"/>
      </sampler>
      <channel source="#mixamorig_Spine1-Matrix-animation-transform" target="mixamorig_Spine1/matrix"/>
    </animation>
    <animation id="mixamorig_Spine2-anim" name="mixamorig_Spine2">
      <source id="mixamorig_Spine2-Matrix-animation-input">
        <float_array id="mixamorig_Spine2-Matrix-animation-input-array" count="23">

0.000000 0.033333 0.066667 0.100000 0.133333 0.166667 0.200000 0.233333 0.266667 0.300000 0.333333 0.366667 0.400000 0.433333 0.466667 0.500000
0.533333 0.566667 0.600000 0.633333 0.666667 0.700000 0.733333</float_array>
        <technique_common>
          <accessor source="#mixamorig_Spine2-Matrix-animation-input-array" count="23">
            <param name="TIME" type="float"/>
          </accessor>
        </technique_common>
      </source>
      <source id="mixamorig_Spine2-Matrix-animation-output-transform">
        <float_array id="mixamorig_Spine2-Matrix-animation-output-transform-array" count="368">

0.998101 0.012525 0.060319 -0.000000 -0.005124 0.992600 -0.121325 14.178300 -0.061393 0.120786 0.990778 0.000000 0.000000 0.000000 0.000000 1.000000
0.999070 0.008304 0.042321 -0.000000 -0.003034 0.992392 -0.123081 14.178300 -0.043021 0.122838 0.991494 0.000000 0.000000 0.000000 0.000000 1.000000
0.999657 0.008130 0.024898 0.000000 -0.005048 0.992585 -0.121446 14.178300 -0.025701 0.121279 0.992286 0.000000 0.000000 0.000000 0.000000 1.000000
0.999841 0.009255 0.015224 0.000000 -0.007389 0.992942 -0.118373 14.178300 -0.016212 0.118242 0.992852 -0.000000 0.000000 0.000000 0.000000 1.000000
0.999910 0.010465 0.008406 -0.000000 -0.009434 0.993385 -0.114443 14.178300 -0.009548 0.114353 0.993394 0.000000 0.000000 0.000000 0.000000 1.000000
0.999958 0.009102 -0.000446 0.000000 -0.009096 0.994096 -0.108123 14.178300 -0.000541 0.108123 0.994137 0.000000 0.000000 0.000000 0.000000 1.000000
0.999954 0.004947 -0.008207 0.000000 -0.005767 0.994665 -0.102995 14.178300 0.007654 0.103037 0.994648 -0.000000 0.000000 0.000000 0.000000 1.000000
0.999901 0.002891 -0.013792 0.000000 -0.004260 0.994952 -0.100266 14.178300 0.013432 0.100315 0.994865 0.000000 0.000000 0.000000 0.000000 1.000000
0.999815 -0.000655 -0.019206 0.000000 -0.001230 0.995188 -0.097976 14.178300 0.019178 0.097981 0.995003 -0.000000 0.000000 0.000000 0.000000 1.000000
0.999720 -0.005041 -0.023128 -0.000000 0.002803 0.995398 -0.095786 14.178300 0.023504 0.095695 0.995133 0.000000 0.000000 0.000000 0.000000 1.000000
0.999808 -0.003962 -0.019181 0.000000 0.002150 0.995608 -0.093598 14.178300 0.019467 0.093538 0.995425 0.000000 0.000000 0.000000 0.000000 1.000000
0.999930 0.007962 -0.008738 0.000000 -0.008729 0.995757 -0.091610 14.178300 0.007972 0.091680 0.995757 0.000000 0.000000 0.000000 0.000000 1.000000
0.999691 0.023812 0.007164 -0.000000 -0.023030 0.995266 -0.094420 14.178300 -0.009378 0.094226 0.995507 -0.000000 0.000000 0.000000 0.000000 1.000000
0.999020 0.036623 0.024844 0.000000 -0.034089 0.994826 -0.095701 14.178300 -0.028220 0.094760 0.995100 -0.000000 0.000000 0.000000 0.000000 1.000000
0.998464 0.043433 0.034401 0.000000 -0.040114 0.994959 -0.091908 14.178300 -0.038219 0.090387 0.995173 0.000000 0.000000 0.000000 0.000000 1.000000
0.997484 0.048576 0.051631 -0.000000 -0.044037 0.995349 -0.085685 14.178300 -0.055553 0.083196 0.994984 0.000000 0.000000 0.000000 0.000000 1.000000
0.995666 0.050069 0.078377 0.000000 -0.043532 0.995598 -0.083003 14.178300 -0.082188 0.079231 0.993462 -0.000000 0.000000 0.000000 0.000000 1.000000
0.995420 0.044014 0.084861 0.000000 -0.036242 0.995187 -0.091051 14.178300 -0.088460 0.087559 0.992224 0.000000 0.000000 0.000000 0.000000 1.000000
0.995825 0.038894 0.082582 0.000000 -0.030249 0.994174 -0.103460 14.178300 -0.086125 0.100530 0.991199 -0.000000 0.000000 0.000000 0.000000 1.000000
0.996387 0.034556 0.077583 0.000000 -0.025665 0.993285 -0.112807 14.178300 -0.080960 0.110408 0.990583 0.000000 0.000000 0.000000 0.000000 1.000000
0.996894 0.027886 0.073654 0.000000 -0.019148 0.992974 -0.116775 14.178300 -0.076392 0.115002 0.990423 0.000000 0.000000 0.000000 0.000000 1.000000
0.997380 0.020185 0.069468 0.000000 -0.011807 0.992828 -0.118970 14.178300 -0.071371 0.117838 0.990465 0.000000 0.000000 0.000000 0.000000 1.000000
0.998101 0.012525 0.060320 -0.000000 -0.005124 0.992600 -0.121325 14.178300 -0.061393 0.120785 0.990778 0.000000 0.000000 0.000000 0.000000 1.000000</float_array>
        <technique_common>
          <accessor source="#mixamorig_Spine2-Matrix-animation-output-transform-array" count="23" stride="16">
            <param type="float4x4"/>
          </accessor>
        </technique_common>
      </source>
      <source id="mixamorig_Spine2-Interpolations">
        <Name_array id="mixamorig_Spine2-Interpolations-array" count="23">
 LINEAR LINEAR LINEAR LINEAR LINEAR LINEAR LINEAR LINEAR LINEAR LINEAR LINEAR
LINEAR LINEAR LINEAR LINEAR LINEAR LINEAR LINEAR LINEAR LINEAR LINEAR LINEAR LINEAR</Name_array>
        <technique_common>
          <accessor source="#mixamorig_Spine2-Interpolations-array" count="23">
            <param type="name"/>
          </accessor>
        </technique_common>
      </source>
      <sampler id="mixamorig_Spine2-Matrix-animation-transform">
        <input semantic="INPUT" source="#mixamorig_Spine2-Matrix-animation-input"/>
        <input semantic="OUTPUT" source="#mixamorig_Spine2-Matrix-animation-output-transform"/>
        <input semantic="INTERPOLATION" source="#mixamorig_Spine2-Interpolations"/>
      </sampler>
      <channel source="#mixamorig_Spine2-Matrix-animation-transform" target="mixamorig_Spine2/matrix"/>
    </animation>
    <animation id="mixamorig_Neck-anim" name="mixamorig_Neck">
      <source id="mixamorig_Neck-Matrix-animation-input">
        <float_array id="mixamorig_Neck-Matrix-animation-input-array" count="23">

0.000000 0.033333 0.066667 0.100000 0.133333 0.166667 0.200000 0.233333 0.266667 0.300000 0.333333 0.366667 0.400000 0.433333 0.466667 0.500000
0.533333 0.566667 0.600000 0.633333 0.666667 0.700000 0.733333</float_array>
        <technique_common>
          <accessor source="#mixamorig_Neck-Matrix-animation-input-array" count="23">
            <param name="TIME" type="float"/>
          </accessor>
        </technique_common>
      </source>
      <source id="mixamorig_Neck-Matrix-animation-output-transform">
        <float_array id="mixamorig_Neck-Matrix-animation-output-transform-array" count="368">

0.999132 0.005413 -0.041301 0.024400 -0.005391 0.999985 0.000652 15.862300 0.041304 -0.000429 0.999147 -1.675800 0.000000 0.000000 0.000000 1.000000
0.999027 -0.000468 -0.044092 0.024400 0.000055 0.999956 -0.009368 15.862300 0.044094 0.009356 0.998984 -1.675800 0.000000 0.000000 0.000000 1.000000
0.998857 -0.007453 -0.047211 0.024400 0.006612 0.999817 -0.017949 15.862300 0.047336 0.017616 0.998724 -1.675800 0.000000 0.000000 0.000000 1.000000
0.998631 -0.013467 -0.050551 0.024400 0.012027 0.999516 -0.028689 15.862300 0.050913 0.028041 0.998309 -1.675800 0.000000 0.000000 0.000000 1.000000
0.998404 -0.019327 -0.053072 0.024400 0.017357 0.999152 -0.037330 15.862300 0.053748 0.036349 0.997893 -1.675800 0.000000 0.000000 0.000000 1.000000
0.998142 -0.026191 -0.055010 0.024400 0.024227 0.999056 -0.036067 15.862300 0.055903 0.034667 0.997834 -1.675800 0.000000 0.000000 0.000000 1.000000
0.997850 -0.032391 -0.056973 0.024400 0.030768 0.999101 -0.029150 15.862300 0.057866 0.027334 0.997950 -1.675800 0.000000 0.000000 0.000000 1.000000
0.997557 -0.036576 -0.059513 0.024400 0.035369 0.999149 -0.021218 15.862300 0.060238 0.019062 0.998002 -1.675800 0.000000 0.000000 0.000000 1.000000
0.997363 -0.036544 -0.062704 0.024400 0.035581 0.999232 -0.016398 15.862300 0.063255 0.014124 0.997897 -1.675800 0.000000 0.000000 0.000000 1.000000
0.997079 -0.038726 -0.065824 0.024400 0.037996 0.999202 -0.012310 15.862300 0.066248 0.009773 0.997755 -1.675800 0.000000 0.000000 0.000000 1.000000
0.996723 -0.041785 -0.069261 0.024400 0.041341 0.999114 -0.007827 15.862300 0.069527 0.004938 0.997568 -1.675800 0.000000 0.000000 0.000000 1.000000
0.996304 -0.044173 -0.073667 0.024400 0.044019 0.999024 -0.003716 15.862300 0.073760 0.000459 0.997276 -1.675800 0.000000 0.000000 0.000000 1.000000
0.995827 -0.045646 -0.079026 0.024400 0.045729 0.998954 -0.000767 15.862300 0.078978 -0.002850 0.996872 -1.675800 0.000000 0.000000 0.000000 1.000000
0.995451 -0.044704 -0.084139 0.024400 0.044661 0.998999 -0.002395 15.862300 0.084162 -0.001374 0.996451 -1.675800 0.000000 0.000000 0.000000 1.000000
0.995178 -0.042756 -0.088275 0.024400 0.042082 0.999069 -0.009488 15.862300 0.088598 0.005728 0.996051 -1.675800 0.000000 0.000000 0.000000 1.000000
0.995101 -0.039496 -0.090636 0.024400 0.037803 0.999078 -0.020328 15.862300 0.091355 0.016802 0.995677 -1.675800 0.000000 0.000000 0.000000 1.000000
0.995325 -0.035054 -0.090000 0.024400 0.032473 0.999023 -0.029977 15.862300 0.090963 0.026915 0.995490 -1.675800 0.000000 0.000000 0.000000 1.000000
0.995911 -0.029099 -0.085526 0.024400 0.026389 0.999118 -0.032651 15.862300 0.086400 0.030261 0.995801 -1.675800 0.000000 0.000000 0.000000 1.000000
0.996720 -0.022689 -0.077677 0.024400 0.020148 0.999241 -0.033336 15.862300 0.078374 0.031662 0.996421 -1.675800 0.000000 0.000000 0.000000 1.000000
0.997517 -0.017390 -0.068242 0.024400 0.015076 0.999299 -0.034281 15.862300 0.068790 0.033167 0.997080 -1.675800 0.000000 0.000000 0.000000 1.000000
0.998214 -0.010670 -0.058775 0.024400 0.009011 0.999555 -0.028420 15.862300 0.059052 0.027839 0.997867 -1.675800 0.000000 0.000000 0.000000 1.000000
0.998774 -0.002321 -0.049447 0.024400 0.001666 0.999910 -0.013280 15.862300 0.049474 0.013181 0.998688 -1.675800 0.000000 0.000000 0.000000 1.000000
0.999132 0.005413 -0.041302 0.024400 -0.005391 0.999985 0.000652 15.862300 0.041304 -0.000429 0.999147 -1.675800 0.000000 0.000000 0.000000 1.000000</float_array>
        <technique_common>
          <accessor source="#mixamorig_Neck-Matrix-animation-output-transform-array" count="23" stride="16">
            <param type="float4x4"/>
          </accessor>
        </technique_common>
      </source>
      <source id="mixamorig_Neck-Interpolations">
        <Name_array id="mixamorig_Neck-Interpolations-array" count="23">
 LINEAR LINEAR LINEAR LINEAR LINEAR LINEAR LINEAR LINEAR LINEAR LINEAR LINEAR
LINEAR LINEAR LINEAR LINEAR LINEAR LINEAR LINEAR LINEAR LINEAR LINEAR LINEAR LINEAR</Name_array>
        <technique_common>
          <accessor source="#mixamorig_Neck-Interpolations-array" count="23">
            <param type="name"/>
          </accessor>
        </technique_common>
      </source>
      <sampler id="mixamorig_Neck-Matrix-animation-transform">
        <input semantic="INPUT" source="#mixamorig_Neck-Matrix-animation-input"/>
        <input semantic="OUTPUT" source="#mixamorig_Neck-Matrix-animation-output-transform"/>
        <input semantic="INTERPOLATION" source="#mixamorig_Neck-Interpolations"/>
      </sampler>
      <channel source="#mixamorig_Neck-Matrix-animation-transform" target="mixamorig_Neck/matrix"/>
    </animation>
    <animation id="mixamorig_Head-anim" name="mixamorig_Head">
      <source id="mixamorig_Head-Matrix-animation-input">
        <float_array id="mixamorig_Head-Matrix-animation-input-array" count="23">

0.000000 0.033333 0.066667 0.100000 0.133333 0.166667 0.200000 0.233333 0.266667 0.300000 0.333333 0.366667 0.400000 0.433333 0.466667 0.500000
0.533333 0.566667 0.600000 0.633333 0.666667 0.700000 0.733333</float_array>
        <technique_common>
          <accessor source="#mixamorig_Head-Matrix-animation-input-array" count="23">
            <param name="TIME" type="float"/>
          </accessor>
        </technique_common>
      </source>
      <source id="mixamorig_Head-Matrix-animation-output-transform">
        <float_array id="mixamorig_Head-Matrix-animation-output-transform-array" count="368">

0.968904 0.064210 -0.238961 -0.000000 -0.005901 0.971464 0.237112 5.564000 0.247367 -0.228329 0.941634 0.988100 0.000000 0.000000 0.000000 1.000000
0.971083 0.059085 -0.231316 0.000000 -0.003901 0.972689 0.232079 5.564000 0.238711 -0.224466 0.944792 0.988100 0.000000 0.000000 0.000000 1.000000
0.974175 0.043134 -0.221638 0.000000 0.005001 0.977221 0.212164 5.564000 0.225741 -0.207794 0.951768 0.988100 0.000000 0.000000 0.000000 1.000000
0.977139 0.024344 -0.211201 0.000000 0.015466 0.982650 0.184824 5.564000 0.212036 -0.183865 0.959810 0.988100 0.000000 0.000000 0.000000 1.000000
0.982598 0.005554 -0.185662 -0.000000 0.024216 0.987191 0.157695 5.564000 0.184159 -0.159447 0.969877 0.988100 0.000000 0.000000 0.000000 1.000000
0.988894 -0.013701 -0.147987 -0.000000 0.034043 0.990149 0.135817 5.564000 0.144668 -0.139346 0.979619 0.988100 0.000000 0.000000 0.000000 1.000000
0.993486 -0.028526 -0.110323 0.000000 0.042330 0.991268 0.124882 5.564000 0.105798 -0.128738 0.986019 0.988100 0.000000 0.000000 0.000000 1.000000
0.995730 -0.038257 -0.084011 0.000000 0.049034 0.990274 0.130207 5.564000 0.078213 -0.133771 0.987921 0.988100 0.000000 0.000000 0.000000 1.000000
0.996063 -0.038596 -0.079811 -0.000000 0.050111 0.987757 0.147735 5.564000 0.073132 -0.151153 0.985802 0.988100 0.000000 0.000000 0.000000 1.000000
0.995980 -0.030367 -0.084268 0.000000 0.044064 0.985178 0.165781 5.564000 0.077985 -0.168827 0.982556 0.988100 0.000000 0.000000 0.000000 1.000000
0.994331 -0.023528 -0.103690 0.000000 0.042719 0.981438 0.186959 5.564000 0.097367 -0.190328 0.976880 0.988100 0.000000 0.000000 0.000000 1.000000
0.990290 -0.019759 -0.137608 -0.000000 0.049803 0.974572 0.218471 5.564000 0.129793 -0.223202 0.966092 0.988100 0.000000 0.000000 0.000000 1.000000
0.985286 -0.013074 -0.170414 0.000000 0.055294 0.967832 0.245445 5.564000 0.161723 -0.251256 0.954314 0.988100 0.000000 0.000000 0.000000 1.000000
0.982360 -0.021284 -0.185784 -0.000000 0.064231 0.971461 0.228337 5.564000 0.175622 -0.236243 0.955692 0.988100 0.000000 0.000000 0.000000 1.000000
0.980869 -0.049513 -0.188270 0.000000 0.083416 0.980729 0.176669 5.564000 0.175894 -0.188994 0.966097 0.988100 0.000000 0.000000 0.000000 1.000000
0.979431 -0.070329 -0.189124 -0.000000 0.096511 0.986407 0.132996 5.564000 0.177200 -0.148513 0.972905 0.988100 0.000000 0.000000 0.000000 1.000000
0.979040 -0.071459 -0.190718 0.000000 0.092412 0.990345 0.103326 5.564000 0.181493 -0.118785 0.976192 0.988100 0.000000 0.000000 0.000000 1.000000
0.979065 -0.059915 -0.194529 -0.000000 0.079299 0.992462 0.093437 5.564000 0.187465 -0.106907 0.976436 0.988100 0.000000 0.000000 0.000000 1.000000
0.979967 -0.045435 -0.193909 -0.000000 0.064662 0.993469 0.094008 5.564000 0.188371 -0.104663 0.976505 0.988100 0.000000 0.000000 0.000000 1.000000
0.980589 -0.027941 -0.194076 0.000000 0.047166 0.994345 0.095153 5.564000 0.190319 -0.102459 0.976361 0.988100 0.000000 0.000000 0.000000 1.000000
0.977729 -0.003069 -0.209848 0.000000 0.026547 0.993670 0.109153 5.564000 0.208184 -0.112293 0.971622 0.988100 0.000000 0.000000 0.000000 1.000000
0.973416 0.030818 -0.226960 -0.000000 0.006091 0.987073 0.160156 5.564000 0.228962 -0.157281 0.960645 0.988100 0.000000 0.000000 0.000000 1.000000
0.968904 0.064210 -0.238961 0.000000 -0.005901 0.971464 0.237112 5.564000 0.247367 -0.228329 0.941634 0.988100 0.000000 0.000000 0.000000 1.000000</float_array>
        <technique_common>
          <accessor source="#mixamorig_Head-Matrix-animation-output-transform-array" count="23" stride="16">
            <param type="float4x4"/>
          </accessor>
        </technique_common>
      </source>
      <source id="mixamorig_Head-Interpolations">
        <Name_array id="mixamorig_Head-Interpolations-array" count="23">
 LINEAR LINEAR LINEAR LINEAR LINEAR LINEAR LINEAR LINEAR LINEAR LINEAR LINEAR
LINEAR LINEAR LINEAR LINEAR LINEAR LINEAR LINEAR LINEAR LINEAR LINEAR LINEAR LINEAR</Name_array>
        <technique_common>
          <accessor source="#mixamorig_Head-Interpolations-array" count="23">
            <param type="name"/>
          </accessor>
        </technique_common>
      </source>
      <sampler id="mixamorig_Head-Matrix-animation-transform">
        <input semantic="INPUT" source="#mixamorig_Head-Matrix-animation-input"/>
        <input semantic="OUTPUT" source="#mixamorig_Head-Matrix-animation-output-transform"/>
        <input semantic="INTERPOLATION" source="#mixamorig_Head-Interpolations"/>
      </sampler>
      <channel source="#mixamorig_Head-Matrix-animation-transform" target="mixamorig_Head/matrix"/>
    </animation>
    <animation id="mixamorig_LeftShoulder-anim" name="mixamorig_LeftShoulder">
      <source id="mixamorig_LeftShoulder-Matrix-animation-input">
        <float_array id="mixamorig_LeftShoulder-Matrix-animation-input-array" count="23">

0.000000 0.033333 0.066667 0.100000 0.133333 0.166667 0.200000 0.233333 0.266667 0.300000 0.333333 0.366667 0.400000 0.433333 0.466667 0.500000
0.533333 0.566667 0.600000 0.633333 0.666667 0.700000 0.733333</float_array>
        <technique_common>
          <accessor source="#mixamorig_LeftShoulder-Matrix-animation-input-array" count="23">
            <param name="TIME" type="float"/>
          </accessor>
        </technique_common>
      </source>
      <source id="mixamorig_LeftShoulder-Matrix-animation-output-transform">
        <float_array id="mixamorig_LeftShoulder-Matrix-animation-output-transform-array" count="368">

-0.172683 0.962697 -0.208314 5.935000 0.093383 -0.194538 -0.976440 13.670200 -0.980541 -0.188068 -0.056306 -1.662600 0.000000 0.000000 0.000000 1.000000
-0.138456 0.962958 -0.231393 5.935000 0.094419 -0.219744 -0.970978 13.670200 -0.985858 -0.156285 -0.060497 -1.662600 0.000000 0.000000 0.000000 1.000000
-0.117475 0.962613 -0.244081 5.935000 0.094155 -0.233880 -0.967696 13.670200 -0.988602 -0.136661 -0.063160 -1.662600 0.000000 0.000000 0.000000 1.000000
-0.095386 0.964512 -0.246209 5.935000 0.092102 -0.237724 -0.966956 13.670200 -0.991170 -0.114911 -0.066158 -1.662600 0.000000 0.000000 0.000000 1.000000
-0.075975 0.967061 -0.242942 5.935000 0.089479 -0.236051 -0.967612 13.670200 -0.993087 -0.095252 -0.068597 -1.662600 0.000000 0.000000 0.000000 1.000000
-0.063919 0.970402 -0.232882 5.935000 0.086583 -0.227087 -0.970018 13.670200 -0.994192 -0.082166 -0.069506 -1.662600 0.000000 0.000000 0.000000 1.000000
-0.057300 0.975172 -0.213908 5.935000 0.084187 -0.208777 -0.974333 13.670200 -0.994801 -0.073838 -0.070134 -1.662600 0.000000 0.000000 0.000000 1.000000
-0.057094 0.981540 -0.182536 5.935000 0.084345 -0.177438 -0.980511 13.670200 -0.994800 -0.071377 -0.072657 -1.662600 0.000000 0.000000 0.000000 1.000000
-0.058095 0.987806 -0.144447 5.935000 0.086309 -0.139180 -0.986499 13.670200 -0.994573 -0.069778 -0.077171 -1.662600 0.000000 0.000000 0.000000 1.000000
-0.063155 0.992749 -0.102276 5.935000 0.089891 -0.096406 -0.991275 13.670200 -0.993947 -0.071798 -0.083151 -1.662600 0.000000 0.000000 0.000000 1.000000
-0.072609 0.994819 -0.071161 5.935000 0.093992 -0.064206 -0.993500 13.670200 -0.992922 -0.078826 -0.088843 -1.662600 0.000000 0.000000 0.000000 1.000000
-0.079677 0.994775 -0.063827 5.935000 0.097417 -0.055953 -0.993670 13.670200 -0.992049 -0.085391 -0.092450 -1.662600 0.000000 0.000000 0.000000 1.000000
-0.086697 0.993057 -0.079514 5.935000 0.100245 -0.070713 -0.992447 13.670200 -0.991178 -0.094013 -0.093418 -1.662600 0.000000 0.000000 0.000000 1.000000
-0.115688 0.988732 -0.095002 5.935000 0.102852 -0.083206 -0.991210 13.670200 -0.987946 -0.124442 -0.092067 -1.662600 0.000000 0.000000 0.000000 1.000000
-0.166567 0.981064 -0.098833 5.935000 0.104412 -0.082120 -0.991138 13.670200 -0.980486 -0.175411 -0.088756 -1.662600 0.000000 0.000000 0.000000 1.000000
-0.218336 0.971793 -0.089155 5.935000 0.102255 -0.068074 -0.992426 13.670200 -0.970502 -0.225799 -0.084507 -1.662600 0.000000 0.000000 0.000000 1.000000
-0.258274 0.962644 -0.081306 5.935000 0.097426 -0.057778 -0.993564 13.670200 -0.961147 -0.264533 -0.078864 -1.662600 0.000000 0.000000 0.000000 1.000000
-0.271826 0.958157 -0.089692 5.935000 0.093673 -0.066415 -0.993385 13.670200 -0.957777 -0.278430 -0.071700 -1.662600 0.000000 0.000000 0.000000 1.000000
-0.262096 0.959977 -0.098739 5.935000 0.089562 -0.077678 -0.992947 13.670200 -0.960877 -0.269091 -0.065619 -1.662600 0.000000 0.000000 0.000000 1.000000
-0.240391 0.964349 -0.110648 5.935000 0.087200 -0.092075 -0.991927 13.670200 -0.966751 -0.248099 -0.061957 -1.662600 0.000000 0.000000 0.000000 1.000000
-0.216424 0.966817 -0.135744 5.935000 0.088336 -0.119077 -0.988948 13.670200 -0.972295 -0.226023 -0.059634 -1.662600 0.000000 0.000000 0.000000 1.000000
-0.195794 0.966166 -0.167895 5.935000 0.090798 -0.152612 -0.984106 13.670200 -0.976433 -0.207927 -0.057845 -1.662600 0.000000 0.000000 0.000000 1.000000
-0.172683 0.962697 -0.208315 5.935000 0.093385 -0.194538 -0.976440 13.670200 -0.980541 -0.188068 -0.056308 -1.662600 0.000000 0.000000 0.000000 1.000000</float_array>
        <technique_common>
          <accessor source="#mixamorig_LeftShoulder-Matrix-animation-output-transform-array" count="23" stride="16">
            <param type="float4x4"/>
          </accessor>
        </technique_common>
      </source>
      <source id="mixamorig_LeftShoulder-Interpolations">
        <Name_array id="mixamorig_LeftShoulder-Interpolations-array" count="23">
 LINEAR LINEAR LINEAR LINEAR LINEAR LINEAR LINEAR LINEAR LINEAR LINEAR LINEAR
LINEAR LINEAR LINEAR LINEAR LINEAR LINEAR LINEAR LINEAR LINEAR LINEAR LINEAR LINEAR</Name_array>
        <technique_common>
          <accessor source="#mixamorig_LeftShoulder-Interpolations-array" count="23">
            <param type="name"/>
          </accessor>
        </technique_common>
      </source>
      <sampler id="mixamorig_LeftShoulder-Matrix-animation-transform">
        <input semantic="INPUT" source="#mixamorig_LeftShoulder-Matrix-animation-input"/>
        <input semantic="OUTPUT" source="#mixamorig_LeftShoulder-Matrix-animation-output-transform"/>
        <input semantic="INTERPOLATION" source="#mixamorig_LeftShoulder-Interpolations"/>
      </sampler>
      <channel source="#mixamorig_LeftShoulder-Matrix-animation-transform" target="mixamorig_LeftShoulder/matrix"/>
    </animation>
    <animation id="mixamorig_LeftArm-anim" name="mixamorig_LeftArm">
      <source id="mixamorig_LeftArm-Matrix-animation-input">
        <float_array id="mixamorig_LeftArm-Matrix-animation-input-array" count="23">

0.000000 0.033333 0.066667 0.100000 0.133333 0.166667 0.200000 0.233333 0.266667 0.300000 0.333333 0.366667 0.400000 0.433333 0.466667 0.500000
0.533333 0.566667 0.600000 0.633333 0.666667 0.700000 0.733333</float_array>
        <technique_common>
          <accessor source="#mixamorig_LeftArm-Matrix-animation-input-array" count="23">
            <param name="TIME" type="float"/>
          </accessor>
        </technique_common>
      </source>
      <source id="mixamorig_LeftArm-Matrix-animation-output-transform">
        <float_array id="mixamorig_LeftArm-Matrix-animation-output-transform-array" count="368">

0.878980 -0.084714 0.469273 0.000000 0.396808 0.675698 -0.621270 12.607900 -0.264456 0.732295 0.627540 0.000000 0.000000 0.000000 0.000000 1.000000
