<?xml version="1.0" encoding="utf-8"?>
<COLLADA xmlns="http://www.collada.org/2005/11/COLLADASchema" version="1.4.1">
  <asset>
    <contributor>
      <author>Mixamo</author>
      <authoring_tool>COLLADA Mixamo exporter</authoring_tool>
      <comments/>
    </contributor>
    <created>2023-08-01T11:13:45Z</created>
    <modified>2023-08-01T11:13:45Z</modified>
    <revision/>
    <title/>
    <unit meter="0.010000"/>
    <up_axis>Y_UP</up_axis>
  </asset>
  <library_animations>
    <animation id="mixamorig_Hips-anim" name="mixamorig_Hips">
      <source id="mixamorig_Hips-Matrix-animation-input">
        <float_array id="mixamorig_Hips-Matrix-animation-input-array" count="57">

0.000000 0.033333 0.066667 0.100000 0.133333 0.166667 0.200000 0.233333 0.266667 0.300000 0.333333 0.366667 0.400000 0.433333 0.466667 0.500000
0.533333 0.566667 0.600000 0.633333 0.666667 0.700000 0.733333 0.766667 0.800000 0.833333 0.866667 0.900000 0.933333 0.966667 1.000000 1.033333
1.066667 1.100000 1.133333 1.166667 1.200000 1.233333 1.266667 1.300000 1.333333 1.366667 1.400000 1.433333 1.466667 1.500000 1.533333 1.566667
1.600000 1.633333 1.666667 1.700000 1.733333 1.766667 1.800000 1.833333 1.866667</float_array>
        <technique_common>
          <accessor source="#mixamorig_Hips-Matrix-animation-input-array" count="57">
            <param name="TIME" type="float"/>
          </accessor>
        </technique_common>
      </source>
      <source id="mixamorig_Hips-Matrix-animation-output-transform">
        <float_array id="mixamorig_Hips-Matrix-animation-output-transform-array" count="912">

0.999625 0.027304 -0.002217 1.389705 -0.027289 0.999605 0.006695 92.936096 0.002399 -0.006632 0.999975 0.694736 0.000000 0.000000 0.000000 1.000000
0.999649 0.026101 -0.004546 1.380931 -0.026054 0.999608 0.010207 92.958199 0.004811 -0.010085 0.999938 0.612861 0.000000 0.000000 0.000000 1.000000
0.999619 0.027418 -0.003245 1.366252 -0.027368 0.999519 0.014606 92.973175 0.003644 -0.014512 0.999888 0.507510 0.000000 0.000000 0.000000 1.000000
0.999550 0.029990 0.000640 1.358087 -0.029996 0.999371 0.018916 93.002617 -0.000073 -0.018927 0.999821 0.340591 0.000000 0.000000 0.000000 1.000000
0.999499 0.031176 0.005400 1.375544 -0.031285 0.999284 0.021293 93.075104 -0.004733 -0.021451 0.999759 0.070146 0.000000 0.000000 0.000000 1.000000
0.999548 0.028173 0.010519 1.428099 -0.028385 0.999387 0.020502 93.176910 -0.009935 -0.020791 0.999734 -0.322398 0.000000 0.000000 0.000000 1.000000
0.999655 0.019988 0.017020 1.502048 -0.020278 0.999649 0.017068 93.194481 -0.016673 -0.017408 0.999709 -0.813192 0.000000 0.000000 0.000000 1.000000
0.999647 0.008325 0.025214 1.564266 -0.008632 0.999889 0.012105 92.897537 -0.025110 -0.012318 0.999609 -1.344692 0.000000 0.000000 0.000000 1.000000
0.999445 -0.003250 0.033143 1.582472 0.003076 0.999981 0.005286 92.078735 -0.033160 -0.005181 0.999437 -1.852928 0.000000 0.000000 0.000000 1.000000
0.999203 -0.011648 0.038189 1.538241 0.011847 0.999917 -0.004983 90.625626 -0.038128 0.005431 0.999258 -2.291983 0.000000 0.000000 0.000000 1.000000
0.999072 -0.014962 0.040390 1.431607 0.015741 0.999695 -0.019055 88.554176 -0.040093 0.019673 0.999002 -2.620833 0.000000 0.000000 0.000000 1.000000
0.998992 -0.012178 0.043194 1.275634 0.013677 0.999309 -0.034573 86.008247 -0.042743 0.035129 0.998468 -2.783667 0.000000 0.000000 0.000000 1.000000
0.998753 -0.003594 0.049805 1.089762 0.005981 0.998836 -0.047854 83.250328 -0.049575 0.048092 0.997612 -2.736300 0.000000 0.000000 0.000000 1.000000
0.998239 0.008024 0.058778 0.899483 -0.004747 0.998437 -0.055690 80.719360 -0.059133 0.055313 0.996716 -2.500097 0.000000 0.000000 0.000000 1.000000
0.997769 0.017620 0.064386 0.737086 -0.014051 0.998361 -0.055478 79.116928 -0.065258 0.054449 0.996382 -2.148166 0.000000 0.000000 0.000000 1.000000
0.997835 0.020734 0.062421 0.633607 -0.017876 0.998781 -0.046009 79.301605 -0.063298 0.044794 0.996989 -1.687370 0.000000 0.000000 0.000000 1.000000
0.998316 0.016836 0.055505 0.601587 -0.015166 0.999423 -0.030376 81.896202 -0.055985 0.029483 0.997996 -0.971100 0.000000 0.000000 0.000000 1.000000
0.998609 0.009885 0.051797 0.626688 -0.009064 0.999830 -0.016059 86.863152 -0.051947 0.015567 0.998529 0.182312 0.000000 0.000000 0.000000 1.000000
0.998320 0.005126 0.057709 0.676393 -0.004659 0.999955 -0.008227 93.384491 -0.057749 0.007944 0.998300 1.733076 0.000000 0.000000 0.000000 1.000000
0.997426 0.005097 0.071522 0.737678 -0.004985 0.999986 -0.001742 100.284050 -0.071529 0.001381 0.997438 3.360097 0.000000 0.000000 0.000000 1.000000
0.996445 0.007992 0.083866 0.832533 -0.009537 0.999792 0.018036 105.660126 -0.083704 -0.018772 0.996314 4.571146 0.000000 0.000000 0.000000 1.000000
0.996328 0.010740 0.084948 1.017552 -0.016106 0.997900 0.062739 109.194992 -0.084096 -0.063877 0.994408 5.050624 0.000000 0.000000 0.000000 1.000000
0.997431 0.009026 0.071063 1.274622 -0.018066 0.991659 0.127613 111.700424 -0.069319 -0.128569 0.989275 5.036103 0.000000 0.000000 0.000000 1.000000
0.998857 0.003448 0.047666 1.562096 -0.012568 0.981236 0.192400 113.195702 -0.046109 -0.192779 0.980158 4.798862 0.000000 0.000000 0.000000 1.000000
0.999703 -0.004132 0.024023 1.851826 -0.001670 0.971602 0.236614 114.061035 -0.024318 -0.236583 0.971307 4.585687 0.000000 0.000000 0.000000 1.000000
0.999930 -0.010263 0.005826 2.110150 0.008444 0.967082 0.254325 114.637436 -0.008245 -0.254258 0.967101 4.607662 0.000000 0.000000 0.000000 1.000000
0.999944 -0.009041 -0.005441 2.369027 0.010125 0.967251 0.253619 114.883553 0.002970 -0.253660 0.967289 4.839712 0.000000 0.000000 0.000000 1.000000
0.999923 0.003316 -0.011957 2.711840 -0.000308 0.969960 0.243263 114.723091 0.012405 -0.243241 0.969887 5.125654 0.000000 0.000000 0.000000 1.000000
0.999579 0.023119 -0.017516 2.993649 -0.018636 0.974655 0.222936 114.328888 0.022226 -0.222516 0.974676 5.506294 0.000000 0.000000 0.000000 1.000000
0.998976 0.038493 -0.023781 2.987350 -0.033334 0.981520 0.188434 113.449669 0.030595 -0.187448 0.981798 5.867710 0.000000 0.000000 0.000000 1.000000
0.998878 0.038359 -0.027774 2.734262 -0.033957 0.988916 0.144539 111.426239 0.033010 -0.143434 0.989109 5.988577 0.000000 0.000000 0.000000 1.000000
0.999404 0.024993 -0.023820 2.477099 -0.022240 0.993731 0.109559 107.937241 0.026409 -0.108964 0.993695 5.760489 0.000000 0.000000 0.000000 1.000000
0.999880 0.000720 -0.015501 2.191180 0.000882 0.994673 0.103074 102.862648 0.015493 -0.103075 0.994553 5.194224 0.000000 0.000000 0.000000 1.000000
0.999782 -0.016818 -0.012359 2.025623 0.018244 0.991842 0.126159 96.500206 0.010136 -0.126357 0.991933 4.340922 0.000000 0.000000 0.000000 1.000000
0.999507 -0.016429 -0.026753 1.966457 0.020457 0.987216 0.158067 90.345299 0.023815 -0.158537 0.987066 3.439906 0.000000 0.000000 0.000000 1.000000
0.997977 -0.007571 -0.063130 1.938009 0.018435 0.984692 0.173327 85.740425 0.060851 -0.174140 0.982839 2.699042 0.000000 0.000000 0.000000 1.000000
0.993937 0.002609 -0.109920 1.963170 0.015094 0.987017 0.159906 83.603531 0.108910 -0.160596 0.980993 2.252733 0.000000 0.000000 0.000000 1.000000
0.989048 0.011026 -0.147185 2.041741 0.007119 0.992482 0.122186 83.885437 0.147425 -0.121896 0.981533 2.079772 0.000000 0.000000 0.000000 1.000000
0.986728 0.017291 -0.161460 2.134137 -0.005647 0.997367 0.072297 85.901909 0.162285 -0.070426 0.984227 2.044096 0.000000 0.000000 0.000000 1.000000
0.987973 0.022459 -0.152989 2.188442 -0.019305 0.999570 0.022069 88.785690 0.153419 -0.018851 0.987981 2.018709 0.000000 0.000000 0.000000 1.000000
0.990855 0.028019 -0.131993 2.173356 -0.030781 0.999347 -0.018931 91.711075 0.131377 0.022821 0.991070 1.962691 0.000000 0.000000 0.000000 1.000000
0.993262 0.035312 -0.110378 2.094028 -0.040389 0.998210 -0.044105 94.022400 0.108623 0.048266 0.992911 1.906122 0.000000 0.000000 0.000000 1.000000
0.994339 0.045878 -0.095841 1.993560 -0.051051 0.997329 -0.052244 95.319489 0.093188 0.056841 0.994025 1.876647 0.000000 0.000000 0.000000 1.000000
0.994094 0.060058 -0.090385 1.930166 -0.064593 0.996751 -0.048110 95.540207 0.087202 0.053664 0.994744 1.856827 0.000000 0.000000 0.000000 1.000000
0.993083 0.074316 -0.090906 1.930882 -0.078122 0.996179 -0.039046 95.021172 0.087657 0.045878 0.995094 1.817049 0.000000 0.000000 0.000000 1.000000
0.992479 0.081485 -0.091358 1.961323 -0.084580 0.995949 -0.030520 94.243385 0.088501 0.038018 0.995350 1.753061 0.000000 0.000000 0.000000 1.000000
0.993139 0.078876 -0.086332 1.978173 -0.081227 0.996405 -0.024059 93.496094 0.084124 0.030906 0.995976 1.670757 0.000000 0.000000 0.000000 1.000000
0.994867 0.068523 -0.074456 1.955723 -0.070066 0.997374 -0.018314 92.993835 0.073005 0.023437 0.997056 1.580025 0.000000 0.000000 0.000000 1.000000
0.996657 0.056895 -0.058634 1.906310 -0.057679 0.998266 -0.011768 92.821251 0.057863 0.015110 0.998210 1.479676 0.000000 0.000000 0.000000 1.000000
0.997833 0.049859 -0.042946 1.853499 -0.050103 0.998733 -0.004626 92.925072 0.042661 0.006768 0.999067 1.367330 0.000000 0.000000 0.000000 1.000000
0.998364 0.049169 -0.029179 1.804421 -0.049149 0.998790 0.001415 93.152931 0.029213 0.000021 0.999573 1.250009 0.000000 0.000000 0.000000 1.000000
0.998501 0.052148 -0.016619 1.745222 -0.052078 0.998632 0.004618 93.330574 0.016837 -0.003745 0.999851 1.139036 0.000000 0.000000 0.000000 1.000000
0.998542 0.053746 -0.004945 1.660087 -0.053724 0.998545 0.004620 93.347260 0.005186 -0.004347 0.999977 1.039220 0.000000 0.000000 0.000000 1.000000
0.998739 0.050065 0.003711 1.554661 -0.050076 0.998741 0.003010 93.211090 -0.003556 -0.003192 0.999989 0.947111 0.000000 0.000000 0.000000 1.000000
0.999105 0.041791 0.006547 1.460507 -0.041807 0.999123 0.002221 93.038811 -0.006449 -0.002493 0.999976 0.858996 0.000000 0.000000 0.000000 1.000000
0.999453 0.032875 0.003575 1.404238 -0.032888 0.999453 0.003537 92.936012 -0.003457 -0.003653 0.999987 0.774411 0.000000 0.000000 0.000000 1.000000
0.999625 0.027307 -0.002217 1.389719 -0.027291 0.999605 0.006695 92.935974 0.002399 -0.006632 0.999975 0.694687 0.000000 0.000000 0.000000 1.000000</float_array>
        <technique_common>
          <accessor source="#mixamorig_Hips-Matrix-animation-output-transform-array" count="57" stride="16">
            <param type="float4x4"/>
          </accessor>
        </technique_common>
      </source>
      <source id="mixamorig_Hips-Interpolations">
        <Name_array id="mixamorig_Hips-Interpolations-array" count="57">
 LINEAR LINEAR LINEAR LINEAR LINEAR LINEAR LINEAR LINEAR LINEAR LINEAR LINEAR
LINEAR LINEAR LINEAR LINEAR LINEAR LINEAR LINEAR LINEAR LINEAR LINEAR LINEAR LINEAR
LINEAR LINEAR LINEAR LINEAR LINEAR LINEAR LINEAR LINEAR LINEAR LINEAR LINEAR LINEAR
LINEAR LINEAR LINEAR LINEAR LINEAR LINEAR LINEAR LINEAR LINEAR LINEAR LINEAR LINEAR
LINEAR LINEAR LINEAR LINEAR LINEAR LINEAR LINEAR LINEAR LINEAR LINEAR</Name_array>
        <technique_common>
          <accessor source="#mixamorig_Hips-Interpolations-array" count="57">
            <param type="name"/>
          </accessor>
        </technique_common>
      </source>
      <sampler id="mixamorig_Hips-Matrix-animation-transform">
        <input semantic="INPUT" source="#mixamorig_Hips-Matrix-animation-input"/>
        <input semantic="OUTPUT" source="#mixamorig_Hips-Matrix-animation-output-transform"/>
        <input semantic="INTERPOLATION" source="#mixamorig_Hips-Interpolations"/>
      </sampler>
      <channel source="#mixamorig_Hips-Matrix-animation-transform" target="mixamorig_Hips/matrix"/>
    </animation>
    <animation id="mixamorig_Spine-anim" name="mixamorig_Spine">
      <source id="mixamorig_Spine-Matrix-animation-input">
        <float_array id="mixamorig_Spine-Matrix-animation-input-array" count="57">

0.000000 0.033333 0.066667 0.100000 0.133333 0.166667 0.200000 0.233333 0.266667 0.300000 0.333333 0.366667 0.400000 0.433333 0.466667 0.500000
0.533333 0.566667 0.600000 0.633333 0.666667 0.700000 0.733333 0.766667 0.800000 0.833333 0.866667 0.900000 0.933333 0.966667 1.000000 1.033333
1.066667 1.100000 1.133333 1.166667 1.200000 1.233333 1.266667 1.300000 1.333333 1.366667 1.400000 1.433333 1.466667 1.500000 1.533333 1.566667
1.600000 1.633333 1.666667 1.700000 1.733333 1.766667 1.800000 1.833333 1.866667</float_array>
        <technique_common>
          <accessor source="#mixamorig_Spine-Matrix-animation-input-array" count="57">
            <param name="TIME" type="float"/>
          </accessor>
        </technique_common>
      </source>
      <source id="mixamorig_Spine-Matrix-animation-output-transform">
        <float_array id="mixamorig_Spine-Matrix-animation-output-transform-array" count="912">

0.999602 -0.019569 0.020314 0.017300 0.013550 0.964796 0.262650 10.574800 -0.024738 -0.262270 0.964677 -1.117200 0.000000 0.000000 0.000000 1.000000
0.999640 -0.020533 0.017267 0.017300 0.015485 0.967180 0.253620 10.574800 -0.021908 -0.253261 0.967150 -1.117200 0.000000 0.000000 0.000000 1.000000
0.999655 -0.022352 0.013787 0.017300 0.018488 0.971808 0.235046 10.574800 -0.018653 -0.234710 0.971886 -1.117200 0.000000 0.000000 0.000000 1.000000
0.999599 -0.026186 0.010734 0.017300 0.023398 0.978049 0.207059 10.574800 -0.015920 -0.206724 0.978270 -1.117200 0.000000 0.000000 0.000000 1.000000
0.999488 -0.030796 0.008728 0.017300 0.028824 0.984504 0.172977 10.574800 -0.013919 -0.172637 0.984887 -1.117200 0.000000 0.000000 0.000000 1.000000
0.999485 -0.031338 0.006870 0.017300 0.030120 0.990335 0.135383 10.574800 -0.011046 -0.135106 0.990770 -1.117200 0.000000 0.000000 0.000000 1.000000
0.999718 -0.023590 0.002882 0.017300 0.023222 0.995430 0.092631 10.574800 -0.005054 -0.092538 0.995696 -1.117200 0.000000 0.000000 0.000000 1.000000
0.999945 -0.009663 -0.004044 0.017300 0.009829 0.999013 0.043314 10.574800 0.003622 -0.043351 0.999053 -1.117200 0.000000 0.000000 0.000000 1.000000
0.999939 0.002873 -0.010682 0.017300 -0.002941 0.999975 -0.006353 10.574800 0.010664 0.006384 0.999923 -1.117200 0.000000 0.000000 0.000000 1.000000
0.999885 0.009216 -0.012062 0.017300 -0.009732 0.999008 -0.043460 10.574800 0.011649 0.043572 0.998982 -1.117200 0.000000 0.000000 0.000000 1.000000
0.999911 0.010983 -0.007601 0.017300 -0.011419 0.998131 -0.060036 10.574800 0.006928 0.060117 0.998167 -1.117200 0.000000 0.000000 0.000000 1.000000
0.999942 0.010392 -0.002969 0.017300 -0.010553 0.998104 -0.060645 10.574800 0.002333 0.060673 0.998155 -1.117200 0.000000 0.000000 0.000000 1.000000
0.999980 0.004990 -0.003967 0.017300 -0.005196 0.998535 -0.053861 10.574800 0.003693 0.053880 0.998541 -1.117200 0.000000 0.000000 0.000000 1.000000
0.999926 -0.007161 -0.009853 0.017300 0.006747 0.999118 -0.041455 10.574800 0.010141 0.041386 0.999092 -1.117200 0.000000 0.000000 0.000000 1.000000
0.999699 -0.019696 -0.014620 0.017300 0.019313 0.999479 -0.025870 10.574800 0.015122 0.025580 0.999558 -1.117200 0.000000 0.000000 0.000000 1.000000
0.999670 -0.021574 -0.013954 0.017300 0.021278 0.999551 -0.021081 10.574800 0.014403 0.020777 0.999680 -1.117200 0.000000 0.000000 0.000000 1.000000
0.999921 -0.008383 -0.009419 0.017300 0.008063 0.999407 -0.033481 10.574800 0.009694 0.033403 0.999395 -1.117200 0.000000 0.000000 0.000000 1.000000
0.999887 0.013353 -0.006949 0.017300 -0.013575 0.999361 -0.033050 10.574800 0.006503 0.033141 0.999430 -1.117200 0.000000 0.000000 0.000000 1.000000
0.999389 0.032745 -0.012208 0.017300 -0.032471 0.999230 0.022041 10.574800 0.012920 -0.021631 0.999683 -1.117200 0.000000 0.000000 0.000000 1.000000
0.998770 0.042517 -0.025514 0.017300 -0.039113 0.991803 0.121647 10.574800 0.030477 -0.120499 0.992246 -1.117200 0.000000 0.000000 0.000000 1.000000
0.998408 0.040357 -0.039393 0.017300 -0.031736 0.979467 0.199092 10.574800 0.046619 -0.197525 0.979189 -1.117200 0.000000 0.000000 0.000000 1.000000
0.998701 0.025606 -0.044057 0.017300 -0.016155 0.979079 0.202840 10.574800 0.048329 -0.201864 0.978220 -1.117200 0.000000 0.000000 0.000000 1.000000
0.999349 0.004700 -0.035766 0.017300 0.000597 0.989188 0.146652 10.574800 0.036069 -0.146577 0.988541 -1.117200 0.000000 0.000000 0.000000 1.000000
0.999675 -0.012538 -0.022200 0.017300 0.014486 0.995844 0.089911 10.574800 0.020981 -0.090204 0.995702 -1.117200 0.000000 0.000000 0.000000 1.000000
0.999760 -0.017527 -0.013157 0.017300 0.018468 0.996999 0.075177 10.574800 0.011800 -0.075402 0.997083 -1.117200 0.000000 0.000000 0.000000 1.000000
0.999866 -0.011807 -0.011306 0.017300 0.012839 0.995302 0.095962 10.574800 0.010119 -0.096094 0.995321 -1.117200 0.000000 0.000000 0.000000 1.000000
0.999838 -0.008461 -0.015910 0.017300 0.010335 0.992512 0.121706 10.574800 0.014761 -0.121850 0.992439 -1.117200 0.000000 0.000000 0.000000 1.000000
0.999479 -0.017921 -0.026859 0.017300 0.021399 0.990563 0.135380 10.574800 0.024180 -0.135884 0.990430 -1.117200 0.000000 0.000000 0.000000 1.000000
0.998459 -0.035249 -0.042864 0.017300 0.041336 0.987727 0.150623 10.574800 0.037029 -0.152162 0.987662 -1.117200 0.000000 0.000000 0.000000 1.000000
0.997227 -0.044416 -0.059710 0.017300 0.055327 0.979099 0.195714 10.574800 0.049769 -0.198474 0.978842 -1.117200 0.000000 0.000000 0.000000 1.000000
0.996772 -0.035344 -0.072087 0.017300 0.053627 0.961312 0.270193 10.574800 0.059748 -0.273186 0.960104 -1.117200 0.000000 0.000000 0.000000 1.000000
0.996718 -0.016169 -0.079318 0.017300 0.041250 0.944536 0.325807 10.574800 0.069651 -0.328010 0.942103 -1.117200 0.000000 0.000000 0.000000 1.000000
0.996813 0.005701 -0.079565 0.017300 0.019310 0.950529 0.310036 10.574800 0.077397 -0.310584 0.947390 -1.117200 0.000000 0.000000 0.000000 1.000000
0.996692 0.016508 -0.079575 0.017300 0.001239 0.975952 0.217983 10.574800 0.081260 -0.217361 0.972703 -1.117200 0.000000 0.000000 0.000000 1.000000
0.996817 0.013416 -0.078591 0.017300 -0.005219 0.994606 0.103595 10.574800 0.079557 -0.102855 0.991510 -1.117200 0.000000 0.000000 0.000000 1.000000
0.997544 0.009723 -0.069370 0.017300 -0.007440 0.999425 0.033088 10.574800 0.069652 -0.032490 0.997042 -1.117200 0.000000 0.000000 0.000000 1.000000
0.998475 0.006600 -0.054816 0.017300 -0.005158 0.999638 0.026410 10.574800 0.054970 -0.026087 0.998147 -1.117200 0.000000 0.000000 0.000000 1.000000
0.999007 -0.001232 -0.044534 0.017300 0.003891 0.998210 0.059684 10.574800 0.044381 -0.059798 0.997223 -1.117200 0.000000 0.000000 0.000000 1.000000
0.998970 -0.011672 -0.043860 0.017300 0.016199 0.994411 0.104327 10.574800 0.042397 -0.104930 0.993575 -1.117200 0.000000 0.000000 0.000000 1.000000
0.998680 -0.016509 -0.048645 0.017300 0.023472 0.988970 0.146247 10.574800 0.045695 -0.147196 0.988051 -1.117200 0.000000 0.000000 0.000000 1.000000
0.998590 -0.013593 -0.051306 0.017300 0.022541 0.983755 0.178096 10.574800 0.048051 -0.179001 0.982675 -1.117200 0.000000 0.000000 0.000000 1.000000
0.998788 -0.010024 -0.048189 0.017300 0.019184 0.980896 0.193586 10.574800 0.045328 -0.194276 0.979899 -1.117200 0.000000 0.000000 0.000000 1.000000
0.999093 -0.014971 -0.039853 0.017300 0.022373 0.981073 0.192340 10.574800 0.036219 -0.193057 0.980519 -1.117200 0.000000 0.000000 0.000000 1.000000
0.999128 -0.031373 -0.027562 0.017300 0.035885 0.982571 0.182393 10.574800 0.021359 -0.183223 0.982839 -1.117200 0.000000 0.000000 0.000000 1.000000
0.998608 -0.051225 -0.012572 0.017300 0.052637 0.983110 0.175281 10.574800 0.003381 -0.175699 0.984438 -1.117200 0.000000 0.000000 0.000000 1.000000
0.998297 -0.058263 0.002922 0.017300 0.056808 0.982308 0.178448 10.574800 -0.013268 -0.177978 0.983945 -1.117200 0.000000 0.000000 0.000000 1.000000
0.998903 -0.044137 0.015652 0.017300 0.040356 0.980867 0.190449 10.574800 -0.023758 -0.189608 0.981572 -1.117200 0.000000 0.000000 0.000000 1.000000
0.999597 -0.016028 0.023434 0.017300 0.010936 0.979082 0.203170 10.574800 -0.026201 -0.202832 0.978863 -1.117200 0.000000 0.000000 0.000000 1.000000
0.999634 0.007750 0.025930 0.017300 -0.013022 0.977659 0.209793 10.574800 -0.023725 -0.210054 0.977402 -1.117200 0.000000 0.000000 0.000000 1.000000
0.999590 0.014142 0.024906 0.017300 -0.019071 0.977428 0.210407 10.574800 -0.021368 -0.210796 0.977297 -1.117200 0.000000 0.000000 0.000000 1.000000
0.999735 0.003293 0.022798 0.017300 -0.008021 0.977555 0.210528 10.574800 -0.021593 -0.210655 0.977322 -1.117200 0.000000 0.000000 0.000000 1.000000
0.999657 -0.015798 0.020871 0.017300 0.010919 0.976324 0.216038 10.574800 -0.023790 -0.215736 0.976162 -1.117200 0.000000 0.000000 0.000000 1.000000
0.999304 -0.031781 0.019513 0.017300 0.026478 0.973095 0.228879 10.574800 -0.026262 -0.228204 0.973259 -1.117200 0.000000 0.000000 0.000000 1.000000
0.999148 -0.036438 0.019395 0.017300 0.030570 0.968920 0.245477 10.574800 -0.027737 -0.244674 0.969209 -1.117200 0.000000 0.000000 0.000000 1.000000
0.999323 -0.030520 0.020532 0.017300 0.024166 0.965566 0.259035 10.574800 -0.027731 -0.258363 0.965650 -1.117200 0.000000 0.000000 0.000000 1.000000
0.999523 -0.022225 0.021456 0.017300 0.015753 0.964155 0.264871 10.574800 -0.026574 -0.264407 0.964045 -1.117200 0.000000 0.000000 0.000000 1.000000
0.999602 -0.019572 0.020312 0.017300 0.013553 0.964796 0.262650 10.574800 -0.024738 -0.262270 0.964677 -1.117200 0.000000 0.000000 0.000000 1.000000</float_array>
        <technique_common>
          <accessor source="#mixamorig_Spine-Matrix-animation-output-transform-array" count="57" stride="16">
            <param type="float4x4"/>
          </accessor>
        </technique_common>
      </source>
      <source id="mixamorig_Spine-Interpolations">
        <Name_array id="mixamorig_Spine-Interpolations-array" count="57">
 LINEAR LINEAR LINEAR LINEAR LINEAR LINEAR LINEAR LINEAR LINEAR LINEAR LINEAR
LINEAR LINEAR LINEAR LINEAR LINEAR LINEAR LINEAR LINEAR LINEAR LINEAR LINEAR LINEAR
LINEAR LINEAR LINEAR LINEAR LINEAR LINEAR LINEAR LINEAR LINEAR LINEAR LINEAR LINEAR
LINEAR LINEAR LINEAR LINEAR LINEAR LINEAR LINEAR LINEAR LINEAR LINEAR LINEAR LINEAR
LINEAR LINEAR LINEAR LINEAR LINEAR LINEAR LINEAR LINEAR LINEAR LINEAR</Name_array>
        <technique_common>
          <accessor source="#mixamorig_Spine-Interpolations-array" count="57">
            <param type="name"/>
          </accessor>
        </technique_common>
      </source>
      <sampler id="mixamorig_Spine-Matrix-animation-transform">
        <input semantic="INPUT" source="#mixamorig_Spine-Matrix-animation-input"/>
        <input semantic="OUTPUT" source="#mixamorig_Spine-Matrix-animation-output-transform"/>
        <input semantic="INTERPOLATION" source="#mixamorig_Spine-Interpolations"/>
      </sampler>
      <channel source="#mixamorig_Spine-Matrix-animation-transform" target="mixamorig_Spine/matrix"/>
    </animation>
    <animation id="mixamorig_Spine1-anim" name="mixamorig_Spine1">
      <source id="mixamorig_Spine1-Matrix-animation-input">
        <float_array id="mixamorig_Spine1-Matrix-animation-input-array" count="57">

0.000000 0.033333 0.066667 0.100000 0.133333 0.166667 0.200000 0.233333 0.266667 0.300000 0.333333 0.366667 0.400000 0.433333 0.466667 0.500000
0.533333 0.566667 0.600000 0.633333 0.666667 0.700000 0.733333 0.766667 0.800000 0.833333 0.866667 0.900000 0.933333 0.966667 1.000000 1.033333
1.066667 1.100000 1.133333 1.166667 1.200000 1.233333 1.266667 1.300000 1.333333 1.366667 1.400000 1.433333 1.466667 1.500000 1.533333 1.566667
1.600000 1.633333 1.666667 1.700000 1.733333 1.766667 1.800000 1.833333 1.866667</float_array>
        <technique_common>
          <accessor source="#mixamorig_Spine1-Matrix-animation-input-array" count="57">
            <param name="TIME" type="float"/>
          </accessor>
        </technique_common>
      </source>
      <source id="mixamorig_Spine1-Matrix-animation-output-transform">
        <float_array id="mixamorig_Spine1-Matrix-animation-output-transform-array" count="912">

0.999461 0.032688 0.002913 0.000000 -0.032060 0.991488 -0.126190 12.406000 -0.007013 0.126028 0.992002 0.000000 0.000000 0.000000 0.000000 1.000000
0.999429 0.033679 0.002617 -0.000000 -0.033090 0.991643 -0.124695 12.406000 -0.006795 0.124537 0.992192 0.000000 0.000000 0.000000 0.000000 1.000000
0.999416 0.034070 0.002463 0.000000 -0.033539 0.992397 -0.118422 12.406000 -0.006479 0.118271 0.992960 0.000000 0.000000 0.000000 0.000000 1.000000
0.999391 0.034798 0.002632 0.000000 -0.034316 0.993652 -0.107140 12.406000 -0.006343 0.106984 0.994240 0.000000 0.000000 0.000000 0.000000 1.000000
0.999337 0.036282 0.003117 0.000000 -0.035839 0.995075 -0.092414 12.406000 -0.006454 0.092241 0.995716 -0.000000 0.000000 0.000000 0.000000 1.000000
0.999292 0.037457 0.003533 0.000000 -0.037081 0.996422 -0.075946 12.406000 -0.006365 0.075761 0.997106 0.000000 0.000000 0.000000 0.000000 1.000000
0.999320 0.036711 0.003372 0.000000 -0.036457 0.997678 -0.057522 12.406000 -0.005476 0.057360 0.998339 0.000000 0.000000 0.000000 0.000000 1.000000
0.999426 0.033787 0.002579 0.000000 -0.033670 0.998755 -0.036808 12.406000 -0.003820 0.036700 0.999319 0.000000 0.000000 0.000000 0.000000 1.000000
0.999549 0.029962 0.001774 0.000000 -0.029927 0.999407 -0.017031 12.406000 -0.002283 0.016970 0.999853 0.000000 0.000000 0.000000 0.000000 1.000000
0.999655 0.026199 0.001613 0.000000 -0.026191 0.999646 -0.004642 12.406000 -0.001734 0.004598 0.999988 0.000000 0.000000 0.000000 0.000000 1.000000
0.999759 0.021877 0.001915 0.000000 -0.021870 0.999755 -0.003384 12.406000 -0.001989 0.003342 0.999992 0.000000 0.000000 0.000000 0.000000 1.000000
0.999869 0.016096 0.001752 -0.000000 -0.016079 0.999824 -0.009695 12.406000 -0.001908 0.009666 0.999951 0.000000 0.000000 0.000000 0.000000 1.000000
0.999952 0.009787 0.000602 0.000000 -0.009776 0.999816 -0.016475 12.406000 -0.000763 0.016468 0.999864 0.000000 0.000000 0.000000 0.000000 1.000000
0.999986 0.005237 -0.000941 0.000000 -0.005255 0.999770 -0.020789 12.406000 0.000832 0.020794 0.999783 0.000000 0.000000 0.000000 0.000000 1.000000
0.999993 0.003259 -0.001870 0.000000 -0.003302 0.999721 -0.023405 12.406000 0.001793 0.023411 0.999724 0.000000 0.000000 0.000000 0.000000 1.000000
0.999997 0.001783 -0.001928 0.000000 -0.001823 0.999774 -0.021185 12.406000 0.001889 0.021188 0.999774 0.000000 0.000000 0.000000 0.000000 1.000000
0.999996 -0.002223 -0.001840 -0.000000 0.002206 0.999954 -0.009315 12.406000 0.001860 0.009311 0.999955 0.000000 0.000000 0.000000 0.000000 1.000000
0.999951 -0.009560 -0.002605 -0.000000 0.009575 0.999937 0.005774 12.406000 0.002550 -0.005799 0.999980 0.000000 0.000000 0.000000 0.000000 1.000000
0.999834 -0.017620 -0.004681 0.000000 0.017659 0.999808 0.008436 12.406000 0.004531 -0.008518 0.999953 0.000000 0.000000 0.000000 0.000000 1.000000
0.999715 -0.022649 -0.007530 0.000000 0.022613 0.999733 -0.004732 12.406000 0.007636 0.004560 0.999960 0.000000 0.000000 0.000000 0.000000 1.000000
0.999682 -0.023248 -0.009789 0.000000 0.023076 0.999582 -0.017399 12.406000 0.010189 0.017168 0.999801 0.000000 0.000000 0.000000 0.000000 1.000000
0.999718 -0.021455 -0.010208 0.000000 0.021323 0.999690 -0.012817 12.406000 0.010480 0.012596 0.999866 0.000000 0.000000 0.000000 0.000000 1.000000
0.999750 -0.020557 -0.008837 -0.000000 0.020620 0.999762 0.007150 12.406000 0.008688 -0.007330 0.999935 0.000000 0.000000 0.000000 0.000000 1.000000
0.999725 -0.022348 -0.007040 -0.000000 0.022524 0.999408 0.026000 12.406000 0.006455 -0.026151 0.999637 0.000000 0.000000 0.000000 0.000000 1.000000
0.999632 -0.026426 -0.006132 0.000000 0.026600 0.999187 0.030290 12.406000 0.005326 -0.030442 0.999522 0.000000 0.000000 0.000000 0.000000 1.000000
0.999487 -0.031386 -0.006421 0.000000 0.031512 0.999291 0.020592 12.406000 0.005771 -0.020784 0.999767 0.000000 0.000000 0.000000 0.000000 1.000000
0.999353 -0.035178 -0.007513 0.000000 0.035229 0.999357 0.006736 12.406000 0.007272 -0.006996 0.999949 0.000000 0.000000 0.000000 0.000000 1.000000
0.999304 -0.036207 -0.008929 -0.000000 0.036163 0.999333 -0.005074 12.406000 0.009107 0.004748 0.999947 0.000000 0.000000 0.000000 0.000000 1.000000
0.999309 -0.035703 -0.010317 0.000000 0.035502 0.999189 -0.019015 12.406000 0.010988 0.018635 0.999766 0.000000 0.000000 0.000000 0.000000 1.000000
0.999301 -0.035586 -0.011411 -0.000000 0.035072 0.998484 -0.042417 12.406000 0.012903 0.041987 0.999035 0.000000 0.000000 0.000000 0.000000 1.000000
0.999353 -0.033867 -0.012138 0.000000 0.032882 0.996732 -0.073788 12.406000 0.014598 0.073341 0.997200 0.000000 0.000000 0.000000 0.000000 1.000000
0.999560 -0.026755 -0.012824 0.000000 0.025334 0.994624 -0.100408 12.406000 0.015442 0.100039 0.994864 -0.000000 0.000000 0.000000 0.000000 1.000000
0.999805 -0.014202 -0.013701 0.000000 0.012612 0.993866 -0.109866 12.406000 0.015177 0.109672 0.993852 -0.000000 0.000000 0.000000 0.000000 1.000000
0.999898 -0.000947 -0.014250 0.000000 -0.000534 0.994622 -0.103569 12.406000 0.014271 0.103566 0.994520 0.000000 0.000000 0.000000 0.000000 1.000000
0.999864 0.009418 -0.013503 0.000000 -0.010658 0.995429 -0.094906 12.406000 0.012547 0.095037 0.995395 -0.000000 0.000000 0.000000 0.000000 1.000000
0.999767 0.018535 -0.011068 0.000000 -0.019506 0.995260 -0.095277 12.406000 0.009249 0.095471 0.995389 -0.000000 0.000000 0.000000 0.000000 1.000000
0.999534 0.029522 -0.007796 0.000000 -0.030173 0.994130 -0.103901 12.406000 0.004682 0.104087 0.994557 0.000000 0.000000 0.000000 0.000000 1.000000
0.999149 0.040912 -0.005322 0.000000 -0.041251 0.992923 -0.111365 12.406000 0.000728 0.111489 0.993765 0.000000 0.000000 0.000000 0.000000 1.000000
0.998876 0.047156 -0.004730 0.000000 -0.047390 0.992726 -0.110681 12.406000 -0.000524 0.110780 0.993845 0.000000 0.000000 0.000000 0.000000 1.000000
0.998935 0.045807 -0.005597 0.000000 -0.046140 0.993605 -0.103050 12.406000 0.000841 0.103198 0.994660 0.000000 0.000000 0.000000 0.000000 1.000000
0.999141 0.040935 -0.006502 -0.000000 -0.041366 0.994693 -0.094207 12.406000 0.002611 0.094395 0.995531 0.000000 0.000000 0.000000 0.000000 1.000000
0.999243 0.038398 -0.006269 -0.000000 -0.038800 0.995403 -0.087568 12.406000 0.002878 0.087745 0.996139 0.000000 0.000000 0.000000 0.000000 1.000000
0.999181 0.040214 -0.004530 -0.000000 -0.040451 0.995796 -0.082184 12.406000 0.001206 0.082300 0.996607 0.000000 0.000000 0.000000 0.000000 1.000000
0.999009 0.044472 -0.001545 -0.000000 -0.044460 0.996063 -0.076693 12.406000 -0.001872 0.076686 0.997054 -0.000000 0.000000 0.000000 0.000000 1.000000
0.998846 0.047990 0.001872 0.000000 -0.047724 0.996175 -0.073191 12.406000 -0.005377 0.073017 0.997316 0.000000 0.000000 0.000000 0.000000 1.000000
0.998844 0.047869 0.004495 -0.000000 -0.047396 0.996037 -0.075263 12.406000 -0.008080 0.074963 0.997154 -0.000000 0.000000 0.000000 0.000000 1.000000
0.999062 0.042949 0.005436 -0.000000 -0.042353 0.995673 -0.082709 12.406000 -0.008965 0.082401 0.996559 -0.000000 0.000000 0.000000 0.000000 1.000000
0.999360 0.035448 0.004880 0.000000 -0.034859 0.995253 -0.090868 12.406000 -0.008077 0.090640 0.995851 0.000000 0.000000 0.000000 0.000000 1.000000
0.999547 0.029862 0.003850 0.000000 -0.029357 0.994974 -0.095730 12.406000 -0.006689 0.095573 0.995400 -0.000000 0.000000 0.000000 0.000000 1.000000
0.999576 0.028943 0.003290 -0.000000 -0.028484 0.994810 -0.097683 12.406000 -0.006100 0.097548 0.995212 0.000000 0.000000 0.000000 0.000000 1.000000
0.999496 0.031555 0.003433 -0.000000 -0.031057 0.994544 -0.099589 12.406000 -0.006557 0.099432 0.995023 0.000000 0.000000 0.000000 0.000000 1.000000
0.999398 0.034471 0.003899 0.000000 -0.033885 0.994086 -0.103174 12.406000 -0.007432 0.102980 0.994656 0.000000 0.000000 0.000000 0.000000 1.000000
0.999369 0.035285 0.004176 -0.000000 -0.034626 0.993511 -0.108334 12.406000 -0.007971 0.108121 0.994106 0.000000 0.000000 0.000000 0.000000 1.000000
0.999420 0.033814 0.004046 0.000000 -0.033131 0.992894 -0.114299 12.406000 -0.007882 0.114099 0.993438 0.000000 0.000000 0.000000 0.000000 1.000000
0.999487 0.031807 0.003651 -0.000000 -0.031140 0.992283 -0.120019 12.406000 -0.007440 0.119844 0.992765 -0.000000 0.000000 0.000000 0.000000 1.000000
0.999507 0.031226 0.003232 -0.000000 -0.030582 0.991778 -0.124266 12.406000 -0.007086 0.124106 0.992244 0.000000 0.000000 0.000000 0.000000 1.000000
0.999461 0.032688 0.002913 -0.000000 -0.032059 0.991488 -0.126190 12.406000 -0.007013 0.126029 0.992002 0.000000 0.000000 0.000000 0.000000 1.000000</float_array>
        <technique_common>
          <accessor source="#mixamorig_Spine1-Matrix-animation-output-transform-array" count="57" stride="16">
            <param type="float4x4"/>
          </accessor>
        </technique_common>
      </source>
      <source id="mixamorig_Spine1-Interpolations">
        <Name_array id="mixamorig_Spine1-Interpolations-array" count="57">
 LINEAR LINEAR LINEAR LINEAR LINEAR LINEAR LINEAR LINEAR LINEAR LINEAR LINEAR
LINEAR LINEAR LINEAR LINEAR LINEAR LINEAR LINEAR LINEAR LINEAR LINEAR LINEAR LINEAR
LINEAR LINEAR LINEAR LINEAR LINEAR LINEAR LINEAR LINEAR LINEAR LINEAR LINEAR LINEAR
LINEAR LINEAR LINEAR LINEAR LINEAR LINEAR LINEAR LINEAR LINEAR LINEAR LINEAR LINEAR
LINEAR LINEAR LINEAR LINEAR LINEAR LINEAR LINEAR LINEAR LINEAR LINEAR</Name_array>
        <technique_common>
          <accessor source="#mixamorig_Spine1-Interpolations-array" count="57">
            <param type="name"/>
          </accessor>
        </technique_common>
      </source>
      <sampler id="mixamorig_Spine1-Matrix-animation-transform">
        <input semantic="INPUT" source="#mixamorig_Spine1-Matrix-animation-input"/>
        <input semantic="OUTPUT" source="#mixamorig_Spine1-Matrix-animation-output-transform"/>
        <input semantic="INTERPOLATION" source="#mixamorig_Spine1-Interpolations"/>
      </sampler>
      <channel source="#mixamorig_Spine1-Matrix-animation-transform" target="mixamorig_Spine1/matrix"/>
    </animation>
    <animation id="mixamorig_Spine2-anim" name="mixamorig_Spine2">
      <source id="mixamorig_Spine2-Matrix-animation-input">
        <float_array id="mixamorig_Spine2-Matrix-animation-input-array" count="57">

0.000000 0.033333 0.066667 0.100000 0.133333 0.166667 0.200000 0.233333 0.266667 0.300000 0.333333 0.366667 0.400000 0.433333 0.466667 0.500000
0.533333 0.566667 0.600000 0.633333 0.666667 0.700000 0.733333 0.766667 0.800000 0.833333 0.866667 0.900000 0.933333 0.966667 1.000000 1.033333
1.066667 1.100000 1.133333 1.166667 1.200000 1.233333 1.266667 1.300000 1.333333 1.366667 1.400000 1.433333 1.466667 1.500000 1.533333 1.566667
1.600000 1.633333 1.666667 1.700000 1.733333 1.766667 1.800000 1.833333 1.866667</float_array>
        <technique_common>
          <accessor source="#mixamorig_Spine2-Matrix-animation-input-array" count="57">
            <param name="TIME" type="float"/>
          </accessor>
        </technique_common>
      </source>
      <source id="mixamorig_Spine2-Matrix-animation-output-transform">
        <float_array id="mixamorig_Spine2-Matrix-animation-output-transform-array" count="912">

0.999517 0.031043 0.001103 -0.000000 -0.029959 0.972787 -0.229755 14.178300 -0.008206 0.229611 0.973248 -0.000000 0.000000 0.000000 0.000000 1.000000
0.999487 0.032021 0.000644 0.000000 -0.031028 0.973098 -0.228291 14.178300 -0.007937 0.228154 0.973593 -0.000000 0.000000 0.000000 0.000000 1.000000
0.999474 0.032427 0.000305 0.000000 -0.031549 0.974507 -0.222128 14.178300 -0.007500 0.222002 0.975017 0.000000 0.000000 0.000000 0.000000 1.000000
0.999449 0.033201 0.000192 0.000000 -0.032412 0.976941 -0.211035 14.178300 -0.007194 0.210913 0.977478 0.000000 0.000000 0.000000 0.000000 1.000000
0.999396 0.034753 0.000302 0.000000 -0.034016 0.979906 -0.196538 14.178300 -0.007126 0.196409 0.980496 0.000000 0.000000 0.000000 0.000000 1.000000
0.999352 0.035999 0.000391 0.000000 -0.035338 0.982978 -0.180295 14.178300 -0.006875 0.180164 0.983613 -0.000000 0.000000 0.000000 0.000000 1.000000
0.999377 0.035281 0.000098 0.000000 -0.034798 0.986164 -0.162082 14.178300 -0.005815 0.161977 0.986777 -0.000000 0.000000 0.000000 0.000000 1.000000
0.999477 0.032320 -0.000626 0.000000 -0.032083 0.989410 -0.141558 14.178300 -0.003956 0.141504 0.989930 0.000000 0.000000 0.000000 0.000000 1.000000
0.999595 0.028434 -0.001261 -0.000000 -0.028375 0.992133 -0.121931 14.178300 -0.002215 0.121918 0.992538 0.000000 0.000000 0.000000 0.000000 1.000000
0.999695 0.024668 -0.001178 0.000000 -0.024648 0.993667 -0.109630 14.178300 -0.001534 0.109626 0.993972 -0.000000 0.000000 0.000000 0.000000 1.000000
0.999792 0.020404 -0.000441 -0.000000 -0.020332 0.993899 -0.108401 14.178300 -0.001774 0.108388 0.994107 0.000000 0.000000 0.000000 0.000000 1.000000
0.999893 0.014642 0.000101 -0.000000 -0.014534 0.993295 -0.114692 14.178300 -0.001779 0.114678 0.993401 0.000000 0.000000 0.000000 0.000000 1.000000
0.999966 0.008233 -0.000243 -0.000000 -0.008202 0.992566 -0.121431 14.178300 -0.000758 0.121429 0.992600 0.000000 0.000000 0.000000 0.000000 1.000000
0.999993 0.003518 -0.001191 -0.000000 -0.003640 0.992060 -0.125710 14.178300 0.000739 0.125714 0.992066 0.000000 0.000000 0.000000 0.000000 1.000000
0.999997 0.001435 -0.001840 -0.000000 -0.001659 0.991733 -0.128304 14.178300 0.001640 0.128307 0.991733 -0.000000 0.000000 0.000000 0.000000 1.000000
0.999999 -0.000041 -0.001673 -0.000000 -0.000170 0.992017 -0.126101 14.178300 0.001665 0.126101 0.992016 0.000000 0.000000 0.000000 0.000000 1.000000
0.999991 -0.004021 -0.001056 -0.000000 0.003874 0.993437 -0.114311 14.178300 0.001508 0.114306 0.993444 0.000000 0.000000 0.000000 0.000000 1.000000
0.999934 -0.011426 -0.000930 -0.000000 0.011278 0.994993 -0.099304 14.178300 0.002060 0.099287 0.995057 0.000000 0.000000 0.000000 0.000000 1.000000
0.999804 -0.019699 -0.002105 0.000000 0.019403 0.995127 -0.096673 14.178300 0.003999 0.096613 0.995314 0.000000 0.000000 0.000000 0.000000 1.000000
0.999677 -0.025024 -0.004448 0.000000 0.024385 0.993653 -0.109818 14.178300 0.007168 0.109674 0.993942 -0.000000 0.000000 0.000000 0.000000 1.000000
0.999643 -0.025885 -0.006617 0.000000 0.024881 0.992163 -0.122449 14.178300 0.009734 0.122241 0.992453 0.000000 0.000000 0.000000 0.000000 1.000000
0.999683 -0.024204 -0.006986 0.000000 0.023212 0.992754 -0.117901 14.178300 0.009790 0.117701 0.993001 0.000000 0.000000 0.000000 0.000000 1.000000
0.999717 -0.023220 -0.005253 -0.000000 0.022594 0.994930 -0.097997 14.178300 0.007502 0.097850 0.995173 0.000000 0.000000 0.000000 0.000000 1.000000
0.999689 -0.024801 -0.002778 0.000000 0.024504 0.996562 -0.079148 14.178300 0.004731 0.079055 0.996859 -0.000000 0.000000 0.000000 0.000000 1.000000
0.999587 -0.028705 -0.001115 0.000000 0.028542 0.996789 -0.074816 14.178300 0.003259 0.074753 0.997197 -0.000000 0.000000 0.000000 0.000000 1.000000
0.999434 -0.033637 -0.000756 0.000000 0.033453 0.995865 -0.084464 14.178300 0.003594 0.084391 0.996426 0.000000 0.000000 0.000000 0.000000 1.000000
0.999293 -0.037558 -0.001410 0.000000 0.037238 0.994463 -0.098271 14.178300 0.005093 0.098149 0.995159 0.000000 0.000000 0.000000 0.000000 1.000000
0.999243 -0.038811 -0.002713 0.000000 0.038277 0.993189 -0.110050 14.178300 0.006966 0.109862 0.993922 0.000000 0.000000 0.000000 0.000000 1.000000
0.999249 -0.038513 -0.004303 0.000000 0.037683 0.991573 -0.123943 14.178300 0.009040 0.123688 0.992280 0.000000 0.000000 0.000000 0.000000 1.000000
0.999243 -0.038460 -0.005801 0.000000 0.037188 0.988409 -0.147192 14.178300 0.011395 0.146864 0.989091 0.000000 0.000000 0.000000 0.000000 1.000000
0.999302 -0.036655 -0.007209 -0.000000 0.034785 0.983371 -0.178246 14.178300 0.013623 0.177871 0.983960 -0.000000 0.000000 0.000000 0.000000 1.000000
0.999525 -0.029479 -0.008962 0.000000 0.027025 0.978492 -0.204507 14.178300 0.014798 0.204168 0.978824 -0.000000 0.000000 0.000000 0.000000 1.000000
0.999792 -0.017082 -0.011180 -0.000000 0.014298 0.976772 -0.213804 14.178300 0.014572 0.213599 0.976813 -0.000000 0.000000 0.000000 0.000000 1.000000
0.999907 -0.004154 -0.013021 -0.000000 0.001361 0.978221 -0.207560 14.178300 0.013599 0.207523 0.978136 0.000000 0.000000 0.000000 0.000000 1.000000
