<?xml version="1.0" encoding="utf-8"?>
<COLLADA xmlns="http://www.collada.org/2005/11/COLLADASchema" version="1.4.1">
  <asset>
    <contributor>
      <author>Mixamo</author>
      <authoring_tool>COLLADA Mixamo exporter</authoring_tool>
      <comments/>
    </contributor>
    <created>2023-08-01T19:34:48Z</created>
    <modified>2023-08-01T19:34:48Z</modified>
    <revision/>
    <title/>
    <unit meter="0.010000"/>
    <up_axis>Y_UP</up_axis>
  </asset>
  <library_animations>
    <animation id="mixamorig_Hips-anim" name="mixamorig_Hips">
      <source id="mixamorig_Hips-Matrix-animation-input">
        <float_array id="mixamorig_Hips-Matrix-animation-input-array" count="37">

0.000000 0.033333 0.066667 0.100000 0.133333 0.166667 0.200000 0.233333 0.266667 0.300000 0.333333 0.366667 0.400000 0.433333 0.466667 0.500000
0.533333 0.566667 0.600000 0.633333 0.666667 0.700000 0.733333 0.766667 0.800000 0.833333 0.866667 0.900000 0.933333 0.966667 1.000000 1.033333
1.066667 1.100000 1.133333 1.166667 1.200000</float_array>
        <technique_common>
          <accessor source="#mixamorig_Hips-Matrix-animation-input-array" count="37">
            <param name="TIME" type="float"/>
          </accessor>
        </technique_common>
      </source>
      <source id="mixamorig_Hips-Matrix-animation-output-transform">
        <float_array id="mixamorig_Hips-Matrix-animation-output-transform-array" count="592">

0.481086 0.132912 0.866540 -0.716341 -0.047874 0.990949 -0.125416 84.661499 -0.875365 0.018851 0.483094 -0.372150 0.000000 0.000000 0.000000 1.000000
0.457426 0.129486 0.879770 -0.750585 -0.037206 0.991262 -0.126551 84.445618 -0.888469 0.025155 0.458247 -0.470138 0.000000 0.000000 0.000000 1.000000
0.429997 0.126121 0.893977 -1.023645 -0.026408 0.991528 -0.127181 83.925819 -0.902444 0.031079 0.429685 -0.569486 0.000000 0.000000 0.000000 1.000000
0.400213 0.122878 0.908147 -1.087945 -0.015558 0.991738 -0.127333 83.185806 -0.916290 0.036831 0.398818 -0.661255 0.000000 0.000000 0.000000 1.000000
0.368627 0.119357 0.921883 -0.967380 -0.003317 0.991885 -0.127094 82.251297 -0.929571 0.043792 0.366032 -0.734535 0.000000 0.000000 0.000000 1.000000
0.337919 0.116567 0.933929 -0.291354 0.007657 0.991927 -0.126576 81.267601 -0.941144 0.049924 0.334298 -0.805999 0.000000 0.000000 0.000000 1.000000
0.309441 0.114517 0.943998 0.563865 0.017274 0.991881 -0.125988 80.364807 -0.950762 0.055292 0.304950 -0.880769 0.000000 0.000000 0.000000 1.000000
0.284741 0.113246 0.951892 1.410509 0.025366 0.991760 -0.125577 79.620193 -0.958269 0.059903 0.279522 -0.954374 0.000000 0.000000 0.000000 1.000000
0.265318 0.112796 0.957540 2.070730 0.031822 0.991568 -0.125621 79.108788 -0.963636 0.063800 0.259491 -1.022759 0.000000 0.000000 0.000000 1.000000
0.252719 0.113237 0.960890 2.401803 0.036466 0.991307 -0.126413 78.923798 -0.966852 0.066987 0.246393 -1.084994 0.000000 0.000000 0.000000 1.000000
0.249018 0.114851 0.961665 2.506216 0.038279 0.991001 -0.128267 79.115005 -0.967742 0.068753 0.242381 -1.145267 0.000000 0.000000 0.000000 1.000000
0.254865 0.117628 0.959796 2.541210 0.038114 0.990580 -0.131522 79.516464 -0.966225 0.070102 0.247980 -1.147727 0.000000 0.000000 0.000000 1.000000
0.267698 0.122018 0.955746 2.489192 0.034605 0.990091 -0.136095 79.953255 -0.962881 0.069506 0.260823 -1.084770 0.000000 0.000000 0.000000 1.000000
0.288345 0.127760 0.948965 2.224363 0.028083 0.989504 -0.141751 80.195786 -0.957115 0.067523 0.281731 -1.021159 0.000000 0.000000 0.000000 1.000000
0.316129 0.132157 0.939466 2.325976 0.026880 0.988605 -0.148115 81.127251 -0.948335 0.072076 0.308975 -0.880211 0.000000 0.000000 0.000000 1.000000
0.347329 0.136099 0.927815 2.507932 0.026423 0.987599 -0.154760 82.186813 -0.937371 0.078268 0.339425 -0.682523 0.000000 0.000000 0.000000 1.000000
0.379885 0.139654 0.914431 2.651931 0.025611 0.986571 -0.161311 83.207108 -0.924679 0.084699 0.371207 -0.447796 0.000000 0.000000 0.000000 1.000000
0.411226 0.143795 0.900120 2.646351 0.021793 0.985646 -0.167414 83.911079 -0.911273 0.088462 0.402190 -0.231382 0.000000 0.000000 0.000000 1.000000
0.439828 0.147882 0.885823 2.585217 0.016838 0.984818 -0.172769 84.387642 -0.897924 0.090904 0.430660 -0.019746 0.000000 0.000000 0.000000 1.000000
0.464301 0.151744 0.872582 2.480786 0.011251 0.984124 -0.177128 84.579819 -0.885606 0.092058 0.455222 0.183030 0.000000 0.000000 0.000000 1.000000
0.484129 0.155310 0.861103 2.352339 0.005381 0.983574 -0.180424 84.438278 -0.874980 0.091982 0.475341 0.366792 0.000000 0.000000 0.000000 1.000000
0.503383 0.159262 0.849260 2.208750 -0.001715 0.983049 -0.183335 83.993759 -0.864062 0.090831 0.495123 0.537138 0.000000 0.000000 0.000000 1.000000
0.522323 0.163364 0.836953 2.047847 -0.009553 0.982538 -0.185819 83.332489 -0.852694 0.089062 0.514763 0.692719 0.000000 0.000000 0.000000 1.000000
0.540444 0.167551 0.824528 1.893130 -0.018081 0.982058 -0.187712 82.500450 -0.841185 0.086540 0.533777 0.820380 0.000000 0.000000 0.000000 1.000000
0.557184 0.171434 0.812500 1.731777 -0.026610 0.981641 -0.188874 81.599464 -0.829962 0.083618 0.551517 0.921645 0.000000 0.000000 0.000000 1.000000
0.572141 0.174817 0.801308 1.524178 -0.034875 0.981321 -0.189189 80.740929 -0.819414 0.080297 0.567550 1.001134 0.000000 0.000000 0.000000 1.000000
0.584879 0.177518 0.791457 1.261123 -0.042629 0.981136 -0.188559 79.991867 -0.809999 0.076546 0.581414 1.041245 0.000000 0.000000 0.000000 1.000000
0.595009 0.179547 0.783407 1.026204 -0.049971 0.981107 -0.186903 79.364914 -0.802164 0.072061 0.592740 1.024512 0.000000 0.000000 0.000000 1.000000
0.599535 0.179668 0.779921 0.766096 -0.055827 0.981491 -0.183189 79.022789 -0.798399 0.066288 0.598468 0.968817 0.000000 0.000000 0.000000 1.000000
0.596111 0.177089 0.783129 0.475130 -0.059056 0.982402 -0.177198 79.000786 -0.800727 0.059381 0.596079 0.873415 0.000000 0.000000 0.000000 1.000000
0.587146 0.172249 0.790942 0.095699 -0.057907 0.983532 -0.171205 79.275925 -0.807407 0.054721 0.587452 0.787294 0.000000 0.000000 0.000000 1.000000
0.574495 0.165165 0.801670 -0.313568 -0.053662 0.984922 -0.164464 79.859505 -0.816747 0.051465 0.574696 0.706784 0.000000 0.000000 0.000000 1.000000
0.560049 0.158127 0.813228 -0.615954 -0.049945 0.986274 -0.157379 80.847092 -0.826952 0.047523 0.560260 0.585262 0.000000 0.000000 0.000000 1.000000
0.543407 0.152719 0.825461 -0.628619 -0.049758 0.987444 -0.149931 82.180771 -0.837993 0.040400 0.544183 0.349471 0.000000 0.000000 0.000000 1.000000
0.524863 0.147737 0.838268 -0.574275 -0.051292 0.988522 -0.142102 83.538086 -0.849640 0.031588 0.526416 0.048257 0.000000 0.000000 0.000000 1.000000
0.504078 0.141416 0.852001 -0.631532 -0.051275 0.989664 -0.133929 84.394196 -0.862134 0.023824 0.506119 -0.191655 0.000000 0.000000 0.000000 1.000000
0.481086 0.132912 0.866539 -0.716345 -0.047874 0.990949 -0.125416 84.661514 -0.875365 0.018851 0.483095 -0.372153 0.000000 0.000000 0.000000 1.000000</float_array>
        <technique_common>
          <accessor source="#mixamorig_Hips-Matrix-animation-output-transform-array" count="37" stride="16">
            <param type="float4x4"/>
          </accessor>
        </technique_common>
      </source>
      <source id="mixamorig_Hips-Interpolations">
        <Name_array id="mixamorig_Hips-Interpolations-array" count="37">
 LINEAR LINEAR LINEAR LINEAR LINEAR LINEAR LINEAR LINEAR LINEAR LINEAR LINEAR
LINEAR LINEAR LINEAR LINEAR LINEAR LINEAR LINEAR LINEAR LINEAR LINEAR LINEAR LINEAR
LINEAR LINEAR LINEAR LINEAR LINEAR LINEAR LINEAR LINEAR LINEAR LINEAR LINEAR LINEAR
LINEAR LINEAR</Name_array>
        <technique_common>
          <accessor source="#mixamorig_Hips-Interpolations-array" count="37">
            <param type="name"/>
          </accessor>
        </technique_common>
      </source>
      <sampler id="mixamorig_Hips-Matrix-animation-transform">
        <input semantic="INPUT" source="#mixamorig_Hips-Matrix-animation-input"/>
        <input semantic="OUTPUT" source="#mixamorig_Hips-Matrix-animation-output-transform"/>
        <input semantic="INTERPOLATION" source="#mixamorig_Hips-Interpolations"/>
      </sampler>
      <channel source="#mixamorig_Hips-Matrix-animation-transform" target="mixamorig_Hips/matrix"/>
    </animation>
    <animation id="mixamorig_Spine-anim" name="mixamorig_Spine">
      <source id="mixamorig_Spine-Matrix-animation-input">
        <float_array id="mixamorig_Spine-Matrix-animation-input-array" count="37">

0.000000 0.033333 0.066667 0.100000 0.133333 0.166667 0.200000 0.233333 0.266667 0.300000 0.333333 0.366667 0.400000 0.433333 0.466667 0.500000
0.533333 0.566667 0.600000 0.633333 0.666667 0.700000 0.733333 0.766667 0.800000 0.833333 0.866667 0.900000 0.933333 0.966667 1.000000 1.033333
1.066667 1.100000 1.133333 1.166667 1.200000</float_array>
        <technique_common>
          <accessor source="#mixamorig_Spine-Matrix-animation-input-array" count="37">
            <param name="TIME" type="float"/>
          </accessor>
        </technique_common>
      </source>
      <source id="mixamorig_Spine-Matrix-animation-output-transform">
        <float_array id="mixamorig_Spine-Matrix-animation-output-transform-array" count="592">

0.997039 -0.076532 -0.007459 0.017300 0.070442 0.947959 -0.310501 10.574800 0.030834 0.309057 0.950544 -1.117200 0.000000 0.000000 0.000000 1.000000
0.995961 -0.088757 -0.013559 0.017300 0.079609 0.942774 -0.323790 10.574800 0.041521 0.321403 0.946032 -1.117200 0.000000 0.000000 0.000000 1.000000
0.996070 -0.085678 -0.022454 0.017300 0.073488 0.940953 -0.330464 10.574800 0.049442 0.327516 0.943551 -1.117200 0.000000 0.000000 0.000000 1.000000
0.996751 -0.073754 -0.032379 0.017300 0.059263 0.943737 -0.325342 10.574800 0.054553 0.322366 0.945042 -1.117200 0.000000 0.000000 0.000000 1.000000
0.997082 -0.062137 -0.044352 0.017300 0.045179 0.948583 -0.313288 10.574800 0.061538 0.310370 0.948622 -1.117200 0.000000 0.000000 0.000000 1.000000
0.997053 -0.053295 -0.055185 0.017300 0.034576 0.954283 -0.296899 10.574800 0.068485 0.294116 0.953313 -1.117200 0.000000 0.000000 0.000000 1.000000
0.996730 -0.046859 -0.065826 0.017300 0.026568 0.959432 -0.280686 10.574800 0.076308 0.278019 0.957540 -1.117200 0.000000 0.000000 0.000000 1.000000
0.996047 -0.045019 -0.076570 0.017300 0.023037 0.963477 -0.266798 10.574800 0.085785 0.263980 0.960706 -1.117200 0.000000 0.000000 0.000000 1.000000
0.995004 -0.046263 -0.088466 0.017300 0.022569 0.967443 -0.252079 10.574800 0.097247 0.248823 0.963655 -1.117200 0.000000 0.000000 0.000000 1.000000
0.993455 -0.052098 -0.101646 0.017300 0.026544 0.970860 -0.238173 10.574800 0.111093 0.233916 0.965889 -1.117200 0.000000 0.000000 0.000000 1.000000
0.991715 -0.066722 -0.109774 0.017300 0.039796 0.972066 -0.231308 10.574800 0.122141 0.225023 0.966668 -1.117200 0.000000 0.000000 0.000000 1.000000
0.991918 -0.079754 -0.098680 0.017300 0.055368 0.971869 -0.228920 10.574800 0.114162 0.221606 0.968431 -1.117200 0.000000 0.000000 0.000000 1.000000
0.992488 -0.086331 -0.086684 0.017300 0.064307 0.970905 -0.230669 10.574800 0.104076 0.223362 0.969163 -1.117200 0.000000 0.000000 0.000000 1.000000
0.993721 -0.084545 -0.073291 0.017300 0.065087 0.969578 -0.235969 10.574800 0.091012 0.229717 0.968993 -1.117200 0.000000 0.000000 0.000000 1.000000
0.996030 -0.069242 -0.055952 0.017300 0.053624 0.968349 -0.243771 10.574800 0.071060 0.239802 0.968218 -1.117200 0.000000 0.000000 0.000000 1.000000
0.997813 -0.047107 -0.046375 0.017300 0.033868 0.966783 -0.253346 10.574800 0.056769 0.251222 0.966263 -1.117200 0.000000 0.000000 0.000000 1.000000
0.998741 -0.020326 -0.045860 0.017300 0.007546 0.964700 -0.263241 10.574800 0.049592 0.262564 0.963639 -1.117200 0.000000 0.000000 0.000000 1.000000
0.998898 0.003546 -0.046798 0.017300 -0.016166 0.962117 -0.272156 10.574800 0.044060 0.272612 0.961115 -1.117200 0.000000 0.000000 0.000000 1.000000
0.998753 0.024455 -0.043521 0.017300 -0.035605 0.960028 -0.277631 10.574800 0.034992 0.278835 0.959701 -1.117200 0.000000 0.000000 0.000000 1.000000
0.998230 0.044903 -0.038999 0.017300 -0.054021 0.958847 -0.278736 10.574800 0.024878 0.280350 0.959575 -1.117200 0.000000 0.000000 0.000000 1.000000
0.997495 0.062267 -0.033574 0.017300 -0.069144 0.958452 -0.276745 10.574800 0.014947 0.278373 0.960357 -1.117200 0.000000 0.000000 0.000000 1.000000
0.996695 0.076843 -0.026353 0.017300 -0.081115 0.959120 -0.271125 10.574800 0.004442 0.272366 0.962183 -1.117200 0.000000 0.000000 0.000000 1.000000
0.996099 0.086346 -0.018187 0.017300 -0.088111 0.962106 -0.258046 10.574800 -0.004783 0.258642 0.965962 -1.117200 0.000000 0.000000 0.000000 1.000000
0.995921 0.089697 -0.009794 0.017300 -0.089483 0.967890 -0.234906 10.574800 -0.011591 0.234824 0.971969 -1.117200 0.000000 0.000000 0.000000 1.000000
0.996242 0.086532 -0.003781 0.017300 -0.085627 0.977373 -0.193415 10.574800 -0.013041 0.193012 0.981110 -1.117200 0.000000 0.000000 0.000000 1.000000
0.996508 0.083492 0.000299 0.017300 -0.082392 0.983944 -0.158319 10.574800 -0.013512 0.157741 0.987388 -1.117200 0.000000 0.000000 0.000000 1.000000
0.996940 0.078117 0.003047 0.017300 -0.076729 0.985203 -0.153255 10.574800 -0.014974 0.152552 0.988182 -1.117200 0.000000 0.000000 0.000000 1.000000
0.997446 0.070698 0.010191 0.017300 -0.068148 0.984643 -0.160727 10.574800 -0.021398 0.159622 0.986946 -1.117200 0.000000 0.000000 0.000000 1.000000
0.997921 0.061504 0.019233 0.017300 -0.057280 0.983334 -0.172547 10.574800 -0.029525 0.171087 0.984813 -1.117200 0.000000 0.000000 0.000000 1.000000
0.998496 0.050390 0.021586 0.017300 -0.045475 0.981274 -0.187174 10.574800 -0.030614 0.185911 0.982089 -1.117200 0.000000 0.000000 0.000000 1.000000
0.999202 0.038312 0.011293 0.017300 -0.035216 0.978440 -0.203508 10.574800 -0.018846 0.202948 0.979008 -1.117200 0.000000 0.000000 0.000000 1.000000
0.999691 0.024685 0.002926 0.017300 -0.023424 0.974883 -0.221482 10.574800 -0.008320 0.221345 0.975160 -1.117200 0.000000 0.000000 0.000000 1.000000
0.999920 0.012431 0.002293 0.017300 -0.011448 0.967471 -0.252722 10.574800 -0.005360 0.252676 0.967536 -1.117200 0.000000 0.000000 0.000000 1.000000
0.999951 -0.009745 0.001566 0.017300 0.009808 0.963286 -0.268299 10.574800 0.001107 0.268301 0.963334 -1.117200 0.000000 0.000000 0.000000 1.000000
0.999412 -0.034287 0.000477 0.017300 0.033025 0.958707 -0.282472 10.574800 0.009227 0.282321 0.959276 -1.117200 0.000000 0.000000 0.000000 1.000000
0.998341 -0.057504 -0.002807 0.017300 0.054085 0.953466 -0.296609 10.574800 0.019733 0.295965 0.954995 -1.117200 0.000000 0.000000 0.000000 1.000000
0.997040 -0.076526 -0.007440 0.017300 0.070442 0.947960 -0.310499 10.574800 0.030814 0.309056 0.950545 -1.117200 0.000000 0.000000 0.000000 1.000000</float_array>
        <technique_common>
          <accessor source="#mixamorig_Spine-Matrix-animation-output-transform-array" count="37" stride="16">
            <param type="float4x4"/>
          </accessor>
        </technique_common>
      </source>
      <source id="mixamorig_Spine-Interpolations">
        <Name_array id="mixamorig_Spine-Interpolations-array" count="37">
 LINEAR LINEAR LINEAR LINEAR LINEAR LINEAR LINEAR LINEAR LINEAR LINEAR LINEAR
LINEAR LINEAR LINEAR LINEAR LINEAR LINEAR LINEAR LINEAR LINEAR LINEAR LINEAR LINEAR
LINEAR LINEAR LINEAR LINEAR LINEAR LINEAR LINEAR LINEAR LINEAR LINEAR LINEAR LINEAR
LINEAR LINEAR</Name_array>
        <technique_common>
          <accessor source="#mixamorig_Spine-Interpolations-array" count="37">
            <param type="name"/>
          </accessor>
        </technique_common>
      </source>
      <sampler id="mixamorig_Spine-Matrix-animation-transform">
        <input semantic="INPUT" source="#mixamorig_Spine-Matrix-animation-input"/>
        <input semantic="OUTPUT" source="#mixamorig_Spine-Matrix-animation-output-transform"/>
        <input semantic="INTERPOLATION" source="#mixamorig_Spine-Interpolations"/>
      </sampler>
      <channel source="#mixamorig_Spine-Matrix-animation-transform" target="mixamorig_Spine/matrix"/>
    </animation>
    <animation id="mixamorig_Spine1-anim" name="mixamorig_Spine1">
      <source id="mixamorig_Spine1-Matrix-animation-input">
        <float_array id="mixamorig_Spine1-Matrix-animation-input-array" count="37">

0.000000 0.033333 0.066667 0.100000 0.133333 0.166667 0.200000 0.233333 0.266667 0.300000 0.333333 0.366667 0.400000 0.433333 0.466667 0.500000
0.533333 0.566667 0.600000 0.633333 0.666667 0.700000 0.733333 0.766667 0.800000 0.833333 0.866667 0.900000 0.933333 0.966667 1.000000 1.033333
1.066667 1.100000 1.133333 1.166667 1.200000</float_array>
        <technique_common>
          <accessor source="#mixamorig_Spine1-Matrix-animation-input-array" count="37">
            <param name="TIME" type="float"/>
          </accessor>
        </technique_common>
      </source>
      <source id="mixamorig_Spine1-Matrix-animation-output-transform">
        <float_array id="mixamorig_Spine1-Matrix-animation-output-transform-array" count="592">

0.993143 0.014665 -0.115983 -0.000000 -0.027110 0.993947 -0.106460 12.406000 0.113720 0.108874 0.987529 -0.000000 0.000000 0.000000 0.000000 1.000000
0.992399 0.019585 -0.121496 -0.000000 -0.031789 0.994546 -0.099339 12.406000 0.118888 0.102446 0.987608 0.000000 0.000000 0.000000 0.000000 1.000000
0.991591 0.017808 -0.128182 0.000000 -0.030261 0.994933 -0.095876 12.406000 0.125825 0.098949 0.987105 0.000000 0.000000 0.000000 0.000000 1.000000
0.991008 0.010256 -0.133410 -0.000000 -0.023380 0.994992 -0.097181 12.406000 0.131745 0.099427 0.986285 0.000000 0.000000 0.000000 0.000000 1.000000
0.990039 0.003056 -0.140761 0.000000 -0.017384 0.994768 -0.100668 12.406000 0.139717 0.102112 0.984912 -0.000000 0.000000 0.000000 0.000000 1.000000
0.988996 -0.002494 -0.147923 0.000000 -0.013178 0.994398 -0.104872 12.406000 0.147356 0.105667 0.983423 -0.000000 0.000000 0.000000 0.000000 1.000000
0.987885 -0.007929 -0.154984 0.000000 -0.008997 0.994088 -0.108208 12.406000 0.154925 0.108291 0.981973 -0.000000 0.000000 0.000000 0.000000 1.000000
0.986837 -0.011623 -0.161299 -0.000000 -0.006256 0.993924 -0.109894 12.406000 0.161596 0.109457 0.980768 -0.000000 0.000000 0.000000 0.000000 1.000000
0.985807 -0.014883 -0.167219 -0.000000 -0.004275 0.993514 -0.113626 12.406000 0.167826 0.112729 0.979350 0.000000 0.000000 0.000000 0.000000 1.000000
0.985455 -0.014022 -0.169358 -0.000000 -0.006055 0.993060 -0.117454 12.406000 0.169829 0.116771 0.978531 0.000000 0.000000 0.000000 0.000000 1.000000
0.985451 -0.008692 -0.169736 0.000000 -0.011433 0.993038 -0.117235 12.406000 0.169573 0.117470 0.978492 0.000000 0.000000 0.000000 0.000000 1.000000
0.984638 -0.004403 -0.174550 0.000000 -0.015909 0.993262 -0.114798 12.406000 0.173880 0.115811 0.977933 0.000000 0.000000 0.000000 0.000000 1.000000
0.984468 -0.003166 -0.175533 0.000000 -0.016767 0.993572 -0.111956 12.406000 0.174759 0.113160 0.978087 0.000000 0.000000 0.000000 0.000000 1.000000
0.984923 -0.005374 -0.172909 0.000000 -0.013899 0.993827 -0.110063 12.406000 0.172433 0.110807 0.978769 0.000000 0.000000 0.000000 0.000000 1.000000
0.985394 -0.010854 -0.169945 -0.000000 -0.007908 0.993973 -0.109338 12.406000 0.170108 0.109085 0.979369 -0.000000 0.000000 0.000000 0.000000 1.000000
0.986799 -0.016942 -0.161064 0.000000 -0.000708 0.994052 -0.108901 12.406000 0.161951 0.107577 0.980917 0.000000 0.000000 0.000000 0.000000 1.000000
0.988861 -0.024472 -0.146819 0.000000 0.008436 0.994020 -0.108872 12.406000 0.148605 0.106421 0.983154 0.000000 0.000000 0.000000 0.000000 1.000000
0.990671 -0.031827 -0.132505 0.000000 0.017352 0.993891 -0.108996 12.406000 0.135165 0.105680 0.985171 0.000000 0.000000 0.000000 0.000000 1.000000
0.991931 -0.037505 -0.121107 0.000000 0.024218 0.993705 -0.109376 12.406000 0.124447 0.105560 0.986595 0.000000 0.000000 0.000000 0.000000 1.000000
0.992681 -0.042871 -0.112896 0.000000 0.030363 0.993438 -0.110267 12.406000 0.116883 0.106032 0.987469 0.000000 0.000000 0.000000 0.000000 1.000000
0.993180 -0.047072 -0.106668 0.000000 0.035006 0.993059 -0.112292 12.406000 0.111213 0.107792 0.987934 0.000000 0.000000 0.000000 0.000000 1.000000
0.993500 -0.050275 -0.102129 -0.000000 0.038354 0.992566 -0.115510 12.406000 0.107177 0.110842 0.988042 0.000000 0.000000 0.000000 0.000000 1.000000
0.993883 -0.050634 -0.098148 -0.000000 0.038524 0.991834 -0.121576 12.406000 0.103502 0.117051 0.987718 0.000000 0.000000 0.000000 0.000000 1.000000
0.994346 -0.047900 -0.094770 0.000000 0.035129 0.990613 -0.132108 12.406000 0.100209 0.128032 0.986695 0.000000 0.000000 0.000000 0.000000 1.000000
0.995007 -0.041094 -0.090953 0.000000 0.026999 0.988150 -0.151098 12.406000 0.096084 0.147888 0.984326 -0.000000 0.000000 0.000000 0.000000 1.000000
0.995616 -0.034920 -0.086772 0.000000 0.020137 0.985964 -0.165738 12.406000 0.091342 0.163264 0.982345 0.000000 0.000000 0.000000 0.000000 1.000000
0.996007 -0.031258 -0.083629 -0.000000 0.016995 0.985961 -0.166108 12.406000 0.087647 0.164024 0.982555 0.000000 0.000000 0.000000 0.000000 1.000000
0.996349 -0.027323 -0.080885 0.000000 0.014067 0.986996 -0.160127 12.406000 0.084209 0.158405 0.983777 0.000000 0.000000 0.000000 0.000000 1.000000
0.996219 -0.025323 -0.083108 0.000000 0.012190 0.987859 -0.154873 12.406000 0.086021 0.153274 0.984433 0.000000 0.000000 0.000000 0.000000 1.000000
0.996154 -0.022141 -0.084772 0.000000 0.009331 0.988850 -0.148621 12.406000 0.087117 0.147258 0.985254 0.000000 0.000000 0.000000 0.000000 1.000000
0.996357 -0.017498 -0.083464 0.000000 0.005515 0.989896 -0.141689 12.406000 0.085099 0.140713 0.986386 -0.000000 0.000000 0.000000 0.000000 1.000000
0.996204 -0.012110 -0.086205 0.000000 0.000439 0.990963 -0.134134 12.406000 0.087050 0.133587 0.987207 0.000000 0.000000 0.000000 0.000000 1.000000
0.995577 -0.009822 -0.093429 -0.000000 -0.001663 0.992521 -0.122060 12.406000 0.093929 0.121676 0.988116 0.000000 0.000000 0.000000 0.000000 1.000000
0.995042 -0.003295 -0.099396 -0.000000 -0.008417 0.993075 -0.117181 12.406000 0.099094 0.117436 0.988124 0.000000 0.000000 0.000000 0.000000 1.000000
0.994512 0.003417 -0.104564 -0.000000 -0.015342 0.993425 -0.113456 12.406000 0.103489 0.114438 0.988025 0.000000 0.000000 0.000000 0.000000 1.000000
0.993796 0.009019 -0.110850 0.000000 -0.021293 0.993698 -0.110050 12.406000 0.109159 0.111727 0.987725 -0.000000 0.000000 0.000000 0.000000 1.000000
0.993147 0.014682 -0.115943 0.000000 -0.027122 0.993947 -0.106457 12.406000 0.113678 0.108872 0.987534 0.000000 0.000000 0.000000 0.000000 1.000000</float_array>
        <technique_common>
          <accessor source="#mixamorig_Spine1-Matrix-animation-output-transform-array" count="37" stride="16">
            <param type="float4x4"/>
          </accessor>
        </technique_common>
      </source>
      <source id="mixamorig_Spine1-Interpolations">
        <Name_array id="mixamorig_Spine1-Interpolations-array" count="37">
 LINEAR LINEAR LINEAR LINEAR LINEAR LINEAR LINEAR LINEAR LINEAR LINEAR LINEAR
LINEAR LINEAR LINEAR LINEAR LINEAR LINEAR LINEAR LINEAR LINEAR LINEAR LINEAR LINEAR
LINEAR LINEAR LINEAR LINEAR LINEAR LINEAR LINEAR LINEAR LINEAR LINEAR LINEAR LINEAR
LINEAR LINEAR</Name_array>
        <technique_common>
          <accessor source="#mixamorig_Spine1-Interpolations-array" count="37">
            <param type="name"/>
          </accessor>
        </technique_common>
      </source>
      <sampler id="mixamorig_Spine1-Matrix-animation-transform">
        <input semantic="INPUT" source="#mixamorig_Spine1-Matrix-animation-input"/>
        <input semantic="OUTPUT" source="#mixamorig_Spine1-Matrix-animation-output-transform"/>
        <input semantic="INTERPOLATION" source="#mixamorig_Spine1-Interpolations"/>
      </sampler>
      <channel source="#mixamorig_Spine1-Matrix-animation-transform" target="mixamorig_Spine1/matrix"/>
    </animation>
    <animation id="mixamorig_Spine2-anim" name="mixamorig_Spine2">
      <source id="mixamorig_Spine2-Matrix-animation-input">
        <float_array id="mixamorig_Spine2-Matrix-animation-input-array" count="37">

0.000000 0.033333 0.066667 0.100000 0.133333 0.166667 0.200000 0.233333 0.266667 0.300000 0.333333 0.366667 0.400000 0.433333 0.466667 0.500000
0.533333 0.566667 0.600000 0.633333 0.666667 0.700000 0.733333 0.766667 0.800000 0.833333 0.866667 0.900000 0.933333 0.966667 1.000000 1.033333
1.066667 1.100000 1.133333 1.166667 1.200000</float_array>
        <technique_common>
          <accessor source="#mixamorig_Spine2-Matrix-animation-input-array" count="37">
            <param name="TIME" type="float"/>
          </accessor>
        </technique_common>
      </source>
      <source id="mixamorig_Spine2-Matrix-animation-output-transform">
        <float_array id="mixamorig_Spine2-Matrix-animation-output-transform-array" count="592">

0.992721 -0.007635 -0.120197 0.000000 -0.016786 0.979476 -0.200861 14.178300 0.119263 0.201417 0.972218 -0.000000 0.000000 0.000000 0.000000 1.000000
0.992019 -0.003850 -0.126026 0.000000 -0.020894 0.980694 -0.194430 14.178300 0.124341 0.195511 0.972787 0.000000 0.000000 0.000000 0.000000 1.000000
0.991234 -0.006892 -0.131936 0.000000 -0.018753 0.981187 -0.192149 14.178300 0.130778 0.192938 0.972457 -0.000000 0.000000 0.000000 0.000000 1.000000
0.990667 -0.015348 -0.135434 0.000000 -0.011389 0.980844 -0.194460 14.178300 0.135824 0.194188 0.971516 0.000000 0.000000 0.000000 0.000000 1.000000
0.989721 -0.024083 -0.140971 0.000000 -0.004492 0.979997 -0.198961 14.178300 0.142943 0.197549 0.969815 -0.000000 0.000000 0.000000 0.000000 1.000000
0.988713 -0.031219 -0.146534 0.000000 0.000639 0.978919 -0.204249 14.178300 0.149822 0.201850 0.967890 0.000000 0.000000 0.000000 0.000000 1.000000
0.987632 -0.037993 -0.152116 -0.000000 0.005504 0.977999 -0.208537 14.178300 0.156692 0.205120 0.966112 0.000000 0.000000 0.000000 0.000000 1.000000
0.986605 -0.042683 -0.157446 -0.000000 0.008588 0.977414 -0.211159 14.178300 0.162902 0.206978 0.964688 0.000000 0.000000 0.000000 0.000000 1.000000
0.985556 -0.047019 -0.162691 0.000000 0.011059 0.976502 -0.215225 14.178300 0.168988 0.210317 0.962917 0.000000 0.000000 0.000000 0.000000 1.000000
0.985140 -0.047003 -0.165195 -0.000000 0.009711 0.975530 -0.219652 14.178300 0.171477 0.214784 0.961490 -0.000000 0.000000 0.000000 0.000000 1.000000
0.984992 -0.042502 -0.167286 -0.000000 0.004740 0.975503 -0.219934 14.178300 0.172535 0.215841 0.961064 0.000000 0.000000 0.000000 0.000000 1.000000
0.983992 -0.039949 -0.173678 0.000000 0.001101 0.975895 -0.218236 14.178300 0.178210 0.214551 0.960317 0.000000 0.000000 0.000000 0.000000 1.000000
0.983715 -0.039977 -0.175235 0.000000 0.001293 0.976499 -0.215517 14.178300 0.179732 0.211781 0.960648 0.000000 0.000000 0.000000 0.000000 1.000000
0.984118 -0.042976 -0.172232 0.000000 0.005389 0.977037 -0.213001 14.178300 0.177431 0.208690 0.961752 0.000000 0.000000 0.000000 0.000000 1.000000
0.984529 -0.048448 -0.168392 -0.000000 0.012083 0.977499 -0.210595 14.178300 0.174806 0.205302 0.962961 0.000000 0.000000 0.000000 0.000000 1.000000
0.985943 -0.052721 -0.158545 -0.000000 0.018856 0.977959 -0.207942 14.178300 0.166013 0.202029 0.965207 0.000000 0.000000 0.000000 0.000000 1.000000
0.988031 -0.056070 -0.143702 0.000000 0.025644 0.978339 -0.205414 14.178300 0.152107 0.199271 0.968067 0.000000 0.000000 0.000000 0.000000 1.000000
0.989895 -0.059747 -0.128598 -0.000000 0.032604 0.978502 -0.203645 14.178300 0.138001 0.197394 0.970562 0.000000 0.000000 0.000000 0.000000 1.000000
0.991237 -0.062222 -0.116521 0.000000 0.037620 0.978556 -0.202516 14.178300 0.126623 0.196358 0.972322 -0.000000 0.000000 0.000000 0.000000 1.000000
0.992052 -0.065404 -0.107493 0.000000 0.042643 0.978495 -0.201813 14.178300 0.118381 0.195625 0.973507 0.000000 0.000000 0.000000 0.000000 1.000000
0.992585 -0.068294 -0.100552 0.000000 0.046771 0.978136 -0.202639 14.178300 0.112193 0.196434 0.974077 0.000000 0.000000 0.000000 0.000000 1.000000
0.992889 -0.070846 -0.095664 0.000000 0.049980 0.977456 -0.205137 14.178300 0.108041 0.198897 0.974047 0.000000 0.000000 0.000000 0.000000 1.000000
0.993241 -0.071053 -0.091777 0.000000 0.050325 0.976166 -0.211111 14.178300 0.104590 0.205066 0.973144 -0.000000 0.000000 0.000000 0.000000 1.000000
0.993653 -0.068936 -0.088887 0.000000 0.047729 0.973930 -0.221773 14.178300 0.101858 0.216123 0.971039 0.000000 0.000000 0.000000 0.000000 1.000000
0.994236 -0.064134 -0.085919 0.000000 0.041704 0.969590 -0.241156 14.178300 0.098773 0.236183 0.966675 0.000000 0.000000 0.000000 0.000000 1.000000
0.994795 -0.059594 -0.082657 0.000000 0.036608 0.966012 -0.255894 14.178300 0.095098 0.251536 0.963165 0.000000 0.000000 0.000000 0.000000 1.000000
0.995197 -0.055840 -0.080409 -0.000000 0.033481 0.965980 -0.256442 14.178300 0.091994 0.252518 0.963209 -0.000000 0.000000 0.000000 0.000000 1.000000
0.995579 -0.051083 -0.078820 0.000000 0.029795 0.967591 -0.250758 14.178300 0.089075 0.247301 0.964836 0.000000 0.000000 0.000000 0.000000 1.000000
0.995430 -0.049073 -0.081915 0.000000 0.027544 0.968942 -0.245751 14.178300 0.091430 0.242371 0.965866 -0.000000 0.000000 0.000000 0.000000 1.000000
0.995362 -0.045769 -0.084613 0.000000 0.024232 0.970493 -0.239908 14.178300 0.093097 0.236745 0.967101 -0.000000 0.000000 0.000000 0.000000 1.000000
0.995607 -0.040566 -0.084383 -0.000000 0.019816 0.972143 -0.233549 14.178300 0.091506 0.230851 0.968677 0.000000 0.000000 0.000000 0.000000 1.000000
0.995499 -0.035029 -0.088057 -0.000000 0.014226 0.973886 -0.226592 14.178300 0.093695 0.224319 0.970001 0.000000 0.000000 0.000000 0.000000 1.000000
0.994925 -0.031853 -0.095449 0.000000 0.010694 0.976673 -0.214466 14.178300 0.100054 0.212357 0.972056 0.000000 0.000000 0.000000 0.000000 1.000000
0.994451 -0.025219 -0.102130 -0.000000 0.003252 0.977745 -0.209773 14.178300 0.105148 0.208277 0.972402 -0.000000 0.000000 0.000000 0.000000 1.000000
0.993984 -0.018382 -0.107967 0.000000 -0.004324 0.978459 -0.206398 14.178300 0.109436 0.205623 0.972493 0.000000 0.000000 0.000000 0.000000 1.000000
0.993321 -0.013040 -0.114643 0.000000 -0.010642 0.979003 -0.203568 14.178300 0.114891 0.203429 0.972326 0.000000 0.000000 0.000000 0.000000 1.000000
0.992725 -0.007613 -0.120161 -0.000000 -0.016801 0.979476 -0.200860 14.178300 0.119223 0.201418 0.972222 -0.000000 0.000000 0.000000 0.000000 1.000000</float_array>
        <technique_common>
          <accessor source="#mixamorig_Spine2-Matrix-animation-output-transform-array" count="37" stride="16">
            <param type="float4x4"/>
          </accessor>
        </technique_common>
      </source>
      <source id="mixamorig_Spine2-Interpolations">
        <Name_array id="mixamorig_Spine2-Interpolations-array" count="37">
 LINEAR LINEAR LINEAR LINEAR LINEAR LINEAR LINEAR LINEAR LINEAR LINEAR LINEAR
LINEAR LINEAR LINEAR LINEAR LINEAR LINEAR LINEAR LINEAR LINEAR LINEAR LINEAR LINEAR
LINEAR LINEAR LINEAR LINEAR LINEAR LINEAR LINEAR LINEAR LINEAR LINEAR LINEAR LINEAR
LINEAR LINEAR</Name_array>
        <technique_common>
          <accessor source="#mixamorig_Spine2-Interpolations-array" count="37">
            <param type="name"/>
          </accessor>
        </technique_common>
      </source>
      <sampler id="mixamorig_Spine2-Matrix-animation-transform">
        <input semantic="INPUT" source="#mixamorig_Spine2-Matrix-animation-input"/>
        <input semantic="OUTPUT" source="#mixamorig_Spine2-Matrix-animation-output-transform"/>
        <input semantic="INTERPOLATION" source="#mixamorig_Spine2-Interpolations"/>
      </sampler>
      <channel source="#mixamorig_Spine2-Matrix-animation-transform" target="mixamorig_Spine2/matrix"/>
    </animation>
    <animation id="mixamorig_Neck-anim" name="mixamorig_Neck">
      <source id="mixamorig_Neck-Matrix-animation-input">
        <float_array id="mixamorig_Neck-Matrix-animation-input-array" count="37">

0.000000 0.033333 0.066667 0.100000 0.133333 0.166667 0.200000 0.233333 0.266667 0.300000 0.333333 0.366667 0.400000 0.433333 0.466667 0.500000
0.533333 0.566667 0.600000 0.633333 0.666667 0.700000 0.733333 0.766667 0.800000 0.833333 0.866667 0.900000 0.933333 0.966667 1.000000 1.033333
1.066667 1.100000 1.133333 1.166667 1.200000</float_array>
        <technique_common>
          <accessor source="#mixamorig_Neck-Matrix-animation-input-array" count="37">
            <param name="TIME" type="float"/>
          </accessor>
        </technique_common>
      </source>
      <source id="mixamorig_Neck-Matrix-animation-output-transform">
        <float_array id="mixamorig_Neck-Matrix-animation-output-transform-array" count="592">

0.958818 0.222986 0.175911 0.024400 -0.204510 0.971824 -0.117192 15.862300 -0.197087 0.076390 0.977405 -1.675800 0.000000 0.000000 0.000000 1.000000
0.958448 0.224740 0.175696 0.024400 -0.205523 0.971136 -0.121062 15.862300 -0.197832 0.079922 0.976972 -1.675800 0.000000 0.000000 0.000000 1.000000
0.958368 0.225648 0.174966 0.024400 -0.205926 0.970690 -0.123920 15.862300 -0.197800 0.082731 0.976745 -1.675800 0.000000 0.000000 0.000000 1.000000
0.958339 0.226359 0.174207 0.024400 -0.206197 0.970304 -0.126465 15.862300 -0.197661 0.085276 0.976554 -1.675800 0.000000 0.000000 0.000000 1.000000
0.958540 0.226164 0.173354 0.024400 -0.205766 0.970195 -0.127993 15.862300 -0.197135 0.087016 0.976507 -1.675800 0.000000 0.000000 0.000000 1.000000
0.958781 0.225582 0.172778 0.024400 -0.205047 0.970227 -0.128900 15.862300 -0.196712 0.088159 0.976490 -1.675800 0.000000 0.000000 0.000000 1.000000
0.959040 0.224754 0.172418 0.024400 -0.204137 0.970350 -0.129415 15.862300 -0.196393 0.088918 0.976485 -1.675800 0.000000 0.000000 0.000000 1.000000
0.959350 0.223682 0.172090 0.024400 -0.203030 0.970547 -0.129682 15.862300 -0.196029 0.089471 0.976508 -1.675800 0.000000 0.000000 0.000000 1.000000
0.959835 0.221750 0.171881 0.024400 -0.201266 0.971028 -0.128829 15.862300 -0.195469 0.089061 0.976658 -1.675800 0.000000 0.000000 0.000000 1.000000
0.959894 0.220673 0.172934 0.024400 -0.200257 0.971354 -0.127942 15.862300 -0.196214 0.088179 0.976588 -1.675800 0.000000 0.000000 0.000000 1.000000
0.959912 0.220120 0.173543 0.024400 -0.199431 0.971385 -0.128989 15.862300 -0.196970 0.089208 0.976342 -1.675800 0.000000 0.000000 0.000000 1.000000
0.959553 0.221008 0.174396 0.024400 -0.199940 0.971076 -0.130518 15.862300 -0.198197 0.090370 0.975987 -1.675800 0.000000 0.000000 0.000000 1.000000
0.959441 0.221559 0.174314 0.024400 -0.200334 0.970881 -0.131363 15.862300 -0.198342 0.091114 0.975889 -1.675800 0.000000 0.000000 0.000000 1.000000
0.959416 0.221951 0.173950 0.024400 -0.201016 0.970907 -0.130126 15.862300 -0.197771 0.089878 0.976119 -1.675800 0.000000 0.000000 0.000000 1.000000
0.959796 0.221348 0.172618 0.024400 -0.201161 0.971293 -0.126984 15.862300 -0.195770 0.087154 0.976769 -1.675800 0.000000 0.000000 0.000000 1.000000
0.960122 0.221196 0.170992 0.024400 -0.201696 0.971534 -0.124257 15.862300 -0.193610 0.084814 0.977406 -1.675800 0.000000 0.000000 0.000000 1.000000
0.960412 0.221391 0.169100 0.024400 -0.202425 0.971620 -0.122389 15.862300 -0.191397 0.083314 0.977970 -1.675800 0.000000 0.000000 0.000000 1.000000
0.960104 0.224147 0.167207 0.024400 -0.205065 0.970863 -0.123992 15.862300 -0.190127 0.084757 0.978094 -1.675800 0.000000 0.000000 0.000000 1.000000
0.959947 0.225090 0.166843 0.024400 -0.206017 0.970639 -0.124162 15.862300 -0.189892 0.084816 0.978135 -1.675800 0.000000 0.000000 0.000000 1.000000
0.959809 0.224545 0.168365 0.024400 -0.204996 0.970634 -0.125881 15.862300 -0.191687 0.086308 0.977654 -1.675800 0.000000 0.000000 0.000000 1.000000
0.959317 0.224945 0.170618 0.024400 -0.204719 0.970376 -0.128302 15.862300 -0.194424 0.088154 0.976948 -1.675800 0.000000 0.000000 0.000000 1.000000
0.958613 0.226063 0.173080 0.024400 -0.205106 0.969950 -0.130878 15.862300 -0.197465 0.089962 0.976173 -1.675800 0.000000 0.000000 0.000000 1.000000
0.958240 0.226869 0.174087 0.024400 -0.205643 0.969713 -0.131785 15.862300 -0.198712 0.090482 0.975872 -1.675800 0.000000 0.000000 0.000000 1.000000
0.958377 0.226032 0.174424 0.024400 -0.204893 0.969958 -0.131153 15.862300 -0.198828 0.089956 0.975897 -1.675800 0.000000 0.000000 0.000000 1.000000
0.958916 0.224477 0.173464 0.024400 -0.203669 0.970388 -0.129870 15.862300 -0.197481 0.089205 0.976240 -1.675800 0.000000 0.000000 0.000000 1.000000
0.958873 0.223951 0.174380 0.024400 -0.203228 0.970596 -0.129007 15.862300 -0.198144 0.088262 0.976191 -1.675800 0.000000 0.000000 0.000000 1.000000
0.959055 0.223636 0.173784 0.024400 -0.203220 0.970765 -0.127739 15.862300 -0.197271 0.087192 0.976464 -1.675800 0.000000 0.000000 0.000000 1.000000
0.959401 0.223268 0.172340 0.024400 -0.203405 0.971004 -0.125610 15.862300 -0.195388 0.085456 0.976996 -1.675800 0.000000 0.000000 0.000000 1.000000
0.959778 0.222945 0.170648 0.024400 -0.203747 0.971268 -0.122985 15.862300 -0.193164 0.083269 0.977627 -1.675800 0.000000 0.000000 0.000000 1.000000
0.960134 0.222437 0.169304 0.024400 -0.203918 0.971596 -0.120080 15.862300 -0.191205 0.080769 0.978221 -1.675800 0.000000 0.000000 0.000000 1.000000
0.960308 0.222075 0.168792 0.024400 -0.204030 0.971846 -0.117847 15.862300 -0.190211 0.078731 0.978581 -1.675800 0.000000 0.000000 0.000000 1.000000
0.960248 0.221427 0.169985 0.024400 -0.203574 0.972125 -0.116319 15.862300 -0.191002 0.077090 0.978558 -1.675800 0.000000 0.000000 0.000000 1.000000
0.960212 0.220360 0.171562 0.024400 -0.202766 0.972534 -0.114299 15.862300 -0.192037 0.074965 0.978520 -1.675800 0.000000 0.000000 0.000000 1.000000
0.960095 0.219859 0.172858 0.024400 -0.202352 0.972735 -0.113316 15.862300 -0.193058 0.073816 0.978407 -1.675800 0.000000 0.000000 0.000000 1.000000
0.959807 0.219973 0.174305 0.024400 -0.202448 0.972768 -0.112861 15.862300 -0.194384 0.073037 0.978203 -1.675800 0.000000 0.000000 0.000000 1.000000
0.959389 0.220978 0.175331 0.024400 -0.203171 0.972490 -0.113947 15.862300 -0.195687 0.073697 0.977893 -1.675800 0.000000 0.000000 0.000000 1.000000
0.958827 0.222977 0.175875 0.024400 -0.204503 0.971825 -0.117192 15.862300 -0.197050 0.076400 0.977412 -1.675800 0.000000 0.000000 0.000000 1.000000</float_array>
        <technique_common>
          <accessor source="#mixamorig_Neck-Matrix-animation-output-transform-array" count="37" stride="16">
            <param type="float4x4"/>
          </accessor>
        </technique_common>
      </source>
      <source id="mixamorig_Neck-Interpolations">
        <Name_array id="mixamorig_Neck-Interpolations-array" count="37">
 LINEAR LINEAR LINEAR LINEAR LINEAR LINEAR LINEAR LINEAR LINEAR LINEAR LINEAR
LINEAR LINEAR LINEAR LINEAR LINEAR LINEAR LINEAR LINEAR LINEAR LINEAR LINEAR LINEAR
LINEAR LINEAR LINEAR LINEAR LINEAR LINEAR LINEAR LINEAR LINEAR LINEAR LINEAR LINEAR
LINEAR LINEAR</Name_array>
        <technique_common>
          <accessor source="#mixamorig_Neck-Interpolations-array" count="37">
            <param type="name"/>
          </accessor>
        </technique_common>
      </source>
      <sampler id="mixamorig_Neck-Matrix-animation-transform">
        <input semantic="INPUT" source="#mixamorig_Neck-Matrix-animation-input"/>
        <input semantic="OUTPUT" source="#mixamorig_Neck-Matrix-animation-output-transform"/>
        <input semantic="INTERPOLATION" source="#mixamorig_Neck-Interpolations"/>
      </sampler>
      <channel source="#mixamorig_Neck-Matrix-animation-transform" target="mixamorig_Neck/matrix"/>
    </animation>
    <animation id="mixamorig_Head-anim" name="mixamorig_Head">
      <source id="mixamorig_Head-Matrix-animation-input">
        <float_array id="mixamorig_Head-Matrix-animation-input-array" count="37">

0.000000 0.033333 0.066667 0.100000 0.133333 0.166667 0.200000 0.233333 0.266667 0.300000 0.333333 0.366667 0.400000 0.433333 0.466667 0.500000
0.533333 0.566667 0.600000 0.633333 0.666667 0.700000 0.733333 0.766667 0.800000 0.833333 0.866667 0.900000 0.933333 0.966667 1.000000 1.033333
1.066667 1.100000 1.133333 1.166667 1.200000</float_array>
        <technique_common>
