<?xml version="1.0" encoding="utf-8"?>
<COLLADA xmlns="http://www.collada.org/2005/11/COLLADASchema" version="1.4.1">
  <asset>
    <contributor>
      <author>Mixamo</author>
      <authoring_tool>COLLADA Mixamo exporter</authoring_tool>
      <comments/>
    </contributor>
    <created>2023-08-01T19:40:18Z</created>
    <modified>2023-08-01T19:40:18Z</modified>
    <revision/>
    <title/>
    <unit meter="0.010000"/>
    <up_axis>Y_UP</up_axis>
  </asset>
  <library_animations>
    <animation id="mixamorig_Hips-anim" name="mixamorig_Hips">
      <source id="mixamorig_Hips-Matrix-animation-input">
        <float_array id="mixamorig_Hips-Matrix-animation-input-array" count="38">

0.000000 0.033333 0.066667 0.100000 0.133333 0.166667 0.200000 0.233333 0.266667 0.300000 0.333333 0.366667 0.400000 0.433333 0.466667 0.500000
0.533333 0.566667 0.600000 0.633333 0.666667 0.700000 0.733333 0.766667 0.800000 0.833333 0.866667 0.900000 0.933333 0.966667 1.000000 1.033333
1.066667 1.100000 1.133333 1.166667 1.200000 1.233333</float_array>
        <technique_common>
          <accessor source="#mixamorig_Hips-Matrix-animation-input-array" count="38">
            <param name="TIME" type="float"/>
          </accessor>
        </technique_common>
      </source>
      <source id="mixamorig_Hips-Matrix-animation-output-transform">
        <float_array id="mixamorig_Hips-Matrix-animation-output-transform-array" count="608">

0.826450 -0.189104 -0.530302 -0.123247 -0.035762 0.922370 -0.384648 77.536209 0.561874 0.336857 0.755530 0.559456 0.000000 0.000000 0.000000 1.000000
0.826457 -0.178577 -0.533928 -0.055683 -0.051688 0.920290 -0.387807 78.263870 0.560622 0.348104 0.751350 1.092432 0.000000 0.000000 0.000000 1.000000
0.827734 -0.169226 -0.534995 0.130412 -0.065043 0.918075 -0.391034 78.839035 0.557339 0.358470 0.748915 1.915317 0.000000 0.000000 0.000000 1.000000
0.830487 -0.161864 -0.533002 0.458581 -0.075744 0.915149 -0.395935 79.252319 0.551864 0.369191 0.747760 2.933814 0.000000 0.000000 0.000000 1.000000
0.831434 -0.156892 -0.533012 0.922829 -0.083423 0.913181 -0.398925 79.331406 0.549325 0.376145 0.746161 4.111869 0.000000 0.000000 0.000000 1.000000
0.830785 -0.154062 -0.534847 1.469924 -0.089300 0.911586 -0.401293 79.146744 0.549383 0.381150 0.743574 5.135753 0.000000 0.000000 0.000000 1.000000
0.830577 -0.152937 -0.535493 2.031093 -0.090712 0.911558 -0.401040 78.829422 0.549467 0.381670 0.743246 5.950382 0.000000 0.000000 0.000000 1.000000
0.831465 -0.157130 -0.532895 2.731125 -0.085509 0.911550 -0.402200 78.542145 0.548958 0.379982 0.744486 6.484376 0.000000 0.000000 0.000000 1.000000
0.832176 -0.154833 -0.532457 3.576939 -0.087226 0.911721 -0.401444 78.475250 0.547609 0.380516 0.745206 6.451696 0.000000 0.000000 0.000000 1.000000
0.833977 -0.151931 -0.530471 4.417480 -0.091030 0.910295 -0.403827 78.273697 0.544239 0.385071 0.745335 5.939477 0.000000 0.000000 0.000000 1.000000
0.837032 -0.145466 -0.527462 5.259827 -0.096133 0.909918 -0.403495 78.418442 0.538642 0.388445 0.747647 5.073221 0.000000 0.000000 0.000000 1.000000
0.835197 -0.139443 -0.531979 5.956668 -0.100263 0.912502 -0.396596 78.476311 0.540734 0.384573 0.748138 4.346339 0.000000 0.000000 0.000000 1.000000
0.833876 -0.139807 -0.533952 6.386425 -0.098475 0.914185 -0.393153 78.432594 0.543096 0.380422 0.748549 4.161098 0.000000 0.000000 0.000000 1.000000
0.834158 -0.139098 -0.533697 6.740889 -0.092358 0.918780 -0.383815 78.348595 0.543738 0.369453 0.753561 4.130955 0.000000 0.000000 0.000000 1.000000
0.838886 -0.138209 -0.526468 6.940561 -0.088775 0.919534 -0.382852 77.908989 0.537019 0.367906 0.759115 4.322355 0.000000 0.000000 0.000000 1.000000
0.844657 -0.140892 -0.516434 7.137589 -0.082474 0.918972 -0.385602 77.534035 0.528916 0.368294 0.764596 4.730830 0.000000 0.000000 0.000000 1.000000
0.847140 -0.145747 -0.510991 7.212755 -0.076080 0.918472 -0.388098 77.328857 0.525895 0.367650 0.766986 5.166574 0.000000 0.000000 0.000000 1.000000
0.850799 -0.146897 -0.504541 7.297169 -0.071470 0.918864 -0.388047 77.353546 0.520608 0.366210 0.771270 5.468554 0.000000 0.000000 0.000000 1.000000
0.851897 -0.144223 -0.503459 7.337327 -0.071522 0.920287 -0.384651 77.412071 0.518803 0.363691 0.773675 5.888759 0.000000 0.000000 0.000000 1.000000
0.849490 -0.143185 -0.507803 7.340737 -0.073974 0.920639 -0.383342 77.407104 0.522393 0.363210 0.771482 6.257584 0.000000 0.000000 0.000000 1.000000
0.845429 -0.142604 -0.514698 7.247056 -0.075546 0.922076 -0.379563 77.242561 0.528718 0.359777 0.768777 6.518931 0.000000 0.000000 0.000000 1.000000
0.839819 -0.143595 -0.523531 7.046844 -0.075479 0.924129 -0.374551 77.049034 0.537593 0.354070 0.765263 6.756968 0.000000 0.000000 0.000000 1.000000
0.830606 -0.151006 -0.535995 6.687307 -0.074042 0.924036 -0.375067 76.814171 0.551916 0.351219 0.756329 6.915374 0.000000 0.000000 0.000000 1.000000
0.820867 -0.159359 -0.548436 6.277596 -0.071720 0.923918 -0.375809 76.494789 0.566598 0.347823 0.746985 6.925609 0.000000 0.000000 0.000000 1.000000
0.812953 -0.167777 -0.557636 5.790668 -0.068775 0.923232 -0.378039 76.069321 0.578253 0.345679 0.739005 6.898102 0.000000 0.000000 0.000000 1.000000
0.806241 -0.172139 -0.565990 5.200808 -0.067659 0.923622 -0.377287 75.520012 0.587706 0.342478 0.733014 6.686251 0.000000 0.000000 0.000000 1.000000
0.800771 -0.177040 -0.572209 4.522603 -0.066919 0.922896 -0.379191 74.896088 0.595221 0.341936 0.727181 6.280438 0.000000 0.000000 0.000000 1.000000
0.800459 -0.176108 -0.572933 3.714168 -0.066502 0.923867 -0.376890 74.307289 0.595687 0.339787 0.727806 5.673475 0.000000 0.000000 0.000000 1.000000
0.806460 -0.165730 -0.567587 2.804069 -0.069476 0.926707 -0.369305 73.867569 0.587192 0.337264 0.735838 4.831760 0.000000 0.000000 0.000000 1.000000
0.811529 -0.164906 -0.560559 1.929381 -0.061858 0.929711 -0.363057 73.556473 0.581028 0.329306 0.744287 4.015692 0.000000 0.000000 0.000000 1.000000
0.818394 -0.175381 -0.547241 1.163710 -0.048028 0.928084 -0.369261 73.280182 0.572647 0.328485 0.751115 3.429200 0.000000 0.000000 0.000000 1.000000
0.827257 -0.183492 -0.531015 0.551975 -0.033468 0.927389 -0.372597 73.166069 0.560826 0.326006 0.761048 2.929728 0.000000 0.000000 0.000000 1.000000
0.832845 -0.189264 -0.520142 0.158811 -0.020669 0.928434 -0.370923 73.436295 0.553120 0.319672 0.769330 2.308084 0.000000 0.000000 0.000000 1.000000
0.829963 -0.191497 -0.523919 -0.045207 -0.016354 0.930471 -0.366002 73.947617 0.557579 0.312336 0.769124 1.626586 0.000000 0.000000 0.000000 1.000000
0.826058 -0.190459 -0.530428 -0.074629 -0.015491 0.933138 -0.359184 74.990326 0.563372 0.304923 0.767876 0.849139 0.000000 0.000000 0.000000 1.000000
0.825265 -0.196236 -0.529555 -0.063285 -0.012980 0.930850 -0.365171 75.917465 0.564596 0.308236 0.765651 0.481221 0.000000 0.000000 0.000000 1.000000
0.827063 -0.195823 -0.526897 -0.078301 -0.020419 0.926272 -0.376303 76.715897 0.561738 0.321985 0.762087 0.410750 0.000000 0.000000 0.000000 1.000000
0.826457 -0.189082 -0.530300 -0.122689 -0.035804 0.922359 -0.384672 77.535133 0.561861 0.336901 0.755520 0.559352 0.000000 0.000000 0.000000 1.000000</float_array>
        <technique_common>
          <accessor source="#mixamorig_Hips-Matrix-animation-output-transform-array" count="38" stride="16">
            <param type="float4x4"/>
          </accessor>
        </technique_common>
      </source>
      <source id="mixamorig_Hips-Interpolations">
        <Name_array id="mixamorig_Hips-Interpolations-array" count="38">
 LINEAR LINEAR LINEAR LINEAR LINEAR LINEAR LINEAR LINEAR LINEAR LINEAR LINEAR
LINEAR LINEAR LINEAR LINEAR LINEAR LINEAR LINEAR LINEAR LINEAR LINEAR LINEAR LINEAR
LINEAR LINEAR LINEAR LINEAR LINEAR LINEAR LINEAR LINEAR LINEAR LINEAR LINEAR LINEAR
LINEAR LINEAR LINEAR</Name_array>
        <technique_common>
          <accessor source="#mixamorig_Hips-Interpolations-array" count="38">
            <param type="name"/>
          </accessor>
        </technique_common>
      </source>
      <sampler id="mixamorig_Hips-Matrix-animation-transform">
        <input semantic="INPUT" source="#mixamorig_Hips-Matrix-animation-input"/>
        <input semantic="OUTPUT" source="#mixamorig_Hips-Matrix-animation-output-transform"/>
        <input semantic="INTERPOLATION" source="#mixamorig_Hips-Interpolations"/>
      </sampler>
      <channel source="#mixamorig_Hips-Matrix-animation-transform" target="mixamorig_Hips/matrix"/>
    </animation>
    <animation id="mixamorig_Spine-anim" name="mixamorig_Spine">
      <source id="mixamorig_Spine-Matrix-animation-input">
        <float_array id="mixamorig_Spine-Matrix-animation-input-array" count="38">

0.000000 0.033333 0.066667 0.100000 0.133333 0.166667 0.200000 0.233333 0.266667 0.300000 0.333333 0.366667 0.400000 0.433333 0.466667 0.500000
0.533333 0.566667 0.600000 0.633333 0.666667 0.700000 0.733333 0.766667 0.800000 0.833333 0.866667 0.900000 0.933333 0.966667 1.000000 1.033333
1.066667 1.100000 1.133333 1.166667 1.200000 1.233333</float_array>
        <technique_common>
          <accessor source="#mixamorig_Spine-Matrix-animation-input-array" count="38">
            <param name="TIME" type="float"/>
          </accessor>
        </technique_common>
      </source>
      <source id="mixamorig_Spine-Matrix-animation-output-transform">
        <float_array id="mixamorig_Spine-Matrix-animation-output-transform-array" count="608">

0.994949 0.100325 0.003243 0.017300 -0.090080 0.906674 -0.412102 10.574800 -0.044285 0.409729 0.911132 -1.117200 0.000000 0.000000 0.000000 1.000000
0.996821 0.079530 0.004729 0.017300 -0.070225 0.905130 -0.419294 10.574800 -0.037626 0.417630 0.907838 -1.117200 0.000000 0.000000 0.000000 1.000000
0.998767 0.048970 0.008149 0.017300 -0.041162 0.908661 -0.415501 10.574800 -0.027752 0.414654 0.909556 -1.117200 0.000000 0.000000 0.000000 1.000000
0.999903 0.009338 0.010376 0.017300 -0.004365 0.915216 -0.402941 10.574800 -0.013259 0.402856 0.915167 -1.117200 0.000000 0.000000 0.000000 1.000000
0.999497 -0.029460 0.011758 0.017300 0.031718 0.924128 -0.380763 10.574800 0.000351 0.380945 0.924598 -1.117200 0.000000 0.000000 0.000000 1.000000
0.997843 -0.064314 0.013176 0.017300 0.064855 0.934563 -0.349836 10.574800 0.010186 0.349935 0.936718 -1.117200 0.000000 0.000000 0.000000 1.000000
0.996304 -0.084837 0.013418 0.017300 0.084622 0.942770 -0.322528 10.574800 0.014712 0.322471 0.946465 -1.117200 0.000000 0.000000 0.000000 1.000000
0.995033 -0.098837 0.011826 0.017300 0.097816 0.948837 -0.300233 10.574800 0.018454 0.299899 0.953792 -1.117200 0.000000 0.000000 0.000000 1.000000
0.994382 -0.105079 0.012796 0.017300 0.104021 0.947569 -0.302146 10.574800 0.019624 0.301780 0.953176 -1.117200 0.000000 0.000000 0.000000 1.000000
0.994566 -0.103345 0.012552 0.017300 0.102235 0.946832 -0.305054 10.574800 0.019641 0.304680 0.952252 -1.117200 0.000000 0.000000 0.000000 1.000000
0.995333 -0.095617 0.013044 0.017300 0.094568 0.939503 -0.329229 10.574800 0.019225 0.328926 0.944160 -1.117200 0.000000 0.000000 0.000000 1.000000
0.996736 -0.079460 0.014278 0.017300 0.079400 0.932825 -0.351472 10.574800 0.014609 0.351458 0.936090 -1.117200 0.000000 0.000000 0.000000 1.000000
0.998161 -0.058664 0.015278 0.017300 0.060273 0.933411 -0.353709 10.574800 0.006489 0.353980 0.935231 -1.117200 0.000000 0.000000 0.000000 1.000000
0.999262 -0.035731 0.014103 0.017300 0.038413 0.929613 -0.366529 10.574800 -0.000013 0.366801 0.930300 -1.117200 0.000000 0.000000 0.000000 1.000000
0.999600 -0.023925 0.015083 0.017300 0.027726 0.934213 -0.355635 10.574800 -0.005583 0.355911 0.934503 -1.117200 0.000000 0.000000 0.000000 1.000000
0.999747 -0.016567 0.015235 0.017300 0.020813 0.938144 -0.345620 10.574800 -0.008567 0.345850 0.938251 -1.117200 0.000000 0.000000 0.000000 1.000000
0.999862 -0.000996 0.016569 0.017300 0.006527 0.941372 -0.337308 10.574800 -0.015262 0.337369 0.941249 -1.117200 0.000000 0.000000 0.000000 1.000000
0.999794 0.011039 0.017040 0.017300 -0.004567 0.940033 -0.341052 10.574800 -0.019783 0.340904 0.939890 -1.117200 0.000000 0.000000 0.000000 1.000000
0.999660 0.018638 0.018231 0.017300 -0.011297 0.939847 -0.341408 10.574800 -0.023498 0.341086 0.939738 -1.117200 0.000000 0.000000 0.000000 1.000000
0.999475 0.025457 0.020048 0.017300 -0.017346 0.942923 -0.332558 10.574800 -0.027369 0.332036 0.942870 -1.117200 0.000000 0.000000 0.000000 1.000000
0.999020 0.038056 0.022604 0.017300 -0.028673 0.945452 -0.324497 10.574800 -0.033720 0.323531 0.945617 -1.117200 0.000000 0.000000 0.000000 1.000000
0.998301 0.052580 0.025114 0.017300 -0.041933 0.947527 -0.316913 10.574800 -0.040459 0.315322 0.948122 -1.117200 0.000000 0.000000 0.000000 1.000000
0.996933 0.072831 0.028631 0.017300 -0.061056 0.952743 -0.297578 10.574800 -0.048951 0.294918 0.954268 -1.117200 0.000000 0.000000 0.000000 1.000000
0.995451 0.090131 0.030870 0.017300 -0.078013 0.957143 -0.278912 10.574800 -0.054686 0.275235 0.959820 -1.117200 0.000000 0.000000 0.000000 1.000000
0.994380 0.100904 0.032031 0.017300 -0.089235 0.961682 -0.259238 10.574800 -0.056962 0.254923 0.965282 -1.117200 0.000000 0.000000 0.000000 1.000000
0.993671 0.106972 0.034284 0.017300 -0.095620 0.965651 -0.241610 10.574800 -0.058952 0.236802 0.969768 -1.117200 0.000000 0.000000 0.000000 1.000000
0.993468 0.108179 0.036306 0.017300 -0.097737 0.970921 -0.218542 10.574800 -0.058892 0.213566 0.975152 -1.117200 0.000000 0.000000 0.000000 1.000000
0.994182 0.101611 0.035731 0.017300 -0.092144 0.974124 -0.206378 10.574800 -0.055777 0.201885 0.977820 -1.117200 0.000000 0.000000 0.000000 1.000000
0.996186 0.081042 0.032348 0.017300 -0.072778 0.976182 -0.204380 10.574800 -0.048141 0.201246 0.978357 -1.117200 0.000000 0.000000 0.000000 1.000000
0.997080 0.071012 0.028076 0.017300 -0.063759 0.976546 -0.205654 10.574800 -0.042021 0.203263 0.978222 -1.117200 0.000000 0.000000 0.000000 1.000000
0.997724 0.062885 0.024345 0.017300 -0.057071 0.979758 -0.191879 10.574800 -0.035918 0.190052 0.981117 -1.117200 0.000000 0.000000 0.000000 1.000000
0.998151 0.057378 0.020050 0.017300 -0.052490 0.980073 -0.191578 10.574800 -0.030642 0.190171 0.981273 -1.117200 0.000000 0.000000 0.000000 1.000000
0.997615 0.066838 0.017253 0.017300 -0.061459 0.973820 -0.218853 10.574800 -0.031429 0.217271 0.975605 -1.117200 0.000000 0.000000 0.000000 1.000000
0.996182 0.085917 0.015482 0.017300 -0.078745 0.960878 -0.265543 10.574800 -0.037691 0.263310 0.963975 -1.117200 0.000000 0.000000 0.000000 1.000000
0.994418 0.105059 0.009752 0.017300 -0.096046 0.939598 -0.328528 10.574800 -0.043678 0.325758 0.944444 -1.117200 0.000000 0.000000 0.000000 1.000000
0.993104 0.117168 0.004073 0.017300 -0.107353 0.922776 -0.370082 10.574800 -0.047120 0.367092 0.928990 -1.117200 0.000000 0.000000 0.000000 1.000000
0.993748 0.111619 0.002320 0.017300 -0.101687 0.913512 -0.393898 10.574800 -0.046086 0.391200 0.919151 -1.117200 0.000000 0.000000 0.000000 1.000000
0.994950 0.100324 0.003236 0.017300 -0.090083 0.906674 -0.412102 10.574800 -0.044278 0.409729 0.911132 -1.117200 0.000000 0.000000 0.000000 1.000000</float_array>
        <technique_common>
          <accessor source="#mixamorig_Spine-Matrix-animation-output-transform-array" count="38" stride="16">
            <param type="float4x4"/>
          </accessor>
        </technique_common>
      </source>
      <source id="mixamorig_Spine-Interpolations">
        <Name_array id="mixamorig_Spine-Interpolations-array" count="38">
 LINEAR LINEAR LINEAR LINEAR LINEAR LINEAR LINEAR LINEAR LINEAR LINEAR LINEAR
LINEAR LINEAR LINEAR LINEAR LINEAR LINEAR LINEAR LINEAR LINEAR LINEAR LINEAR LINEAR
LINEAR LINEAR LINEAR LINEAR LINEAR LINEAR LINEAR LINEAR LINEAR LINEAR LINEAR LINEAR
LINEAR LINEAR LINEAR</Name_array>
        <technique_common>
          <accessor source="#mixamorig_Spine-Interpolations-array" count="38">
            <param type="name"/>
          </accessor>
        </technique_common>
      </source>
      <sampler id="mixamorig_Spine-Matrix-animation-transform">
        <input semantic="INPUT" source="#mixamorig_Spine-Matrix-animation-input"/>
        <input semantic="OUTPUT" source="#mixamorig_Spine-Matrix-animation-output-transform"/>
        <input semantic="INTERPOLATION" source="#mixamorig_Spine-Interpolations"/>
      </sampler>
      <channel source="#mixamorig_Spine-Matrix-animation-transform" target="mixamorig_Spine/matrix"/>
    </animation>
    <animation id="mixamorig_Spine1-anim" name="mixamorig_Spine1">
      <source id="mixamorig_Spine1-Matrix-animation-input">
        <float_array id="mixamorig_Spine1-Matrix-animation-input-array" count="38">

0.000000 0.033333 0.066667 0.100000 0.133333 0.166667 0.200000 0.233333 0.266667 0.300000 0.333333 0.366667 0.400000 0.433333 0.466667 0.500000
0.533333 0.566667 0.600000 0.633333 0.666667 0.700000 0.733333 0.766667 0.800000 0.833333 0.866667 0.900000 0.933333 0.966667 1.000000 1.033333
1.066667 1.100000 1.133333 1.166667 1.200000 1.233333</float_array>
        <technique_common>
          <accessor source="#mixamorig_Spine1-Matrix-animation-input-array" count="38">
            <param name="TIME" type="float"/>
          </accessor>
        </technique_common>
      </source>
      <source id="mixamorig_Spine1-Matrix-animation-output-transform">
        <float_array id="mixamorig_Spine1-Matrix-animation-output-transform-array" count="608">

0.995651 -0.014375 -0.092044 0.000000 0.017450 0.999313 0.032685 12.406000 0.091511 -0.034149 0.995218 0.000000 0.000000 0.000000 0.000000 1.000000
0.995637 -0.014789 -0.092132 -0.000000 0.018542 0.999027 0.040014 12.406000 0.091450 -0.041547 0.994943 0.000000 0.000000 0.000000 0.000000 1.000000
0.995664 -0.011055 -0.092364 0.000000 0.015149 0.998928 0.043745 12.406000 0.091782 -0.044955 0.994764 0.000000 0.000000 0.000000 0.000000 1.000000
0.995518 -0.001794 -0.094555 0.000000 0.006025 0.998992 0.044480 12.406000 0.094380 -0.044850 0.994525 0.000000 0.000000 0.000000 0.000000 1.000000
0.995268 0.010393 -0.096613 0.000000 -0.006570 0.999186 0.039807 12.406000 0.096948 -0.038984 0.994526 0.000000 0.000000 0.000000 0.000000 1.000000
0.995045 0.021061 -0.097168 -0.000000 -0.018116 0.999353 0.031085 12.406000 0.097760 -0.029171 0.994782 0.000000 0.000000 0.000000 0.000000 1.000000
0.994885 0.028323 -0.096960 -0.000000 -0.026371 0.999424 0.021350 12.406000 0.097509 -0.018684 0.995059 0.000000 0.000000 0.000000 0.000000 1.000000
0.994635 0.035870 -0.097027 0.000000 -0.034640 0.999297 0.014336 12.406000 0.097473 -0.010898 0.995179 0.000000 0.000000 0.000000 0.000000 1.000000
0.994847 0.034789 -0.095236 0.000000 -0.033485 0.999323 0.015262 12.406000 0.095703 -0.011994 0.995338 0.000000 0.000000 0.000000 0.000000 1.000000
0.994798 0.033132 -0.096328 0.000000 -0.032012 0.999401 0.013149 12.406000 0.096706 -0.009997 0.995263 -0.000000 0.000000 0.000000 0.000000 1.000000
0.994952 0.028348 -0.096265 0.000000 -0.026860 0.999499 0.016714 12.406000 0.096691 -0.014044 0.995215 -0.000000 0.000000 0.000000 0.000000 1.000000
0.995475 0.024322 -0.091857 0.000000 -0.022980 0.999614 0.015640 12.406000 0.092202 -0.013458 0.995649 0.000000 0.000000 0.000000 0.000000 1.000000
0.995806 0.019328 -0.089429 -0.000000 -0.018480 0.999776 0.010295 12.406000 0.089608 -0.008599 0.995940 0.000000 0.000000 0.000000 0.000000 1.000000
0.995839 0.014218 -0.090013 0.000000 -0.013343 0.999858 0.010312 12.406000 0.090147 -0.009068 0.995887 0.000000 0.000000 0.000000 0.000000 1.000000
0.995767 0.008199 -0.091542 -0.000000 -0.008041 0.999965 0.002090 12.406000 0.091556 -0.001345 0.995799 0.000000 0.000000 0.000000 0.000000 1.000000
0.995653 0.004472 -0.093036 0.000000 -0.004699 0.999986 -0.002224 12.406000 0.093025 0.002651 0.995660 0.000000 0.000000 0.000000 0.000000 1.000000
0.995794 -0.000578 -0.091618 0.000000 -0.000008 0.999980 -0.006394 12.406000 0.091620 0.006368 0.995774 -0.000000 0.000000 0.000000 0.000000 1.000000
0.995770 -0.006135 -0.091676 -0.000000 0.005542 0.999962 -0.006723 12.406000 0.091714 0.006186 0.995766 0.000000 0.000000 0.000000 0.000000 1.000000
0.995922 -0.007745 -0.089889 0.000000 0.006742 0.999912 -0.011456 12.406000 0.089970 0.010803 0.995886 -0.000000 0.000000 0.000000 0.000000 1.000000
0.996210 -0.007675 -0.086647 -0.000000 0.006151 0.999822 -0.017848 12.406000 0.086768 0.017247 0.996079 0.000000 0.000000 0.000000 0.000000 1.000000
0.996534 -0.008260 -0.082779 0.000000 0.006379 0.999716 -0.022965 12.406000 0.082945 0.022357 0.996303 0.000000 0.000000 0.000000 0.000000 1.000000
0.996865 -0.009041 -0.078609 -0.000000 0.007014 0.999637 -0.026019 12.406000 0.078815 0.025386 0.996566 0.000000 0.000000 0.000000 0.000000 1.000000
0.997213 -0.009821 -0.073964 -0.000000 0.007541 0.999490 -0.031036 12.406000 0.074231 0.030392 0.996778 0.000000 0.000000 0.000000 0.000000 1.000000
0.997410 -0.009301 -0.071322 0.000000 0.006909 0.999408 -0.033717 12.406000 0.071594 0.033137 0.996883 0.000000 0.000000 0.000000 0.000000 1.000000
0.997447 -0.007334 -0.071040 0.000000 0.004826 0.999361 -0.035414 12.406000 0.071254 0.034981 0.996845 0.000000 0.000000 0.000000 0.000000 1.000000
0.997465 -0.007473 -0.070764 -0.000000 0.004705 0.999220 -0.039213 12.406000 0.071002 0.038781 0.996722 -0.000000 0.000000 0.000000 0.000000 1.000000
0.997424 -0.004361 -0.071599 -0.000000 0.001128 0.998980 -0.045134 12.406000 0.071722 0.044937 0.996412 -0.000000 0.000000 0.000000 0.000000 1.000000
0.997260 0.001612 -0.073958 0.000000 -0.005178 0.998832 -0.048040 12.406000 0.073794 0.048292 0.996104 0.000000 0.000000 0.000000 0.000000 1.000000
0.996911 0.010191 -0.077874 0.000000 -0.014162 0.998618 -0.050612 12.406000 0.077250 0.051559 0.995678 0.000000 0.000000 0.000000 0.000000 1.000000
0.996372 0.018612 -0.083043 0.000000 -0.022997 0.998374 -0.052166 12.406000 0.081938 0.053887 0.995180 0.000000 0.000000 0.000000 0.000000 1.000000
0.995604 0.025103 -0.090233 -0.000000 -0.030242 0.997970 -0.056042 12.406000 0.088643 0.058525 0.994343 0.000000 0.000000 0.000000 0.000000 1.000000
0.994878 0.028441 -0.096998 0.000000 -0.034114 0.997772 -0.057343 12.406000 0.095151 0.060358 0.993631 0.000000 0.000000 0.000000 0.000000 1.000000
0.994829 0.023184 -0.098883 0.000000 -0.028184 0.998378 -0.049474 12.406000 0.097576 0.052005 0.993868 0.000000 0.000000 0.000000 0.000000 1.000000
0.995430 0.013726 -0.094498 0.000000 -0.016967 0.999292 -0.033580 12.406000 0.093970 0.035029 0.994959 -0.000000 0.000000 0.000000 0.000000 1.000000
0.995730 0.003596 -0.092244 -0.000000 -0.004669 0.999924 -0.011422 12.406000 0.092196 0.011804 0.995671 -0.000000 0.000000 0.000000 0.000000 1.000000
0.995569 -0.005320 -0.093880 0.000000 0.006083 0.999951 0.007836 12.406000 0.093833 -0.008372 0.995553 -0.000000 0.000000 0.000000 0.000000 1.000000
0.995495 -0.010717 -0.094204 -0.000000 0.012803 0.999685 0.021570 12.406000 0.093943 -0.022679 0.995319 -0.000000 0.000000 0.000000 0.000000 1.000000
0.995651 -0.014375 -0.092044 -0.000000 0.017450 0.999313 0.032684 12.406000 0.091511 -0.034148 0.995218 0.000000 0.000000 0.000000 0.000000 1.000000</float_array>
        <technique_common>
          <accessor source="#mixamorig_Spine1-Matrix-animation-output-transform-array" count="38" stride="16">
            <param type="float4x4"/>
          </accessor>
        </technique_common>
      </source>
      <source id="mixamorig_Spine1-Interpolations">
        <Name_array id="mixamorig_Spine1-Interpolations-array" count="38">
 LINEAR LINEAR LINEAR LINEAR LINEAR LINEAR LINEAR LINEAR LINEAR LINEAR LINEAR
LINEAR LINEAR LINEAR LINEAR LINEAR LINEAR LINEAR LINEAR LINEAR LINEAR LINEAR LINEAR
LINEAR LINEAR LINEAR LINEAR LINEAR LINEAR LINEAR LINEAR LINEAR LINEAR LINEAR LINEAR
LINEAR LINEAR LINEAR</Name_array>
        <technique_common>
          <accessor source="#mixamorig_Spine1-Interpolations-array" count="38">
            <param type="name"/>
          </accessor>
        </technique_common>
      </source>
      <sampler id="mixamorig_Spine1-Matrix-animation-transform">
        <input semantic="INPUT" source="#mixamorig_Spine1-Matrix-animation-input"/>
        <input semantic="OUTPUT" source="#mixamorig_Spine1-Matrix-animation-output-transform"/>
        <input semantic="INTERPOLATION" source="#mixamorig_Spine1-Interpolations"/>
      </sampler>
      <channel source="#mixamorig_Spine1-Matrix-animation-transform" target="mixamorig_Spine1/matrix"/>
    </animation>
    <animation id="mixamorig_Spine2-anim" name="mixamorig_Spine2">
      <source id="mixamorig_Spine2-Matrix-animation-input">
        <float_array id="mixamorig_Spine2-Matrix-animation-input-array" count="38">

0.000000 0.033333 0.066667 0.100000 0.133333 0.166667 0.200000 0.233333 0.266667 0.300000 0.333333 0.366667 0.400000 0.433333 0.466667 0.500000
0.533333 0.566667 0.600000 0.633333 0.666667 0.700000 0.733333 0.766667 0.800000 0.833333 0.866667 0.900000 0.933333 0.966667 1.000000 1.033333
1.066667 1.100000 1.133333 1.166667 1.200000 1.233333</float_array>
        <technique_common>
          <accessor source="#mixamorig_Spine2-Matrix-animation-input-array" count="38">
            <param name="TIME" type="float"/>
          </accessor>
        </technique_common>
      </source>
      <source id="mixamorig_Spine2-Matrix-animation-output-transform">
        <float_array id="mixamorig_Spine2-Matrix-animation-output-transform-array" count="608">

0.995428 -0.037235 -0.087962 -0.000000 0.030285 0.996409 -0.079066 14.178300 0.090590 0.076041 0.992981 0.000000 0.000000 0.000000 0.000000 1.000000
0.995398 -0.038509 -0.087747 -0.000000 0.032291 0.996938 -0.071214 14.178300 0.090221 0.068053 0.993594 0.000000 0.000000 0.000000 0.000000 1.000000
0.995463 -0.035370 -0.088335 -0.000000 0.029533 0.997347 -0.066530 14.178300 0.090454 0.063619 0.993867 0.000000 0.000000 0.000000 0.000000 1.000000
0.995398 -0.026942 -0.091964 0.000000 0.021041 0.997693 -0.064541 14.178300 0.093491 0.062309 0.993668 -0.000000 0.000000 0.000000 0.000000 1.000000
0.995256 -0.015108 -0.096106 0.000000 0.008600 0.997664 -0.067775 14.178300 0.096906 0.066627 0.993061 -0.000000 0.000000 0.000000 0.000000 1.000000
0.995128 -0.003708 -0.098518 0.000000 -0.003699 0.997185 -0.074892 14.178300 0.098519 0.074891 0.992313 -0.000000 0.000000 0.000000 0.000000 1.000000
0.995013 0.004574 -0.099638 0.000000 -0.012947 0.996419 -0.083555 14.178300 0.098899 0.084428 0.991509 0.000000 0.000000 0.000000 0.000000 1.000000
0.994779 0.012892 -0.101238 0.000000 -0.022038 0.995720 -0.089752 14.178300 0.099648 0.091514 0.990805 -0.000000 0.000000 0.000000 0.000000 1.000000
0.994990 0.012360 -0.099208 0.000000 -0.021199 0.995847 -0.088544 14.178300 0.097701 0.090204 0.991119 0.000000 0.000000 0.000000 0.000000 1.000000
0.994928 0.011331 -0.099947 0.000000 -0.020436 0.995682 -0.090555 14.178300 0.098489 0.092138 0.990863 0.000000 0.000000 0.000000 0.000000 1.000000
0.995066 0.006868 -0.098976 -0.000000 -0.015548 0.996070 -0.087190 14.178300 0.097988 0.088299 0.991263 0.000000 0.000000 0.000000 0.000000 1.000000
0.995564 0.004217 -0.093988 0.000000 -0.012579 0.995992 -0.088551 14.178300 0.093238 0.089341 0.991627 -0.000000 0.000000 0.000000 0.000000 1.000000
0.995869 0.000505 -0.090805 -0.000000 -0.009121 0.995483 -0.094497 14.178300 0.090347 0.094934 0.991375 -0.000000 0.000000 0.000000 0.000000 1.000000
0.995883 -0.005127 -0.090507 -0.000000 -0.003564 0.995414 -0.095599 14.178300 0.090582 0.095528 0.991297 -0.000000 0.000000 0.000000 0.000000 1.000000
0.995817 -0.010935 -0.090716 0.000000 0.001400 0.994523 -0.104513 14.178300 0.091362 0.103949 0.990378 0.000000 0.000000 0.000000 0.000000 1.000000
0.995705 -0.014719 -0.091402 0.000000 0.004640 0.993974 -0.109515 14.178300 0.092463 0.108621 0.989774 0.000000 0.000000 0.000000 0.000000 1.000000
0.995851 -0.019163 -0.088964 0.000000 0.008890 0.993388 -0.114463 14.178300 0.090569 0.113198 0.989436 0.000000 0.000000 0.000000 0.000000 1.000000
0.995824 -0.024914 -0.087830 0.000000 0.014649 0.993183 -0.115642 14.178300 0.090113 0.113873 0.989400 0.000000 0.000000 0.000000 0.000000 1.000000
0.995997 -0.026137 -0.085485 -0.000000 0.015692 0.992571 -0.120647 14.178300 0.088003 0.118823 0.989008 -0.000000 0.000000 0.000000 0.000000 1.000000
0.996314 -0.025255 -0.081981 0.000000 0.014680 0.991778 -0.127123 14.178300 0.084517 0.125451 0.988493 0.000000 0.000000 0.000000 0.000000 1.000000
0.996664 -0.025140 -0.077650 0.000000 0.014686 0.991090 -0.132380 14.178300 0.080287 0.130798 0.988153 0.000000 0.000000 0.000000 0.000000 1.000000
0.997010 -0.025241 -0.073030 0.000000 0.015150 0.990653 -0.135565 14.178300 0.075770 0.134053 0.988073 -0.000000 0.000000 0.000000 0.000000 1.000000
0.997378 -0.024551 -0.068076 -0.000000 0.014770 0.989952 -0.140630 14.178300 0.070844 0.139256 0.987719 0.000000 0.000000 0.000000 0.000000 1.000000
0.997584 -0.022959 -0.065564 0.000000 0.013351 0.989577 -0.143383 14.178300 0.068172 0.142161 0.987493 0.000000 0.000000 0.000000 0.000000 1.000000
0.997625 -0.020317 -0.065807 0.000000 0.010575 0.989357 -0.145127 14.178300 0.068056 0.144086 0.987222 0.000000 0.000000 0.000000 0.000000 1.000000
0.997656 -0.019687 -0.065539 -0.000000 0.009738 0.988820 -0.148794 14.178300 0.067736 0.147807 0.986694 0.000000 0.000000 0.000000 0.000000 1.000000
0.997634 -0.015934 -0.066877 -0.000000 0.005427 0.987988 -0.154436 14.178300 0.068535 0.153708 0.985737 0.000000 0.000000 0.000000 0.000000 1.000000
0.997471 -0.010172 -0.070350 -0.000000 -0.000998 0.987606 -0.156949 14.178300 0.071074 0.156622 0.985098 0.000000 0.000000 0.000000 0.000000 1.000000
0.997101 -0.002389 -0.076056 -0.000000 -0.009737 0.987286 -0.158655 14.178300 0.075468 0.158935 0.984400 -0.000000 0.000000 0.000000 0.000000 1.000000
0.996544 0.005154 -0.082906 0.000000 -0.018382 0.987011 -0.159598 14.178300 0.081006 0.160571 0.983695 0.000000 0.000000 0.000000 0.000000 1.000000
0.995758 0.011577 -0.091285 0.000000 -0.026394 0.986302 -0.162824 14.178300 0.088150 0.164542 0.982423 -0.000000 0.000000 0.000000 0.000000 1.000000
0.995011 0.014593 -0.098696 -0.000000 -0.030696 0.986038 -0.163669 14.178300 0.094930 0.165882 0.981566 0.000000 0.000000 0.000000 0.000000 1.000000
0.994964 0.008327 -0.099886 0.000000 -0.023969 0.987397 -0.156438 14.178300 0.097324 0.158045 0.982624 0.000000 0.000000 0.000000 0.000000 1.000000
0.995552 -0.002506 -0.094182 -0.000000 -0.010925 0.989832 -0.141821 14.178300 0.093579 0.142219 0.985402 -0.000000 0.000000 0.000000 0.000000 1.000000
0.995780 -0.014868 -0.090564 -0.000000 0.003804 0.992628 -0.121142 14.178300 0.091698 0.120286 0.988495 0.000000 0.000000 0.000000 0.000000 1.000000
0.995513 -0.026033 -0.090973 -0.000000 0.016561 0.994506 -0.103357 14.178300 0.093164 0.101387 0.990475 0.000000 0.000000 0.000000 0.000000 1.000000
0.995344 -0.032896 -0.090601 0.000000 0.024695 0.995618 -0.090192 14.178300 0.093171 0.087535 0.991795 0.000000 0.000000 0.000000 0.000000 1.000000
0.995428 -0.037235 -0.087961 0.000000 0.030285 0.996409 -0.079066 14.178300 0.090590 0.076040 0.992981 0.000000 0.000000 0.000000 0.000000 1.000000</float_array>
        <technique_common>
          <accessor source="#mixamorig_Spine2-Matrix-animation-output-transform-array" count="38" stride="16">
            <param type="float4x4"/>
          </accessor>
        </technique_common>
      </source>
      <source id="mixamorig_Spine2-Interpolations">
        <Name_array id="mixamorig_Spine2-Interpolations-array" count="38">
 LINEAR LINEAR LINEAR LINEAR LINEAR LINEAR LINEAR LINEAR LINEAR LINEAR LINEAR
LINEAR LINEAR LINEAR LINEAR LINEAR LINEAR LINEAR LINEAR LINEAR LINEAR LINEAR LINEAR
LINEAR LINEAR LINEAR LINEAR LINEAR LINEAR LINEAR LINEAR LINEAR LINEAR LINEAR LINEAR
LINEAR LINEAR LINEAR</Name_array>
        <technique_common>
          <accessor source="#mixamorig_Spine2-Interpolations-array" count="38">
            <param type="name"/>
          </accessor>
        </technique_common>
      </source>
      <sampler id="mixamorig_Spine2-Matrix-animation-transform">
        <input semantic="INPUT" source="#mixamorig_Spine2-Matrix-animation-input"/>
        <input semantic="OUTPUT" source="#mixamorig_Spine2-Matrix-animation-output-transform"/>
        <input semantic="INTERPOLATION" source="#mixamorig_Spine2-Interpolations"/>
      </sampler>
      <channel source="#mixamorig_Spine2-Matrix-animation-transform" target="mixamorig_Spine2/matrix"/>
    </animation>
    <animation id="mixamorig_Neck-anim" name="mixamorig_Neck">
      <source id="mixamorig_Neck-Matrix-animation-input">
        <float_array id="mixamorig_Neck-Matrix-animation-input-array" count="38">

0.000000 0.033333 0.066667 0.100000 0.133333 0.166667 0.200000 0.233333 0.266667 0.300000 0.333333 0.366667 0.400000 0.433333 0.466667 0.500000
0.533333 0.566667 0.600000 0.633333 0.666667 0.700000 0.733333 0.766667 0.800000 0.833333 0.866667 0.900000 0.933333 0.966667 1.000000 1.033333
1.066667 1.100000 1.133333 1.166667 1.200000 1.233333</float_array>
        <technique_common>
          <accessor source="#mixamorig_Neck-Matrix-animation-input-array" count="38">
            <param name="TIME" type="float"/>
          </accessor>
        </technique_common>
      </source>
      <source id="mixamorig_Neck-Matrix-animation-output-transform">
        <float_array id="mixamorig_Neck-Matrix-animation-output-transform-array" count="608">

0.943104 0.012934 0.332247 0.024400 -0.067546 0.985860 0.153356 15.862300 -0.325566 -0.167072 0.930642 -1.675800 0.000000 0.000000 0.000000 1.000000
0.947282 0.008031 0.320301 0.024400 -0.058127 0.987404 0.147152 15.862300 -0.315085 -0.158012 0.935817 -1.675800 0.000000 0.000000 0.000000 1.000000
0.950988 0.012127 0.308989 0.024400 -0.055401 0.989745 0.131667 15.862300 -0.304224 -0.142332 0.941907 -1.675800 0.000000 0.000000 0.000000 1.000000
0.954869 0.011362 0.296811 0.024400 -0.049219 0.991506 0.120387 15.862300 -0.292922 -0.129563 0.947317 -1.675800 0.000000 0.000000 0.000000 1.000000
0.957196 0.009510 0.289286 0.024400 -0.044215 0.992534 0.113672 15.862300 -0.286045 -0.121597 0.950470 -1.675800 0.000000 0.000000 0.000000 1.000000
0.958971 0.011308 0.283280 0.024400 -0.042719 0.993559 0.104953 15.862300 -0.280269 -0.112748 0.953277 -1.675800 0.000000 0.000000 0.000000 1.000000
0.959187 0.005877 0.282713 0.024400 -0.036544 0.993976 0.103323 15.862300 -0.280403 -0.109437 0.953624 -1.675800 0.000000 0.000000 0.000000 1.000000
0.958405 -0.000008 0.285413 0.024400 -0.030930 0.994108 0.103892 15.862300 -0.283732 -0.108398 0.952757 -1.675800 0.000000 0.000000 0.000000 1.000000
0.956975 -0.006128 0.290105 0.024400 -0.025784 0.994026 0.106051 15.862300 -0.289022 -0.108969 0.951100 -1.675800 0.000000 0.000000 0.000000 1.000000
0.955168 -0.012386 0.295804 0.024400 -0.020977 0.993782 0.109348 15.862300 -0.295319 -0.110651 0.948969 -1.675800 0.000000 0.000000 0.000000 1.000000
0.953276 -0.018642 0.301523 0.024400 -0.016463 0.993405 0.113467 15.862300 -0.301650 -0.113130 0.946683 -1.675800 0.000000 0.000000 0.000000 1.000000
0.951613 -0.024755 0.306301 0.024400 -0.012133 0.992946 0.117941 15.862300 -0.307060 -0.115951 0.944600 -1.675800 0.000000 0.000000 0.000000 1.000000
0.950518 -0.030576 0.309163 0.024400 -0.007881 0.992452 0.122382 15.862300 -0.310571 -0.118762 0.943102 -1.675800 0.000000 0.000000 0.000000 1.000000
0.950671 -0.035839 0.308123 0.024400 -0.003679 0.991931 0.126727 15.862300 -0.310179 -0.121610 0.942868 -1.675800 0.000000 0.000000 0.000000 1.000000
0.951139 -0.038767 0.306320 0.024400 -0.003634 0.990612 0.136652 15.862300 -0.308742 -0.131088 0.942069 -1.675800 0.000000 0.000000 0.000000 1.000000
0.950689 -0.044170 0.306983 0.024400 -0.002152 0.988843 0.148945 15.862300 -0.310137 -0.142261 0.939988 -1.675800 0.000000 0.000000 0.000000 1.000000
0.950255 -0.053634 0.306820 0.024400 0.004469 0.987309 0.158748 15.862300 -0.311441 -0.149480 0.938435 -1.675800 0.000000 0.000000 0.000000 1.000000
0.949758 -0.060551 0.307072 0.024400 0.008215 0.985592 0.168940 15.862300 -0.312877 -0.157929 0.936572 -1.675800 0.000000 0.000000 0.000000 1.000000
0.950393 -0.075515 0.301747 0.024400 0.021256 0.983582 0.179203 15.862300 -0.310326 -0.163899 0.936395 -1.675800 0.000000 0.000000 0.000000 1.000000
0.950173 -0.084672 0.300004 0.024400 0.027577 0.981462 0.189662 15.862300 -0.310501 -0.171939 0.934894 -1.675800 0.000000 0.000000 0.000000 1.000000
0.949563 -0.090416 0.300257 0.024400 0.029726 0.979171 0.200847 15.862300 -0.312163 -0.181792 0.932473 -1.675800 0.000000 0.000000 0.000000 1.000000
0.948722 -0.093868 0.301853 0.024400 0.029492 0.977013 0.211131 15.862300 -0.314732 -0.191403 0.929682 -1.675800 0.000000 0.000000 0.000000 1.000000
0.947768 -0.096149 0.304123 0.024400 0.028706 0.975327 0.218892 15.862300 -0.317666 -0.198729 0.927144 -1.675800 0.000000 0.000000 0.000000 1.000000
0.946760 -0.097805 0.306724 0.024400 0.028942 0.974735 0.221481 15.862300 -0.320636 -0.200813 0.925671 -1.675800 0.000000 0.000000 0.000000 1.000000
0.945523 -0.086961 0.313725 0.024400 0.019123 0.976836 0.213132 15.862300 -0.324992 -0.195522 0.925285 -1.675800 0.000000 0.000000 0.000000 1.000000
0.943343 -0.065771 0.325236 0.024400 -0.001922 0.979059 0.203566 15.862300 -0.331814 -0.192658 0.923462 -1.675800 0.000000 0.000000 0.000000 1.000000
0.941054 -0.053567 0.333988 0.024400 -0.015077 0.979757 0.199621 15.862300 -0.337920 -0.192889 0.921197 -1.675800 0.000000 0.000000 0.000000 1.000000
0.939828 -0.042283 0.339022 0.024400 -0.026968 0.980035 0.196989 15.862300 -0.340583 -0.194279 0.919924 -1.675800 0.000000 0.000000 0.000000 1.000000
0.940310 -0.031315 0.338874 0.024400 -0.035253 0.981438 0.188513 15.862300 -0.338487 -0.189208 0.921752 -1.675800 0.000000 0.000000 0.000000 1.000000
0.940026 -0.014164 0.340809 0.024400 -0.049817 0.982724 0.178246 15.862300 -0.337446 -0.184534 0.923081 -1.675800 0.000000 0.000000 0.000000 1.000000
0.939008 0.005203 0.343855 0.024400 -0.065329 0.984376 0.163509 15.862300 -0.337632 -0.176000 0.924678 -1.675800 0.000000 0.000000 0.000000 1.000000
0.940000 0.016257 0.340787 0.024400 -0.073174 0.985226 0.154837 15.862300 -0.333235 -0.170484 0.927303 -1.675800 0.000000 0.000000 0.000000 1.000000
0.942664 0.015661 0.333374 0.024400 -0.069584 0.986168 0.150434 15.862300 -0.326407 -0.165006 0.930715 -1.675800 0.000000 0.000000 0.000000 1.000000
0.945669 0.009793 0.324983 0.024400 -0.062213 0.986527 0.151307 15.862300 -0.319123 -0.163305 0.933538 -1.675800 0.000000 0.000000 0.000000 1.000000
0.946562 0.009507 0.322381 0.024400 -0.059455 0.987578 0.145448 15.862300 -0.316994 -0.156843 0.935369 -1.675800 0.000000 0.000000 0.000000 1.000000
0.945838 0.008332 0.324533 0.024400 -0.059051 0.987409 0.146751 15.862300 -0.319224 -0.157967 0.934421 -1.675800 0.000000 0.000000 0.000000 1.000000
0.944239 0.011484 0.329059 0.024400 -0.064960 0.986246 0.151986 15.862300 -0.322788 -0.164887 0.931998 -1.675800 0.000000 0.000000 0.000000 1.000000
0.943102 0.012947 0.332252 0.024400 -0.067548 0.985865 0.153320 15.862300 -0.325571 -0.167039 0.930646 -1.675800 0.000000 0.000000 0.000000 1.000000</float_array>
        <technique_common>
          <accessor source="#mixamorig_Neck-Matrix-animation-output-transform-array" count="38" stride="16">
            <param type="float4x4"/>
          </accessor>
        </technique_common>
      </source>
      <source id="mixamorig_Neck-Interpolations">
        <Name_array id="mixamorig_Neck-Interpolations-array" count="38">
 LINEAR LINEAR LINEAR LINEAR LINEAR LINEAR LINEAR LINEAR LINEAR LINEAR LINEAR
LINEAR LINEAR LINEAR LINEAR LINEAR LINEAR LINEAR LINEAR LINEAR LINEAR LINEAR LINEAR
LINEAR LINEAR LINEAR LINEAR LINEAR LINEAR LINEAR LINEAR LINEAR LINEAR LINEAR LINEAR
LINEAR LINEAR LINEAR</Name_array>
        <technique_common>
          <accessor source="#mixamorig_Neck-Interpolations-array" count="38">
            <param type="name"/>
          </accessor>
        </technique_common>
      </source>
      <sampler id="mixamorig_Neck-Matrix-animation-transform">
        <input semantic="INPUT" source="#mixamorig_Neck-Matrix-animation-input"/>
        <input semantic="OUTPUT" source="#mixamorig_Neck-Matrix-animation-output-transform"/>
