<?xml version="1.0" encoding="utf-8"?>
<COLLADA xmlns="http://www.collada.org/2005/11/COLLADASchema" version="1.4.1">
  <asset>
    <contributor>
      <author>Mixamo</author>
      <authoring_tool>COLLADA Mixamo exporter</authoring_tool>
      <comments/>
    </contributor>
    <created>2023-07-29T21:47:01Z</created>
    <modified>2023-07-29T21:47:01Z</modified>
    <revision/>
    <title/>
    <unit meter="0.010000"/>
    <up_axis>Y_UP</up_axis>
  </asset>
  <library_animations>
    <animation id="mixamorig_Hips-anim" name="mixamorig_Hips">
      <source id="mixamorig_Hips-Matrix-animation-input">
        <float_array id="mixamorig_Hips-Matrix-animation-input-array" count="89">

0.000000 0.033333 0.066667 0.100000 0.133333 0.166667 0.200000 0.233333 0.266667 0.300000 0.333333 0.366667 0.400000 0.433333 0.466667 0.500000
0.533333 0.566667 0.600000 0.633333 0.666667 0.700000 0.733333 0.766667 0.800000 0.833333 0.866667 0.900000 0.933333 0.966667 1.000000 1.033333
1.066667 1.100000 1.133333 1.166667 1.200000 1.233333 1.266667 1.300000 1.333333 1.366667 1.400000 1.433333 1.466667 1.500000 1.533333 1.566667
1.600000 1.633333 1.666667 1.700000 1.733333 1.766667 1.800000 1.833333 1.866667 1.900000 1.933333 1.966667 2.000000 2.033333 2.066667 2.100000
2.133333 2.166667 2.200000 2.233333 2.266667 2.300000 2.333333 2.366667 2.400000 2.433333 2.466667 2.500000 2.533333 2.566667 2.600000 2.633333
2.666667 2.700000 2.733333 2.766667 2.800000 2.833333 2.866667 2.900000 2.933333</float_array>
        <technique_common>
          <accessor source="#mixamorig_Hips-Matrix-animation-input-array" count="89">
            <param name="TIME" type="float"/>
          </accessor>
        </technique_common>
      </source>
      <source id="mixamorig_Hips-Matrix-animation-output-transform">
        <float_array id="mixamorig_Hips-Matrix-animation-output-transform-array" count="1424">

0.999589 0.024270 -0.015257 0.065611 -0.024020 0.999577 0.016382 94.983101 0.015648 -0.016009 0.999749 0.351009 0.000000 0.000000 0.000000 1.000000
0.999597 0.026929 -0.009037 0.072045 -0.026758 0.999470 0.018547 94.948044 0.009531 -0.018298 0.999787 0.527335 0.000000 0.000000 0.000000 1.000000
0.999585 0.028478 -0.004251 0.083225 -0.028379 0.999363 0.021650 94.858612 0.004865 -0.021520 0.999757 0.729239 0.000000 0.000000 0.000000 1.000000
0.999574 0.029151 -0.001555 0.075335 -0.029102 0.999257 0.025275 94.814728 0.002291 -0.025219 0.999679 0.932918 0.000000 0.000000 0.000000 1.000000
0.999557 0.029742 -0.000495 0.040855 -0.029715 0.999137 0.029031 94.930862 0.001358 -0.029003 0.999578 1.114597 0.000000 0.000000 0.000000 1.000000
0.999512 0.031221 -0.000242 0.015188 -0.031197 0.998981 0.032618 95.302490 0.001260 -0.032595 0.999468 1.295717 0.000000 0.000000 0.000000 1.000000
0.999468 0.032598 -0.000587 0.002796 -0.032556 0.998825 0.035901 95.875343 0.001757 -0.035863 0.999355 1.492816 0.000000 0.000000 0.000000 1.000000
0.999435 0.033562 -0.001514 -0.025362 -0.033478 0.998680 0.038958 96.480461 0.002819 -0.038885 0.999240 1.674176 0.000000 0.000000 0.000000 1.000000
0.999397 0.034604 -0.002890 -0.090118 -0.034453 0.998531 0.041821 97.013184 0.004333 -0.041697 0.999121 1.821172 0.000000 0.000000 0.000000 1.000000
0.999346 0.035877 -0.004552 -0.155341 -0.035644 0.998409 0.043693 97.406586 0.006112 -0.043502 0.999035 1.928339 0.000000 0.000000 0.000000 1.000000
0.999305 0.036714 -0.006422 -0.185543 -0.036407 0.998424 0.042709 97.665283 0.007980 -0.042446 0.999067 2.038929 0.000000 0.000000 0.000000 1.000000
0.999318 0.035927 -0.008560 -0.185959 -0.035582 0.998662 0.037515 97.681816 0.009896 -0.037185 0.999259 2.193051 0.000000 0.000000 0.000000 1.000000
0.999391 0.033147 -0.010902 -0.177347 -0.032821 0.999046 0.028814 97.201477 0.011846 -0.028438 0.999525 2.360309 0.000000 0.000000 0.000000 1.000000
0.999491 0.029177 -0.012929 -0.173482 -0.028937 0.999411 0.018427 96.211304 0.013459 -0.018043 0.999747 2.483706 0.000000 0.000000 0.000000 1.000000
0.999596 0.025119 -0.013278 -0.169947 -0.025017 0.999657 0.007794 95.113693 0.013469 -0.007458 0.999881 2.507533 0.000000 0.000000 0.000000 1.000000
0.999711 0.022666 -0.007999 -0.127047 -0.022677 0.999742 -0.001223 94.367607 0.007969 0.001404 0.999967 2.358285 0.000000 0.000000 0.000000 1.000000
0.999684 0.023066 0.010017 -0.079688 -0.023018 0.999723 -0.004873 94.204659 -0.010126 0.004641 0.999938 2.036388 0.000000 0.000000 0.000000 1.000000
0.998637 0.026613 0.044901 -0.064139 -0.026640 0.999645 0.000006 94.561890 -0.044885 -0.001202 0.998991 1.898107 0.000000 0.000000 0.000000 1.000000
0.995598 0.029380 0.089005 -0.014902 -0.030469 0.999476 0.010909 95.235550 -0.088637 -0.013573 0.995971 1.996833 0.000000 0.000000 0.000000 1.000000
0.991408 0.025647 0.128264 0.023490 -0.028551 0.999375 0.020852 95.933243 -0.127649 -0.024334 0.991521 2.065630 0.000000 0.000000 0.000000 1.000000
0.987244 0.019128 0.158058 0.034785 -0.023496 0.999391 0.025811 96.601959 -0.157468 -0.029195 0.987092 2.106723 0.000000 0.000000 0.000000 1.000000
0.983013 0.010959 0.183210 0.045137 -0.016273 0.999489 0.027529 97.130127 -0.182815 -0.030042 0.982688 2.142979 0.000000 0.000000 0.000000 1.000000
0.978339 0.000959 0.207006 0.051396 -0.007118 0.999554 0.029007 97.453178 -0.206886 -0.029852 0.977910 2.163424 0.000000 0.000000 0.000000 1.000000
0.974009 -0.009782 0.226298 0.038746 0.002938 0.999529 0.030559 97.542343 -0.226491 -0.029100 0.973579 2.166695 0.000000 0.000000 0.000000 1.000000
0.971336 -0.018718 0.236975 -0.015097 0.011821 0.999465 0.030490 97.290985 -0.237419 -0.026815 0.971037 2.188856 0.000000 0.000000 0.000000 1.000000
0.970831 -0.023842 0.238576 -0.145811 0.017784 0.999463 0.027515 96.696701 -0.239104 -0.022470 0.970734 2.221683 0.000000 0.000000 0.000000 1.000000
0.972620 -0.024574 0.231100 -0.319032 0.019950 0.999552 0.022326 95.945282 -0.231545 -0.017104 0.972674 2.189103 0.000000 0.000000 0.000000 1.000000
0.977418 -0.022157 0.210149 -0.491639 0.018823 0.999663 0.017856 95.201691 -0.210474 -0.013497 0.977506 2.032834 0.000000 0.000000 0.000000 1.000000
0.985108 -0.017209 0.171076 -0.689040 0.014397 0.999740 0.017667 94.636566 -0.171335 -0.014941 0.985099 1.796969 0.000000 0.000000 0.000000 1.000000
0.992815 -0.010688 0.119183 -0.897385 0.007991 0.999702 0.023080 94.430275 -0.119394 -0.021962 0.992604 1.663261 0.000000 0.000000 0.000000 1.000000
0.997517 -0.005729 0.070189 -1.057612 0.003521 0.999496 0.031536 94.602089 -0.070334 -0.031210 0.997035 1.733876 0.000000 0.000000 0.000000 1.000000
0.999328 -0.002978 0.036521 -1.161533 0.001574 0.999260 0.038425 95.105698 -0.036608 -0.038342 0.998594 1.864169 0.000000 0.000000 0.000000 1.000000
0.999868 -0.000072 0.016248 -1.234732 -0.000593 0.999164 0.040888 95.784561 -0.016237 -0.040893 0.999032 1.938876 0.000000 0.000000 0.000000 1.000000
0.999984 0.005513 -0.001330 -1.269979 -0.005456 0.999202 0.039567 96.450409 0.001547 -0.039559 0.999216 1.980435 0.000000 0.000000 0.000000 1.000000
0.999639 0.013458 -0.023237 -1.248482 -0.012585 0.999224 0.037328 96.936142 0.023722 -0.037022 0.999033 1.976831 0.000000 0.000000 0.000000 1.000000
0.998591 0.022793 -0.047927 -1.174924 -0.021053 0.999111 0.036516 97.160927 0.048717 -0.035456 0.998183 1.945641 0.000000 0.000000 0.000000 1.000000
0.997000 0.033049 -0.069989 -1.067120 -0.030518 0.998852 0.036919 97.107056 0.071129 -0.034672 0.996864 1.919829 0.000000 0.000000 0.000000 1.000000
0.995365 0.042044 -0.086488 -0.953661 -0.039030 0.998580 0.036252 96.712326 0.087889 -0.032708 0.995593 1.898798 0.000000 0.000000 0.000000 1.000000
0.993960 0.048166 -0.098608 -0.819098 -0.045110 0.998437 0.032990 96.049507 0.100043 -0.028342 0.994579 1.872864 0.000000 0.000000 0.000000 1.000000
0.992580 0.053071 -0.109396 -0.621267 -0.050209 0.998325 0.028751 95.373650 0.110739 -0.023045 0.993582 1.801505 0.000000 0.000000 0.000000 1.000000
0.991041 0.056008 -0.121245 -0.423814 -0.053081 0.998219 0.027236 94.834846 0.122555 -0.020557 0.992249 1.678235 0.000000 0.000000 0.000000 1.000000
0.989346 0.056678 -0.134098 -0.220881 -0.053092 0.998134 0.030170 94.565170 0.135557 -0.022729 0.990509 1.564002 0.000000 0.000000 0.000000 1.000000
0.987434 0.058326 -0.146873 0.038855 -0.053682 0.997931 0.035393 94.626457 0.148633 -0.027064 0.988522 1.497224 0.000000 0.000000 0.000000 1.000000
0.985138 0.063537 -0.159581 0.309215 -0.057941 0.997539 0.039481 94.985672 0.161697 -0.029648 0.986395 1.403221 0.000000 0.000000 0.000000 1.000000
0.982609 0.070346 -0.171848 0.568652 -0.064314 0.997110 0.040430 95.512932 0.174196 -0.028674 0.984293 1.271700 0.000000 0.000000 0.000000 1.000000
0.980688 0.074298 -0.180917 0.817472 -0.068544 0.996929 0.037862 95.998108 0.183175 -0.024730 0.982769 1.100502 0.000000 0.000000 0.000000 1.000000
0.980294 0.074018 -0.183155 1.037367 -0.069116 0.997062 0.033012 96.311157 0.185060 -0.019702 0.982530 0.899612 0.000000 0.000000 0.000000 1.000000
0.981489 0.072414 -0.177303 1.218755 -0.068488 0.997254 0.028171 96.427551 0.178856 -0.015506 0.983753 0.698855 0.000000 0.000000 0.000000 1.000000
0.983575 0.072084 -0.165479 1.374426 -0.069000 0.997320 0.024316 96.337761 0.166788 -0.012499 0.985913 0.505690 0.000000 0.000000 0.000000 1.000000
0.985931 0.072353 -0.150680 1.521861 -0.070116 0.997336 0.020113 96.027832 0.151733 -0.009265 0.988378 0.294691 0.000000 0.000000 0.000000 1.000000
0.988453 0.070047 -0.134364 1.654899 -0.068762 0.997532 0.014186 95.539459 0.135026 -0.004783 0.990831 0.051450 0.000000 0.000000 0.000000 1.000000
0.991129 0.062456 -0.117315 1.752765 -0.062026 0.998048 0.007314 94.940353 0.117543 0.000028 0.993068 -0.249437 0.000000 0.000000 0.000000 1.000000
0.993454 0.052549 -0.101432 1.831571 -0.052646 0.998612 0.001722 94.349228 0.101381 0.003629 0.994841 -0.608033 0.000000 0.000000 0.000000 1.000000
0.994902 0.046918 -0.089271 1.868013 -0.047161 0.998887 -0.000606 93.896042 0.089143 0.004813 0.996007 -0.862350 0.000000 0.000000 0.000000 1.000000
0.995555 0.047320 -0.081426 1.800069 -0.047359 0.998877 0.001459 93.669342 0.081404 0.002404 0.996678 -0.833987 0.000000 0.000000 0.000000 1.000000
0.995972 0.049722 -0.074610 1.639842 -0.049335 0.998758 0.007022 93.685066 0.074866 -0.003313 0.997188 -0.625183 0.000000 0.000000 0.000000 1.000000
0.996734 0.049386 -0.063886 1.445488 -0.048681 0.998736 0.012547 93.846146 0.064425 -0.009396 0.997878 -0.452242 0.000000 0.000000 0.000000 1.000000
0.997791 0.046247 -0.047681 1.247986 -0.045575 0.998847 0.015085 94.052620 0.048324 -0.012878 0.998749 -0.343258 0.000000 0.000000 0.000000 1.000000
0.998680 0.041898 -0.029725 1.044076 -0.041459 0.999024 0.015234 94.278152 0.030334 -0.013981 0.999442 -0.252331 0.000000 0.000000 0.000000 1.000000
0.999213 0.036695 -0.015040 0.850411 -0.036469 0.999221 0.015090 94.517273 0.015582 -0.014530 0.999773 -0.145991 0.000000 0.000000 0.000000 1.000000
0.999519 0.030520 -0.005556 0.676254 -0.030434 0.999424 0.015014 94.738304 0.006011 -0.014838 0.999872 -0.020225 0.000000 0.000000 0.000000 1.000000
0.999714 0.023903 -0.000075 0.515117 -0.023900 0.999613 0.014219 94.892509 0.000414 -0.014213 0.999899 0.100892 0.000000 0.000000 0.000000 1.000000
0.999843 0.017331 0.003645 0.367297 -0.017377 0.999766 0.012916 94.965088 -0.003420 -0.012977 0.999910 0.210354 0.000000 0.000000 0.000000 1.000000
0.999910 0.011074 0.007518 0.230861 -0.011162 0.999868 0.011839 94.967468 -0.007386 -0.011922 0.999902 0.300927 0.000000 0.000000 0.000000 1.000000
0.999907 0.006585 0.011980 0.105491 -0.006713 0.999921 0.010673 94.892639 -0.011909 -0.010753 0.999871 0.320843 0.000000 0.000000 0.000000 1.000000
0.999860 0.006203 0.015539 -0.011709 -0.006336 0.999944 0.008483 94.722031 -0.015485 -0.008581 0.999843 0.231973 0.000000 0.000000 0.000000 1.000000
0.999815 0.009081 0.016953 -0.133474 -0.009177 0.999942 0.005621 94.488983 -0.016901 -0.005775 0.999840 0.069029 0.000000 0.000000 0.000000 1.000000
0.999768 0.010882 0.018563 -0.241567 -0.010976 0.999927 0.004972 94.262566 -0.018508 -0.005175 0.999815 -0.141049 0.000000 0.000000 0.000000 1.000000
0.999629 0.009721 0.025459 -0.329078 -0.009982 0.999899 0.010151 94.276810 -0.025358 -0.010401 0.999624 -0.184435 0.000000 0.000000 0.000000 1.000000
0.999227 0.005785 0.038889 -0.413508 -0.006577 0.999773 0.020268 94.562012 -0.038763 -0.020508 0.999038 -0.023523 0.000000 0.000000 0.000000 1.000000
0.998599 0.000943 0.052901 -0.467273 -0.002455 0.999590 0.028527 94.921028 -0.052852 -0.028617 0.998192 0.137986 0.000000 0.000000 0.000000 1.000000
0.998206 -0.002872 0.059797 -0.483744 0.001116 0.999568 0.029375 95.126038 -0.059855 -0.029255 0.997778 0.219427 0.000000 0.000000 0.000000 1.000000
0.998311 -0.004301 0.057931 -0.487151 0.002919 0.999709 0.023925 95.123558 -0.058017 -0.023715 0.998034 0.277998 0.000000 0.000000 0.000000 1.000000
0.998628 -0.003283 0.052253 -0.507695 0.002427 0.999862 0.016442 95.027245 -0.052300 -0.016292 0.998499 0.304376 0.000000 0.000000 0.000000 1.000000
0.998856 -0.001619 0.047788 -0.556239 0.001157 0.999952 0.009697 94.926598 -0.047802 -0.009630 0.998810 0.277479 0.000000 0.000000 0.000000 1.000000
0.999005 -0.000372 0.044598 -0.599352 0.000149 0.999988 0.004993 94.865471 -0.044599 -0.004982 0.998993 0.241394 0.000000 0.000000 0.000000 1.000000
0.999229 0.000680 0.039244 -0.628530 -0.000797 0.999995 0.002967 94.847496 -0.039242 -0.002996 0.999225 0.250939 0.000000 0.000000 0.000000 1.000000
0.999555 0.002395 0.029726 -0.639066 -0.002479 0.999993 0.002798 94.858223 -0.029719 -0.002871 0.999554 0.309806 0.000000 0.000000 0.000000 1.000000
0.999832 0.005025 0.017611 -0.640233 -0.005073 0.999983 0.002705 94.876709 -0.017597 -0.002794 0.999841 0.372421 0.000000 0.000000 0.000000 1.000000
0.999949 0.008067 0.006050 -0.626614 -0.008080 0.999965 0.002170 94.886414 -0.006033 -0.002219 0.999979 0.400179 0.000000 0.000000 0.000000 1.000000
0.999936 0.010904 -0.002982 -0.585125 -0.010897 0.999938 0.002370 94.885712 0.003008 -0.002338 0.999993 0.419944 0.000000 0.000000 0.000000 1.000000
0.999867 0.013338 -0.009369 -0.519524 -0.013301 0.999903 0.004041 94.883484 0.009422 -0.003916 0.999948 0.439234 0.000000 0.000000 0.000000 1.000000
0.999785 0.015448 -0.013856 -0.440959 -0.015359 0.999861 0.006494 94.888176 0.013954 -0.006280 0.999883 0.444350 0.000000 0.000000 0.000000 1.000000
0.999706 0.017401 -0.016910 -0.342815 -0.017253 0.999812 0.008845 94.899986 0.017061 -0.008550 0.999818 0.450071 0.000000 0.000000 0.000000 1.000000
0.999641 0.019413 -0.018440 -0.234187 -0.019215 0.999757 0.010829 94.919403 0.018646 -0.010471 0.999771 0.469480 0.000000 0.000000 0.000000 1.000000
0.999602 0.021362 -0.018449 -0.148280 -0.021133 0.999698 0.012505 94.945282 0.018711 -0.012110 0.999752 0.450337 0.000000 0.000000 0.000000 1.000000
0.999588 0.022764 -0.017510 -0.061786 -0.022521 0.999649 0.013949 94.967323 0.017821 -0.013549 0.999749 0.424125 0.000000 0.000000 0.000000 1.000000
0.999590 0.023535 -0.016331 0.017033 -0.023287 0.999613 0.015212 94.978333 0.016683 -0.014826 0.999751 0.393827 0.000000 0.000000 0.000000 1.000000
0.999589 0.024272 -0.015257 0.065678 -0.024022 0.999577 0.016382 94.982964 0.015648 -0.016009 0.999749 0.350937 0.000000 0.000000 0.000000 1.000000</float_array>
        <technique_common>
          <accessor source="#mixamorig_Hips-Matrix-animation-output-transform-array" count="89" stride="16">
            <param type="float4x4"/>
          </accessor>
        </technique_common>
      </source>
      <source id="mixamorig_Hips-Interpolations">
        <Name_array id="mixamorig_Hips-Interpolations-array" count="89">
 LINEAR LINEAR LINEAR LINEAR LINEAR LINEAR LINEAR LINEAR LINEAR LINEAR LINEAR
LINEAR LINEAR LINEAR LINEAR LINEAR LINEAR LINEAR LINEAR LINEAR LINEAR LINEAR LINEAR
LINEAR LINEAR LINEAR LINEAR LINEAR LINEAR LINEAR LINEAR LINEAR LINEAR LINEAR LINEAR
LINEAR LINEAR LINEAR LINEAR LINEAR LINEAR LINEAR LINEAR LINEAR LINEAR LINEAR LINEAR
LINEAR LINEAR LINEAR LINEAR LINEAR LINEAR LINEAR LINEAR LINEAR LINEAR LINEAR LINEAR
LINEAR LINEAR LINEAR LINEAR LINEAR LINEAR LINEAR LINEAR LINEAR LINEAR LINEAR LINEAR
LINEAR LINEAR LINEAR LINEAR LINEAR LINEAR LINEAR LINEAR LINEAR LINEAR LINEAR LINEAR
LINEAR LINEAR LINEAR LINEAR LINEAR LINEAR</Name_array>
        <technique_common>
          <accessor source="#mixamorig_Hips-Interpolations-array" count="89">
            <param type="name"/>
          </accessor>
        </technique_common>
      </source>
      <sampler id="mixamorig_Hips-Matrix-animation-transform">
        <input semantic="INPUT" source="#mixamorig_Hips-Matrix-animation-input"/>
        <input semantic="OUTPUT" source="#mixamorig_Hips-Matrix-animation-output-transform"/>
        <input semantic="INTERPOLATION" source="#mixamorig_Hips-Interpolations"/>
      </sampler>
      <channel source="#mixamorig_Hips-Matrix-animation-transform" target="mixamorig_Hips/matrix"/>
    </animation>
    <animation id="mixamorig_Spine-anim" name="mixamorig_Spine">
      <source id="mixamorig_Spine-Matrix-animation-input">
        <float_array id="mixamorig_Spine-Matrix-animation-input-array" count="89">

0.000000 0.033333 0.066667 0.100000 0.133333 0.166667 0.200000 0.233333 0.266667 0.300000 0.333333 0.366667 0.400000 0.433333 0.466667 0.500000
0.533333 0.566667 0.600000 0.633333 0.666667 0.700000 0.733333 0.766667 0.800000 0.833333 0.866667 0.900000 0.933333 0.966667 1.000000 1.033333
1.066667 1.100000 1.133333 1.166667 1.200000 1.233333 1.266667 1.300000 1.333333 1.366667 1.400000 1.433333 1.466667 1.500000 1.533333 1.566667
1.600000 1.633333 1.666667 1.700000 1.733333 1.766667 1.800000 1.833333 1.866667 1.900000 1.933333 1.966667 2.000000 2.033333 2.066667 2.100000
2.133333 2.166667 2.200000 2.233333 2.266667 2.300000 2.333333 2.366667 2.400000 2.433333 2.466667 2.500000 2.533333 2.566667 2.600000 2.633333
2.666667 2.700000 2.733333 2.766667 2.800000 2.833333 2.866667 2.900000 2.933333</float_array>
        <technique_common>
          <accessor source="#mixamorig_Spine-Matrix-animation-input-array" count="89">
            <param name="TIME" type="float"/>
          </accessor>
        </technique_common>
      </source>
      <source id="mixamorig_Spine-Matrix-animation-output-transform">
        <float_array id="mixamorig_Spine-Matrix-animation-output-transform-array" count="1424">

0.999530 0.030619 -0.001140 0.017300 -0.030405 0.995789 0.086489 10.574800 0.003784 -0.086414 0.996252 -1.117200 0.000000 0.000000 0.000000 1.000000
0.999588 0.028388 -0.004157 0.017300 -0.027906 0.995651 0.088883 10.574800 0.006662 -0.088731 0.996033 -1.117200 0.000000 0.000000 0.000000 1.000000
0.999589 0.027674 -0.007440 0.017300 -0.026907 0.995704 0.088598 10.574800 0.009860 -0.088361 0.996040 -1.117200 0.000000 0.000000 0.000000 1.000000
0.999521 0.028207 -0.012699 0.017300 -0.027030 0.996022 0.084914 10.574800 0.015044 -0.084530 0.996307 -1.117200 0.000000 0.000000 0.000000 1.000000
0.999366 0.028908 -0.020786 0.017300 -0.027196 0.996549 0.078430 10.574800 0.022982 -0.077815 0.996703 -1.117200 0.000000 0.000000 0.000000 1.000000
0.999150 0.028491 -0.029792 0.017300 -0.026314 0.997124 0.071076 10.574800 0.031731 -0.070231 0.997026 -1.117200 0.000000 0.000000 0.000000 1.000000
0.998971 0.028288 -0.035453 0.017300 -0.025950 0.997564 0.064758 10.574800 0.037198 -0.063771 0.997271 -1.117200 0.000000 0.000000 0.000000 1.000000
0.998938 0.029668 -0.035241 0.017300 -0.027508 0.997802 0.060280 10.574800 0.036952 -0.059246 0.997559 -1.117200 0.000000 0.000000 0.000000 1.000000
0.998991 0.032727 -0.030740 0.017300 -0.030927 0.997878 0.057298 10.574800 0.032550 -0.056289 0.997884 -1.117200 0.000000 0.000000 0.000000 1.000000
0.999015 0.036091 -0.025815 0.017300 -0.034625 0.997879 0.055123 10.574800 0.027749 -0.054175 0.998146 -1.117200 0.000000 0.000000 0.000000 1.000000
0.999033 0.037483 -0.022973 0.017300 -0.036205 0.997899 0.053724 10.574800 0.024938 -0.052840 0.998292 -1.117200 0.000000 0.000000 0.000000 1.000000
0.999132 0.035646 -0.021542 0.017300 -0.034433 0.997932 0.054276 10.574800 0.023432 -0.053488 0.998294 -1.117200 0.000000 0.000000 0.000000 1.000000
0.999320 0.031903 -0.018504 0.017300 -0.030771 0.997811 0.058533 10.574800 0.020331 -0.057924 0.998114 -1.117200 0.000000 0.000000 0.000000 1.000000
0.999493 0.030077 -0.010445 0.017300 -0.029311 0.997320 0.067042 10.574800 0.012433 -0.066701 0.997696 -1.117200 0.000000 0.000000 0.000000 1.000000
0.999416 0.033924 0.004060 0.017300 -0.034137 0.996400 0.077593 10.574800 -0.001413 -0.077687 0.996977 -1.117200 0.000000 0.000000 0.000000 1.000000
0.998839 0.042710 0.022295 0.017300 -0.044474 0.995322 0.085769 10.574800 -0.018528 -0.086661 0.996066 -1.117200 0.000000 0.000000 0.000000 1.000000
0.997929 0.051426 0.038653 0.017300 -0.054655 0.994644 0.087729 10.574800 -0.033935 -0.089660 0.995394 -1.117200 0.000000 0.000000 0.000000 1.000000
0.997315 0.054085 0.049374 0.017300 -0.058042 0.994891 0.082596 10.574800 -0.044655 -0.085240 0.995359 -1.117200 0.000000 0.000000 0.000000 1.000000
0.997133 0.050503 0.056356 0.017300 -0.054527 0.995891 0.072306 10.574800 -0.052472 -0.075171 0.995789 -1.117200 0.000000 0.000000 0.000000 1.000000
0.996869 0.046435 0.063997 0.017300 -0.050301 0.996919 0.060180 10.574800 -0.061005 -0.063211 0.996134 -1.117200 0.000000 0.000000 0.000000 1.000000
0.996543 0.041527 0.071952 0.017300 -0.045170 0.997739 0.049769 10.574800 -0.069722 -0.052848 0.996166 -1.117200 0.000000 0.000000 0.000000 1.000000
0.996341 0.037146 0.076977 0.017300 -0.040536 0.998254 0.042953 10.574800 -0.075247 -0.045916 0.996107 -1.117200 0.000000 0.000000 0.000000 1.000000
0.996412 0.034145 0.077441 0.017300 -0.037324 0.998503 0.039985 10.574800 -0.075960 -0.042732 0.996195 -1.117200 0.000000 0.000000 0.000000 1.000000
0.996599 0.033117 0.075451 0.017300 -0.036241 0.998525 0.040422 10.574800 -0.074001 -0.043019 0.996330 -1.117200 0.000000 0.000000 0.000000 1.000000
0.996685 0.034457 0.073693 0.017300 -0.037743 0.998333 0.043673 10.574800 -0.072066 -0.046310 0.996324 -1.117200 0.000000 0.000000 0.000000 1.000000
0.996708 0.036773 0.072256 0.017300 -0.040351 0.997998 0.048694 10.574800 -0.070321 -0.051449 0.996197 -1.117200 0.000000 0.000000 0.000000 1.000000
0.996894 0.036803 0.069621 0.017300 -0.040569 0.997745 0.053465 10.574800 -0.067496 -0.056124 0.996140 -1.117200 0.000000 0.000000 0.000000 1.000000
0.997275 0.033547 0.065710 0.017300 -0.037210 0.997773 0.055350 10.574800 -0.063707 -0.057645 0.996302 -1.117200 0.000000 0.000000 0.000000 1.000000
0.997686 0.028022 0.061949 0.017300 -0.031324 0.998104 0.052990 10.574800 -0.060347 -0.054808 0.996672 -1.117200 0.000000 0.000000 0.000000 1.000000
0.997999 0.022402 0.059122 0.017300 -0.025235 0.998547 0.047606 10.574800 -0.057970 -0.049003 0.997115 -1.117200 0.000000 0.000000 0.000000 1.000000
0.998211 0.020701 0.056095 0.017300 -0.023074 0.998852 0.041979 10.574800 -0.055162 -0.043198 0.997543 -1.117200 0.000000 0.000000 0.000000 1.000000
0.998433 0.024682 0.050227 0.017300 -0.026633 0.998901 0.038559 10.574800 -0.049220 -0.039836 0.997993 -1.117200 0.000000 0.000000 0.000000 1.000000
0.998674 0.032195 0.040181 0.017300 -0.033735 0.998698 0.038271 10.574800 -0.038896 -0.039575 0.998459 -1.117200 0.000000 0.000000 0.000000 1.000000
0.998861 0.038653 0.027983 0.017300 -0.039767 0.998392 0.040408 10.574800 -0.026376 -0.041475 0.998791 -1.117200 0.000000 0.000000 0.000000 1.000000
0.998973 0.041734 0.017666 0.017300 -0.042467 0.998156 0.043376 10.574800 -0.015823 -0.044082 0.998903 -1.117200 0.000000 0.000000 0.000000 1.000000
0.999067 0.041711 0.011237 0.017300 -0.042189 0.998034 0.046342 10.574800 -0.009282 -0.046773 0.998862 -1.117200 0.000000 0.000000 0.000000 1.000000
0.999176 0.039936 0.007280 0.017300 -0.040252 0.997927 0.050217 10.574800 -0.005259 -0.050469 0.998712 -1.117200 0.000000 0.000000 0.000000 1.000000
0.999231 0.039040 0.003713 0.017300 -0.039188 0.997620 0.056738 10.574800 -0.001489 -0.056840 0.998382 -1.117200 0.000000 0.000000 0.000000 1.000000
0.999180 0.040499 -0.000010 0.017300 -0.040409 0.996972 0.066436 10.574800 0.002700 -0.066381 0.997791 -1.117200 0.000000 0.000000 0.000000 1.000000
0.999070 0.042945 -0.003808 0.017300 -0.042521 0.996083 0.077529 10.574800 0.007123 -0.077295 0.996983 -1.117200 0.000000 0.000000 0.000000 1.000000
0.998876 0.046769 -0.007757 0.017300 -0.045920 0.995155 0.086932 10.574800 0.011785 -0.086478 0.996184 -1.117200 0.000000 0.000000 0.000000 1.000000
0.998639 0.050625 -0.012502 0.017300 -0.049261 0.994515 0.092269 10.574800 0.017104 -0.091528 0.995656 -1.117200 0.000000 0.000000 0.000000 1.000000
0.998527 0.051150 -0.018098 0.017300 -0.049258 0.994456 0.092905 10.574800 0.022750 -0.091877 0.995510 -1.117200 0.000000 0.000000 0.000000 1.000000
0.998583 0.047827 -0.023335 0.017300 -0.045555 0.994923 0.089735 10.574800 0.027508 -0.088545 0.995692 -1.117200 0.000000 0.000000 0.000000 1.000000
0.998672 0.043631 -0.027378 0.017300 -0.041178 0.995569 0.084536 10.574800 0.030946 -0.083296 0.996044 -1.117200 0.000000 0.000000 0.000000 1.000000
0.998632 0.042376 -0.030646 0.017300 -0.039836 0.996062 0.079212 10.574800 0.033882 -0.077883 0.996387 -1.117200 0.000000 0.000000 0.000000 1.000000
0.998409 0.045120 -0.033808 0.017300 -0.042483 0.996276 0.075029 10.574800 0.037068 -0.073474 0.996608 -1.117200 0.000000 0.000000 0.000000 1.000000
0.998122 0.048993 -0.036783 0.017300 -0.046235 0.996302 0.072417 10.574800 0.040195 -0.070580 0.996696 -1.117200 0.000000 0.000000 0.000000 1.000000
0.997939 0.051144 -0.038759 0.017300 -0.048285 0.996277 0.071414 10.574800 0.042267 -0.069395 0.996693 -1.117200 0.000000 0.000000 0.000000 1.000000
0.997881 0.052307 -0.038690 0.017300 -0.049432 0.996190 0.071847 10.574800 0.042301 -0.069782 0.996665 -1.117200 0.000000 0.000000 0.000000 1.000000
0.997840 0.055530 -0.035082 0.017300 -0.052857 0.995930 0.073004 10.574800 0.038993 -0.070992 0.996714 -1.117200 0.000000 0.000000 0.000000 1.000000
0.997742 0.061977 -0.025880 0.017300 -0.059917 0.995461 0.073938 10.574800 0.030345 -0.072220 0.996927 -1.117200 0.000000 0.000000 0.000000 1.000000
0.997646 0.067787 -0.010412 0.017300 -0.066828 0.994979 0.074498 10.574800 0.015410 -0.073627 0.997167 -1.117200 0.000000 0.000000 0.000000 1.000000
0.997618 0.068477 0.008348 0.017300 -0.068912 0.994771 0.075384 10.574800 -0.003142 -0.075780 0.997120 -1.117200 0.000000 0.000000 0.000000 1.000000
0.997629 0.064381 0.024319 0.017300 -0.066065 0.994892 0.076329 10.574800 -0.019281 -0.077755 0.996786 -1.117200 0.000000 0.000000 0.000000 1.000000
0.997757 0.058675 0.032209 0.017300 -0.060959 0.995300 0.075243 10.574800 -0.027643 -0.077037 0.996645 -1.117200 0.000000 0.000000 0.000000 1.000000
0.997996 0.054765 0.031692 0.017300 -0.056890 0.995884 0.070561 10.574800 -0.027697 -0.072222 0.997004 -1.117200 0.000000 0.000000 0.000000 1.000000
0.998241 0.052883 0.026788 0.017300 -0.054498 0.996482 0.063661 10.574800 -0.023327 -0.065009 0.997612 -1.117200 0.000000 0.000000 0.000000 1.000000
0.998432 0.051472 0.021988 0.017300 -0.052667 0.996942 0.057726 10.574800 -0.018950 -0.058793 0.998090 -1.117200 0.000000 0.000000 0.000000 1.000000
0.998577 0.049643 0.019470 0.017300 -0.050646 0.997204 0.054939 10.574800 -0.016688 -0.055847 0.998300 -1.117200 0.000000 0.000000 0.000000 1.000000
0.998665 0.047883 0.019366 0.017300 -0.048891 0.997263 0.055469 10.574800 -0.016657 -0.056342 0.998273 -1.117200 0.000000 0.000000 0.000000 1.000000
0.998683 0.046764 0.021107 0.017300 -0.047924 0.997147 0.058318 10.574800 -0.018319 -0.059253 0.998075 -1.117200 0.000000 0.000000 0.000000 1.000000
0.998651 0.046017 0.024037 0.017300 -0.047436 0.996933 0.062246 10.574800 -0.021099 -0.063303 0.997771 -1.117200 0.000000 0.000000 0.000000 1.000000
0.998622 0.044662 0.027552 0.017300 -0.046400 0.996735 0.066079 10.574800 -0.024511 -0.067267 0.997434 -1.117200 0.000000 0.000000 0.000000 1.000000
0.998665 0.041274 0.031057 0.017300 -0.043335 0.996681 0.068911 10.574800 -0.028110 -0.070165 0.997139 -1.117200 0.000000 0.000000 0.000000 1.000000
0.998827 0.034921 0.033548 0.017300 -0.037214 0.996827 0.070365 10.574800 -0.030984 -0.071531 0.996957 -1.117200 0.000000 0.000000 0.000000 1.000000
0.999060 0.027461 0.033552 0.017300 -0.029773 0.997071 0.070452 10.574800 -0.031519 -0.071384 0.996951 -1.117200 0.000000 0.000000 0.000000 1.000000
0.999296 0.022534 0.030001 0.017300 -0.024564 0.997306 0.069113 10.574800 -0.028363 -0.069801 0.997158 -1.117200 0.000000 0.000000 0.000000 1.000000
0.999505 0.021042 0.023408 0.017300 -0.022553 0.997546 0.066281 10.574800 -0.021956 -0.066776 0.997526 -1.117200 0.000000 0.000000 0.000000 1.000000
0.999608 0.022590 0.016516 0.017300 -0.023579 0.997772 0.062410 10.574800 -0.015069 -0.062775 0.997914 -1.117200 0.000000 0.000000 0.000000 1.000000
0.999611 0.025058 0.012216 0.017300 -0.025735 0.997937 0.058825 10.574800 -0.010717 -0.059117 0.998194 -1.117200 0.000000 0.000000 0.000000 1.000000
0.999590 0.026250 0.011460 0.017300 -0.026862 0.998013 0.056999 10.574800 -0.009941 -0.057283 0.998308 -1.117200 0.000000 0.000000 0.000000 1.000000
0.999595 0.025355 0.012919 0.017300 -0.026059 0.998002 0.057556 10.574800 -0.011434 -0.057870 0.998259 -1.117200 0.000000 0.000000 0.000000 1.000000
0.999631 0.023180 0.014169 0.017300 -0.023991 0.997906 0.060074 10.574800 -0.012747 -0.060392 0.998093 -1.117200 0.000000 0.000000 0.000000 1.000000
0.999675 0.021739 0.013347 0.017300 -0.022546 0.997720 0.063610 10.574800 -0.011934 -0.063890 0.997886 -1.117200 0.000000 0.000000 0.000000 1.000000
0.999713 0.021733 0.010128 0.017300 -0.022367 0.997478 0.067355 10.574800 -0.008639 -0.067562 0.997678 -1.117200 0.000000 0.000000 0.000000 1.000000
0.999727 0.022589 0.005923 0.017300 -0.022953 0.997210 0.071037 10.574800 -0.004302 -0.071154 0.997456 -1.117200 0.000000 0.000000 0.000000 1.000000
0.999725 0.023308 0.002656 0.017300 -0.023442 0.996916 0.074894 10.574800 -0.000902 -0.074936 0.997188 -1.117200 0.000000 0.000000 0.000000 1.000000
0.999721 0.023584 0.001161 0.017300 -0.023602 0.996591 0.079058 10.574800 0.000708 -0.079063 0.996869 -1.117200 0.000000 0.000000 0.000000 1.000000
0.999717 0.023777 0.000736 0.017300 -0.023757 0.996271 0.082940 10.574800 0.001239 -0.082934 0.996554 -1.117200 0.000000 0.000000 0.000000 1.000000
0.999704 0.024341 0.000227 0.017300 -0.024271 0.996037 0.085564 10.574800 0.001857 -0.085544 0.996333 -1.117200 0.000000 0.000000 0.000000 1.000000
0.999678 0.025351 -0.000746 0.017300 -0.025191 0.995926 0.086580 10.574800 0.002938 -0.086534 0.996245 -1.117200 0.000000 0.000000 0.000000 1.000000
0.999647 0.026525 -0.001714 0.017300 -0.026277 0.995896 0.086603 10.574800 0.004004 -0.086527 0.996241 -1.117200 0.000000 0.000000 0.000000 1.000000
0.999619 0.027504 -0.002171 0.017300 -0.027214 0.995882 0.086478 10.574800 0.004541 -0.086386 0.996251 -1.117200 0.000000 0.000000 0.000000 1.000000
0.999601 0.028160 -0.002123 0.017300 -0.027871 0.995859 0.086539 10.574800 0.004551 -0.086446 0.996246 -1.117200 0.000000 0.000000 0.000000 1.000000
0.999587 0.028659 -0.001882 0.017300 -0.028388 0.995834 0.086657 10.574800 0.004357 -0.086568 0.996236 -1.117200 0.000000 0.000000 0.000000 1.000000
0.999572 0.029209 -0.001657 0.017300 -0.028955 0.995815 0.086684 10.574800 0.004182 -0.086599 0.996234 -1.117200 0.000000 0.000000 0.000000 1.000000
0.999552 0.029900 -0.001435 0.017300 -0.029663 0.995797 0.086646 10.574800 0.004020 -0.086565 0.996238 -1.117200 0.000000 0.000000 0.000000 1.000000
0.999531 0.030616 -0.001141 0.017300 -0.030402 0.995776 0.086635 10.574800 0.003789 -0.086560 0.996239 -1.117200 0.000000 0.000000 0.000000 1.000000</float_array>
        <technique_common>
          <accessor source="#mixamorig_Spine-Matrix-animation-output-transform-array" count="89" stride="16">
            <param type="float4x4"/>
          </accessor>
        </technique_common>
      </source>
      <source id="mixamorig_Spine-Interpolations">
        <Name_array id="mixamorig_Spine-Interpolations-array" count="89">
 LINEAR LINEAR LINEAR LINEAR LINEAR LINEAR LINEAR LINEAR LINEAR LINEAR LINEAR
LINEAR LINEAR LINEAR LINEAR LINEAR LINEAR LINEAR LINEAR LINEAR LINEAR LINEAR LINEAR
LINEAR LINEAR LINEAR LINEAR LINEAR LINEAR LINEAR LINEAR LINEAR LINEAR LINEAR LINEAR
LINEAR LINEAR LINEAR LINEAR LINEAR LINEAR LINEAR LINEAR LINEAR LINEAR LINEAR LINEAR
LINEAR LINEAR LINEAR LINEAR LINEAR LINEAR LINEAR LINEAR LINEAR LINEAR LINEAR LINEAR
LINEAR LINEAR LINEAR LINEAR LINEAR LINEAR LINEAR LINEAR LINEAR LINEAR LINEAR LINEAR
LINEAR LINEAR LINEAR LINEAR LINEAR LINEAR LINEAR LINEAR LINEAR LINEAR LINEAR LINEAR
LINEAR LINEAR LINEAR LINEAR LINEAR LINEAR</Name_array>
        <technique_common>
          <accessor source="#mixamorig_Spine-Interpolations-array" count="89">
            <param type="name"/>
          </accessor>
        </technique_common>
      </source>
      <sampler id="mixamorig_Spine-Matrix-animation-transform">
        <input semantic="INPUT" source="#mixamorig_Spine-Matrix-animation-input"/>
        <input semantic="OUTPUT" source="#mixamorig_Spine-Matrix-animation-output-transform"/>
        <input semantic="INTERPOLATION" source="#mixamorig_Spine-Interpolations"/>
      </sampler>
      <channel source="#mixamorig_Spine-Matrix-animation-transform" target="mixamorig_Spine/matrix"/>
    </animation>
    <animation id="mixamorig_Spine1-anim" name="mixamorig_Spine1">
      <source id="mixamorig_Spine1-Matrix-animation-input">
        <float_array id="mixamorig_Spine1-Matrix-animation-input-array" count="89">

0.000000 0.033333 0.066667 0.100000 0.133333 0.166667 0.200000 0.233333 0.266667 0.300000 0.333333 0.366667 0.400000 0.433333 0.466667 0.500000
0.533333 0.566667 0.600000 0.633333 0.666667 0.700000 0.733333 0.766667 0.800000 0.833333 0.866667 0.900000 0.933333 0.966667 1.000000 1.033333
1.066667 1.100000 1.133333 1.166667 1.200000 1.233333 1.266667 1.300000 1.333333 1.366667 1.400000 1.433333 1.466667 1.500000 1.533333 1.566667
1.600000 1.633333 1.666667 1.700000 1.733333 1.766667 1.800000 1.833333 1.866667 1.900000 1.933333 1.966667 2.000000 2.033333 2.066667 2.100000
2.133333 2.166667 2.200000 2.233333 2.266667 2.300000 2.333333 2.366667 2.400000 2.433333 2.466667 2.500000 2.533333 2.566667 2.600000 2.633333
2.666667 2.700000 2.733333 2.766667 2.800000 2.833333 2.866667 2.900000 2.933333</float_array>
        <technique_common>
          <accessor source="#mixamorig_Spine1-Matrix-animation-input-array" count="89">
            <param name="TIME" type="float"/>
          </accessor>
        </technique_common>
      </source>
      <source id="mixamorig_Spine1-Matrix-animation-output-transform">
        <float_array id="mixamorig_Spine1-Matrix-animation-output-transform-array" count="1424">

0.999998 0.001595 0.001361 0.000000 -0.001683 0.997751 0.067012 12.406000 -0.001251 -0.067014 0.997751 0.000000 0.000000 0.000000 0.000000 1.000000
1.000000 0.000574 0.000432 0.000000 -0.000600 0.997871 0.065209 12.406000 -0.000394 -0.065209 0.997872 -0.000000 0.000000 0.000000 0.000000 1.000000
1.000000 -0.000222 -0.000586 0.000000 0.000259 0.997999 0.063224 12.406000 0.000571 -0.063224 0.997999 -0.000000 0.000000 0.000000 0.000000 1.000000
0.999997 -0.000862 -0.002154 0.000000 0.000992 0.998121 0.061266 12.406000 0.002097 -0.061268 0.998119 -0.000000 0.000000 0.000000 0.000000 1.000000
0.999989 -0.001421 -0.004481 -0.000000 0.001686 0.998220 0.059610 12.406000 0.004388 -0.059617 0.998212 -0.000000 0.000000 0.000000 0.000000 1.000000
0.999974 -0.001801 -0.006992 0.000000 0.002208 0.998284 0.058520 12.406000 0.006875 -0.058534 0.998262 0.000000 0.000000 0.000000 0.000000 1.000000
0.999962 -0.001676 -0.008533 -0.000000 0.002170 0.998303 0.058196 12.406000 0.008421 -0.058212 0.998269 -0.000000 0.000000 0.000000 0.000000 1.000000
0.999965 -0.000788 -0.008384 -0.000000 0.001279 0.998277 0.058656 12.406000 0.008323 -0.058664 0.998243 -0.000000 0.000000 0.000000 0.000000 1.000000
0.999975 0.000725 -0.006971 0.000000 -0.000309 0.998225 0.059556 12.406000 0.007002 -0.059552 0.998201 -0.000000 0.000000 0.000000 0.000000 1.000000
0.999983 0.002316 -0.005425 0.000000 -0.001985 0.998180 0.060270 12.406000 0.005555 -0.060258 0.998167 -0.000000 0.000000 0.000000 0.000000 1.000000
0.999984 0.003307 -0.004529 0.000000 -0.003028 0.998170 0.060400 12.406000 0.004720 -0.060385 0.998164 0.000000 0.000000 0.000000 0.000000 1.000000
0.999986 0.003314 -0.004155 0.000000 -0.003058 0.998177 0.060280 12.406000 0.004347 -0.060266 0.998173 0.000000 0.000000 0.000000 0.000000 1.000000
0.999991 0.002641 -0.003428 0.000000 -0.002428 0.998150 0.060745 12.406000 0.003582 -0.060737 0.998147 0.000000 0.000000 0.000000 0.000000 1.000000
0.999997 0.002281 -0.001272 -0.000000 -0.002198 0.998061 0.062202 12.406000 0.001412 -0.062199 0.998063 0.000000 0.000000 0.000000 0.000000 1.000000
0.999991 0.003126 0.002812 0.000000 -0.003300 0.997947 0.063959 12.406000 -0.002606 -0.063968 0.997949 -0.000000 0.000000 0.000000 0.000000 1.000000
0.999955 0.004950 0.008063 0.000000 -0.005462 0.997887 0.064745 12.406000 -0.007725 -0.064786 0.997869 0.000000 0.000000 0.000000 0.000000 1.000000
0.999897 0.006489 0.012793 -0.000000 -0.007295 0.997925 0.063973 12.406000 -0.012352 -0.064059 0.997870 0.000000 0.000000 0.000000 0.000000 1.000000
0.999851 0.006757 0.015916 0.000000 -0.007737 0.998026 0.062324 12.406000 -0.015463 -0.062438 0.997929 0.000000 0.000000 0.000000 0.000000 1.000000
0.999821 0.005947 0.017940 0.000000 -0.007031 0.998115 0.060970 12.406000 -0.017544 -0.061085 0.997978 0.000000 0.000000 0.000000 0.000000 1.000000
0.999789 0.004846 0.019981 0.000000 -0.006046 0.998156 0.060402 12.406000 -0.019651 -0.060510 0.997974 -0.000000 0.000000 0.000000 0.000000 1.000000
0.999748 0.003865 0.022101 0.000000 -0.005189 0.998173 0.060203 12.406000 -0.021828 -0.060302 0.997941 0.000000 0.000000 0.000000 0.000000 1.000000
0.999722 0.002992 0.023379 0.000000 -0.004387 0.998198 0.059842 12.406000 -0.023158 -0.059928 0.997934 0.000000 0.000000 0.000000 0.000000 1.000000
0.999724 0.002284 0.023397 -0.000000 -0.003670 0.998228 0.059395 12.406000 -0.023219 -0.059464 0.997960 0.000000 0.000000 0.000000 0.000000 1.000000
0.999738 0.001892 0.022796 -0.000000 -0.003243 0.998229 0.059392 12.406000 -0.022643 -0.059450 0.997974 0.000000 0.000000 0.000000 0.000000 1.000000
0.999750 0.001764 0.022300 0.000000 -0.003103 0.998185 0.060144 12.406000 -0.022154 -0.060198 0.997941 0.000000 0.000000 0.000000 0.000000 1.000000
0.999759 0.001528 0.021883 -0.000000 -0.002867 0.998117 0.061272 12.406000 -0.021748 -0.061320 0.997881 0.000000 0.000000 0.000000 0.000000 1.000000
0.999777 0.000603 0.021102 -0.000000 -0.001907 0.998086 0.061809 12.406000 -0.021024 -0.061835 0.997865 0.000000 0.000000 0.000000 0.000000 1.000000
0.999802 -0.001529 0.019840 0.000000 0.000318 0.998145 0.060877 12.406000 -0.019896 -0.060858 0.997948 0.000000 0.000000 0.000000 0.000000 1.000000
0.999818 -0.004775 0.018459 0.000000 0.003685 0.998274 0.058610 12.406000 -0.018707 -0.058531 0.998110 0.000000 0.000000 0.000000 0.000000 1.000000
0.999817 -0.008027 0.017339 0.000000 0.007037 0.998382 0.056419 12.406000 -0.017764 -0.056287 0.998257 -0.000000 0.000000 0.000000 0.000000 1.000000
0.999820 -0.009654 0.016350 -0.000000 0.008725 0.998395 0.055960 12.406000 -0.016864 -0.055807 0.998299 0.000000 0.000000 0.000000 0.000000 1.000000
0.999852 -0.008734 0.014848 0.000000 0.007865 0.998307 0.057633 12.406000 -0.015326 -0.057508 0.998227 0.000000 0.000000 0.000000 0.000000 1.000000
0.999906 -0.005837 0.012386 0.000000 0.005080 0.998169 0.060273 12.406000 -0.012715 -0.060204 0.998105 -0.000000 0.000000 0.000000 0.000000 1.000000
0.999953 -0.002518 0.009374 0.000000 0.001929 0.998054 0.062331 12.406000 -0.009513 -0.062310 0.998011 -0.000000 0.000000 0.000000 0.000000 1.000000
0.999977 -0.000062 0.006769 0.000000 -0.000366 0.998002 0.063185 12.406000 -0.006759 -0.063186 0.997979 0.000000 0.000000 0.000000 0.000000 1.000000
0.999986 0.001317 0.005091 0.000000 -0.001637 0.997990 0.063344 12.406000 -0.004998 -0.063352 0.997979 0.000000 0.000000 0.000000 0.000000 1.000000
