<?xml version="1.0" encoding="utf-8"?>
<COLLADA xmlns="http://www.collada.org/2005/11/COLLADASchema" version="1.4.1">
  <asset>
    <contributor>
      <author>Mixamo</author>
      <authoring_tool>COLLADA Mixamo exporter</authoring_tool>
      <comments/>
    </contributor>
    <created>2023-08-01T21:50:20Z</created>
    <modified>2023-08-01T21:50:20Z</modified>
    <revision/>
    <title/>
    <unit meter="0.010000"/>
    <up_axis>Y_UP</up_axis>
  </asset>
  <library_animations>
    <animation id="mixamorig_Hips-anim" name="mixamorig_Hips">
      <source id="mixamorig_Hips-Matrix-animation-input">
        <float_array id="mixamorig_Hips-Matrix-animation-input-array" count="26">

0.000000 0.033333 0.066667 0.100000 0.133333 0.166667 0.200000 0.233333 0.266667 0.300000 0.333333 0.366667 0.400000 0.433333 0.466667 0.500000
0.533333 0.566667 0.600000 0.633333 0.666667 0.700000 0.733333 0.766667 0.800000 0.833333</float_array>
        <technique_common>
          <accessor source="#mixamorig_Hips-Matrix-animation-input-array" count="26">
            <param name="TIME" type="float"/>
          </accessor>
        </technique_common>
      </source>
      <source id="mixamorig_Hips-Matrix-animation-output-transform">
        <float_array id="mixamorig_Hips-Matrix-animation-output-transform-array" count="416">

0.999050 -0.042705 -0.008718 0.059152 0.040576 0.984306 -0.171739 90.757294 0.015915 0.171222 0.985104 0.008126 0.000000 0.000000 0.000000 1.000000
0.996659 -0.072489 -0.037627 0.279056 0.064545 0.981370 -0.180960 92.701767 0.050044 0.177927 0.982770 -1.109922 0.000000 0.000000 0.000000 1.000000
0.994147 -0.092142 -0.056404 0.463507 0.079316 0.976984 -0.198017 94.335457 0.073352 0.192384 0.978574 -2.054869 0.000000 0.000000 0.000000 1.000000
0.992476 -0.103440 -0.065503 0.618455 0.087542 0.973557 -0.211004 95.723442 0.085597 0.203682 0.975288 -2.640112 0.000000 0.000000 0.000000 1.000000
0.993704 -0.097018 -0.056034 0.584995 0.082276 0.971386 -0.222802 97.149719 0.076046 0.216789 0.973252 -2.604464 0.000000 0.000000 0.000000 1.000000
0.996501 -0.078534 -0.028606 0.379849 0.070352 0.972903 -0.220249 97.264641 0.045128 0.217465 0.975024 -2.049033 0.000000 0.000000 0.000000 1.000000
0.997825 -0.065348 0.008694 0.153619 0.065651 0.973023 -0.221171 96.383911 0.005993 0.221261 0.975196 -1.730576 0.000000 0.000000 0.000000 1.000000
0.997133 -0.060604 0.045303 -0.076963 0.069197 0.972601 -0.221946 94.924400 -0.030611 0.224444 0.974006 -2.281067 0.000000 0.000000 0.000000 1.000000
0.996591 -0.061925 0.054516 -0.171834 0.072422 0.973139 -0.218531 92.725616 -0.039519 0.221735 0.974306 -2.460337 0.000000 0.000000 0.000000 1.000000
0.996251 -0.073032 0.046379 -0.121540 0.081712 0.970433 -0.227117 91.017616 -0.028421 0.230055 0.972762 -3.216174 0.000000 0.000000 0.000000 1.000000
0.996072 -0.068861 0.055670 -0.166111 0.079848 0.970263 -0.228506 90.202492 -0.038279 0.232053 0.971950 -4.500781 0.000000 0.000000 0.000000 1.000000
0.995306 -0.047717 0.084193 -0.066872 0.066427 0.969531 -0.235791 90.735046 -0.070377 0.240277 0.968150 -5.283970 0.000000 0.000000 0.000000 1.000000
0.993748 -0.016950 0.110354 0.158055 0.044658 0.966242 -0.253736 92.003670 -0.102328 0.257077 0.960958 -5.905886 0.000000 0.000000 0.000000 1.000000
0.991253 0.015900 0.131017 0.318538 0.019302 0.964577 -0.263095 93.697998 -0.130559 0.263322 0.955833 -6.179300 0.000000 0.000000 0.000000 1.000000
0.988800 0.049747 0.140712 0.287345 -0.009194 0.961326 -0.275261 95.127693 -0.148964 0.270884 0.951016 -6.244541 0.000000 0.000000 0.000000 1.000000
0.987643 0.070564 0.139933 0.429411 -0.026931 0.956032 -0.292022 96.677895 -0.154387 0.284645 0.946119 -5.985982 0.000000 0.000000 0.000000 1.000000
0.989460 0.067460 0.128131 0.681274 -0.026963 0.955212 -0.294690 97.828804 -0.142272 0.288129 0.946964 -4.928252 0.000000 0.000000 0.000000 1.000000
0.991937 0.060281 0.111480 0.814249 -0.027316 0.960654 -0.276402 97.564766 -0.123755 0.271128 0.954555 -4.043527 0.000000 0.000000 0.000000 1.000000
0.992605 0.056570 0.107404 0.796312 -0.027651 0.966882 -0.253720 96.201920 -0.118200 0.248874 0.961296 -3.422134 0.000000 0.000000 0.000000 1.000000
0.992634 0.054847 0.108022 0.744668 -0.028809 0.972937 -0.229268 94.506950 -0.117673 0.224468 0.967351 -2.775192 0.000000 0.000000 0.000000 1.000000
0.992679 0.052349 0.108844 0.696564 -0.029122 0.978341 -0.204942 92.466866 -0.117215 0.200272 0.972703 -1.995138 0.000000 0.000000 0.000000 1.000000
0.993335 0.046958 0.105266 0.586576 -0.027099 0.982797 -0.182692 90.514809 -0.112034 0.178622 0.977519 -1.656514 0.000000 0.000000 0.000000 1.000000
0.994917 0.042477 0.091299 0.477273 -0.026795 0.985663 -0.166588 89.158234 -0.097066 0.163295 0.981791 -1.800354 0.000000 0.000000 0.000000 1.000000
0.998232 0.020521 0.055781 0.379168 -0.010873 0.985717 -0.168062 88.617302 -0.058433 0.167158 0.984197 -1.575950 0.000000 0.000000 0.000000 1.000000
0.999758 -0.011083 0.018985 0.238863 0.014141 0.985447 -0.169397 89.289055 -0.016832 0.169624 0.985365 -1.134734 0.000000 0.000000 0.000000 1.000000
0.999050 -0.042705 -0.008718 0.059418 0.040577 0.984306 -0.171739 90.757530 0.015916 0.171222 0.985104 0.008163 0.000000 0.000000 0.000000 1.000000</float_array>
        <technique_common>
          <accessor source="#mixamorig_Hips-Matrix-animation-output-transform-array" count="26" stride="16">
            <param type="float4x4"/>
          </accessor>
        </technique_common>
      </source>
      <source id="mixamorig_Hips-Interpolations">
        <Name_array id="mixamorig_Hips-Interpolations-array" count="26">
 LINEAR LINEAR LINEAR LINEAR LINEAR LINEAR LINEAR LINEAR LINEAR LINEAR LINEAR
LINEAR LINEAR LINEAR LINEAR LINEAR LINEAR LINEAR LINEAR LINEAR LINEAR LINEAR LINEAR
LINEAR LINEAR LINEAR</Name_array>
        <technique_common>
          <accessor source="#mixamorig_Hips-Interpolations-array" count="26">
            <param type="name"/>
          </accessor>
        </technique_common>
      </source>
      <sampler id="mixamorig_Hips-Matrix-animation-transform">
        <input semantic="INPUT" source="#mixamorig_Hips-Matrix-animation-input"/>
        <input semantic="OUTPUT" source="#mixamorig_Hips-Matrix-animation-output-transform"/>
        <input semantic="INTERPOLATION" source="#mixamorig_Hips-Interpolations"/>
      </sampler>
      <channel source="#mixamorig_Hips-Matrix-animation-transform" target="mixamorig_Hips/matrix"/>
    </animation>
    <animation id="mixamorig_Spine-anim" name="mixamorig_Spine">
      <source id="mixamorig_Spine-Matrix-animation-input">
        <float_array id="mixamorig_Spine-Matrix-animation-input-array" count="26">

0.000000 0.033333 0.066667 0.100000 0.133333 0.166667 0.200000 0.233333 0.266667 0.300000 0.333333 0.366667 0.400000 0.433333 0.466667 0.500000
0.533333 0.566667 0.600000 0.633333 0.666667 0.700000 0.733333 0.766667 0.800000 0.833333</float_array>
        <technique_common>
          <accessor source="#mixamorig_Spine-Matrix-animation-input-array" count="26">
            <param name="TIME" type="float"/>
          </accessor>
        </technique_common>
      </source>
      <source id="mixamorig_Spine-Matrix-animation-output-transform">
        <float_array id="mixamorig_Spine-Matrix-animation-output-transform-array" count="416">

0.998403 0.009126 0.055755 0.017300 -0.006497 0.998867 -0.047141 10.574800 -0.056122 0.046704 0.997331 -1.117200 0.000000 0.000000 0.000000 1.000000
0.995905 0.039626 0.081260 0.017300 -0.036515 0.998555 -0.039424 10.574800 -0.082705 0.036295 0.995913 -1.117200 0.000000 0.000000 0.000000 1.000000
0.993306 0.061573 0.097732 0.017300 -0.058594 0.997734 -0.033063 10.574800 -0.099547 0.027115 0.994663 -1.117200 0.000000 0.000000 0.000000 1.000000
0.991601 0.078697 0.102639 0.017300 -0.076437 0.996741 -0.025778 10.574800 -0.104333 0.017716 0.994385 -1.117200 0.000000 0.000000 0.000000 1.000000
0.992042 0.078469 0.098466 0.017300 -0.078223 0.996916 -0.006359 10.574800 -0.098661 -0.001394 0.995120 -1.117200 0.000000 0.000000 0.000000 1.000000
0.993744 0.067658 0.088855 0.017300 -0.069525 0.997416 0.018087 10.574800 -0.087402 -0.024152 0.995880 -1.117200 0.000000 0.000000 0.000000 1.000000
0.995188 0.064865 0.073437 0.017300 -0.067241 0.997275 0.030364 10.574800 -0.071267 -0.035156 0.996838 -1.117200 0.000000 0.000000 0.000000 1.000000
0.995783 0.072468 0.056248 0.017300 -0.073450 0.997177 0.015582 10.574800 -0.054960 -0.019647 0.998295 -1.117200 0.000000 0.000000 0.000000 1.000000
0.995399 0.087928 0.038064 0.017300 -0.088002 0.996120 0.000267 10.574800 -0.037893 -0.003616 0.999275 -1.117200 0.000000 0.000000 0.000000 1.000000
0.993706 0.110755 0.016785 0.017300 -0.110693 0.993844 -0.004565 10.574800 -0.017187 0.002678 0.999849 -1.117200 0.000000 0.000000 0.000000 1.000000
0.992916 0.118558 -0.007875 0.017300 -0.118610 0.992919 -0.006554 10.574800 0.007042 0.007442 0.999948 -1.117200 0.000000 0.000000 0.000000 1.000000
0.993972 0.103579 -0.035931 0.017300 -0.103881 0.994568 -0.006619 10.574800 0.035050 0.010311 0.999332 -1.117200 0.000000 0.000000 0.000000 1.000000
0.995361 0.071162 -0.064748 0.017300 -0.071776 0.997395 -0.007210 10.574800 0.064066 0.011823 0.997876 -1.117200 0.000000 0.000000 0.000000 1.000000
0.995575 0.032625 -0.088121 0.017300 -0.033654 0.999381 -0.010217 10.574800 0.087733 0.013137 0.996057 -1.117200 0.000000 0.000000 0.000000 1.000000
0.993781 -0.006994 -0.111131 0.017300 0.005665 0.999909 -0.012271 10.574800 0.111207 0.011565 0.993730 -1.117200 0.000000 0.000000 0.000000 1.000000
0.990957 -0.035712 -0.129337 0.017300 0.035216 0.999361 -0.006122 10.574800 0.129472 0.001512 0.991582 -1.117200 0.000000 0.000000 0.000000 1.000000
0.990121 -0.050987 -0.130620 0.017300 0.053462 0.998450 0.015505 10.574800 0.129627 -0.022335 0.991311 -1.117200 0.000000 0.000000 0.000000 1.000000
0.990757 -0.067365 -0.117743 0.017300 0.071085 0.997086 0.027680 10.574800 0.115535 -0.035794 0.992658 -1.117200 0.000000 0.000000 0.000000 1.000000
0.991306 -0.079668 -0.104715 0.017300 0.082644 0.996281 0.024387 10.574800 0.102383 -0.032829 0.994203 -1.117200 0.000000 0.000000 0.000000 1.000000
0.991759 -0.089403 -0.091768 0.017300 0.091537 0.995614 0.019312 10.574800 0.089639 -0.027553 0.995593 -1.117200 0.000000 0.000000 0.000000 1.000000
0.992397 -0.095714 -0.077372 0.017300 0.097238 0.995130 0.016168 10.574800 0.075448 -0.023569 0.996871 -1.117200 0.000000 0.000000 0.000000 1.000000
0.993391 -0.099043 -0.058004 0.017300 0.099117 0.995074 -0.001606 10.574800 0.057877 -0.004154 0.998315 -1.117200 0.000000 0.000000 0.000000 1.000000
0.994373 -0.100339 -0.033970 0.017300 0.099371 0.994626 -0.029062 10.574800 0.036704 0.025523 0.999000 -1.117200 0.000000 0.000000 0.000000 1.000000
0.996831 -0.079538 0.001307 0.017300 0.079523 0.995950 -0.041960 10.574800 0.002036 0.041931 0.999118 -1.117200 0.000000 0.000000 0.000000 1.000000
0.998685 -0.037704 0.034736 0.017300 0.039243 0.998227 -0.044763 10.574800 -0.032986 0.046067 0.998394 -1.117200 0.000000 0.000000 0.000000 1.000000
0.998403 0.009126 0.055755 0.017300 -0.006498 0.998867 -0.047141 10.574800 -0.056122 0.046703 0.997331 -1.117200 0.000000 0.000000 0.000000 1.000000</float_array>
        <technique_common>
          <accessor source="#mixamorig_Spine-Matrix-animation-output-transform-array" count="26" stride="16">
            <param type="float4x4"/>
          </accessor>
        </technique_common>
      </source>
      <source id="mixamorig_Spine-Interpolations">
        <Name_array id="mixamorig_Spine-Interpolations-array" count="26">
 LINEAR LINEAR LINEAR LINEAR LINEAR LINEAR LINEAR LINEAR LINEAR LINEAR LINEAR
LINEAR LINEAR LINEAR LINEAR LINEAR LINEAR LINEAR LINEAR LINEAR LINEAR LINEAR LINEAR
LINEAR LINEAR LINEAR</Name_array>
        <technique_common>
          <accessor source="#mixamorig_Spine-Interpolations-array" count="26">
            <param type="name"/>
          </accessor>
        </technique_common>
      </source>
      <sampler id="mixamorig_Spine-Matrix-animation-transform">
        <input semantic="INPUT" source="#mixamorig_Spine-Matrix-animation-input"/>
        <input semantic="OUTPUT" source="#mixamorig_Spine-Matrix-animation-output-transform"/>
        <input semantic="INTERPOLATION" source="#mixamorig_Spine-Interpolations"/>
      </sampler>
      <channel source="#mixamorig_Spine-Matrix-animation-transform" target="mixamorig_Spine/matrix"/>
    </animation>
    <animation id="mixamorig_Spine1-anim" name="mixamorig_Spine1">
      <source id="mixamorig_Spine1-Matrix-animation-input">
        <float_array id="mixamorig_Spine1-Matrix-animation-input-array" count="26">

0.000000 0.033333 0.066667 0.100000 0.133333 0.166667 0.200000 0.233333 0.266667 0.300000 0.333333 0.366667 0.400000 0.433333 0.466667 0.500000
0.533333 0.566667 0.600000 0.633333 0.666667 0.700000 0.733333 0.766667 0.800000 0.833333</float_array>
        <technique_common>
          <accessor source="#mixamorig_Spine1-Matrix-animation-input-array" count="26">
            <param name="TIME" type="float"/>
          </accessor>
        </technique_common>
      </source>
      <source id="mixamorig_Spine1-Matrix-animation-output-transform">
        <float_array id="mixamorig_Spine1-Matrix-animation-output-transform-array" count="416">

0.999667 -0.016316 0.019972 0.000000 0.016870 0.999468 -0.027920 12.406000 -0.019506 0.028248 0.999411 0.000000 0.000000 0.000000 0.000000 1.000000
0.999416 -0.004814 0.033817 0.000000 0.005526 0.999764 -0.020997 12.406000 -0.033708 0.021172 0.999207 0.000000 0.000000 0.000000 0.000000 1.000000
0.999085 0.001723 0.042739 0.000000 -0.001199 0.999924 -0.012284 12.406000 -0.042757 0.012222 0.999011 0.000000 0.000000 0.000000 0.000000 1.000000
0.998870 0.009293 0.046618 -0.000000 -0.009001 0.999939 -0.006476 12.406000 -0.046675 0.006049 0.998892 0.000000 0.000000 0.000000 0.000000 1.000000
0.998888 0.012410 0.045483 -0.000000 -0.011931 0.999871 -0.010798 12.406000 -0.045611 0.010243 0.998907 0.000000 0.000000 0.000000 0.000000 1.000000
0.999147 0.008344 0.040432 -0.000000 -0.007306 0.999642 -0.025751 12.406000 -0.040632 0.025433 0.998850 -0.000000 0.000000 0.000000 0.000000 1.000000
0.999438 0.006120 0.032961 -0.000000 -0.004917 0.999323 -0.036461 12.406000 -0.033162 0.036279 0.998791 -0.000000 0.000000 0.000000 0.000000 1.000000
0.999636 0.007361 0.025973 0.000000 -0.006486 0.999413 -0.033647 12.406000 -0.026205 0.033466 0.999096 0.000000 0.000000 0.000000 0.000000 1.000000
0.999677 0.009557 0.023552 -0.000000 -0.008903 0.999576 -0.027724 12.406000 -0.023807 0.027506 0.999338 0.000000 0.000000 0.000000 0.000000 1.000000
0.999762 0.011171 0.018738 0.000000 -0.010646 0.999554 -0.027912 12.406000 -0.019042 0.027706 0.999435 -0.000000 0.000000 0.000000 0.000000 1.000000
0.999940 0.009599 0.005209 0.000000 -0.009448 0.999555 -0.028305 12.406000 -0.005478 0.028254 0.999586 0.000000 0.000000 0.000000 0.000000 1.000000
0.999920 0.004579 -0.011799 -0.000000 -0.004875 0.999671 -0.025170 12.406000 0.011680 0.025226 0.999614 -0.000000 0.000000 0.000000 0.000000 1.000000
0.999664 -0.002023 -0.025838 0.000000 0.001638 0.999887 -0.014917 12.406000 0.025865 0.014870 0.999555 0.000000 0.000000 0.000000 0.000000 1.000000
0.999262 -0.008985 -0.037340 0.000000 0.008937 0.999959 -0.001458 12.406000 0.037352 0.001123 0.999302 0.000000 0.000000 0.000000 0.000000 1.000000
0.998630 -0.015047 -0.050108 0.000000 0.015714 0.999793 0.012949 12.406000 0.049903 -0.013718 0.998660 -0.000000 0.000000 0.000000 0.000000 1.000000
0.997989 -0.019237 -0.060400 0.000000 0.020517 0.999576 0.020651 12.406000 0.059977 -0.021849 0.997961 0.000000 0.000000 0.000000 0.000000 1.000000
0.997900 -0.021002 -0.061280 0.000000 0.021853 0.999673 0.013243 12.406000 0.060982 -0.014555 0.998033 0.000000 0.000000 0.000000 0.000000 1.000000
0.998161 -0.022285 -0.056382 -0.000000 0.022471 0.999744 0.002662 12.406000 0.056308 -0.003924 0.998406 0.000000 0.000000 0.000000 0.000000 1.000000
0.998264 -0.024558 -0.053543 0.000000 0.024476 0.999698 -0.002180 12.406000 0.053581 0.000865 0.998563 0.000000 0.000000 0.000000 0.000000 1.000000
0.998319 -0.027283 -0.051128 0.000000 0.026969 0.999613 -0.006807 12.406000 0.051294 0.005417 0.998669 0.000000 0.000000 0.000000 0.000000 1.000000
0.998430 -0.030250 -0.047138 0.000000 0.029615 0.999462 -0.014116 12.406000 0.047540 0.012698 0.998789 0.000000 0.000000 0.000000 0.000000 1.000000
0.998626 -0.033797 -0.040037 -0.000000 0.033107 0.999294 -0.017765 12.406000 0.040609 0.016415 0.999040 -0.000000 0.000000 0.000000 0.000000 1.000000
0.998979 -0.037662 -0.024950 0.000000 0.037090 0.999047 -0.023006 12.406000 0.025792 0.022058 0.999424 0.000000 0.000000 0.000000 0.000000 1.000000
0.999304 -0.036810 -0.005962 0.000000 0.036631 0.998943 -0.027778 12.406000 0.006978 0.027540 0.999596 0.000000 0.000000 0.000000 0.000000 1.000000
0.999555 -0.028390 0.009110 0.000000 0.028648 0.999150 -0.029656 12.406000 -0.008260 0.029904 0.999519 0.000000 0.000000 0.000000 0.000000 1.000000
0.999667 -0.016316 0.019972 0.000000 0.016870 0.999468 -0.027920 12.406000 -0.019506 0.028248 0.999411 0.000000 0.000000 0.000000 0.000000 1.000000</float_array>
        <technique_common>
          <accessor source="#mixamorig_Spine1-Matrix-animation-output-transform-array" count="26" stride="16">
            <param type="float4x4"/>
          </accessor>
        </technique_common>
      </source>
      <source id="mixamorig_Spine1-Interpolations">
        <Name_array id="mixamorig_Spine1-Interpolations-array" count="26">
 LINEAR LINEAR LINEAR LINEAR LINEAR LINEAR LINEAR LINEAR LINEAR LINEAR LINEAR
LINEAR LINEAR LINEAR LINEAR LINEAR LINEAR LINEAR LINEAR LINEAR LINEAR LINEAR LINEAR
LINEAR LINEAR LINEAR</Name_array>
        <technique_common>
          <accessor source="#mixamorig_Spine1-Interpolations-array" count="26">
            <param type="name"/>
          </accessor>
        </technique_common>
      </source>
      <sampler id="mixamorig_Spine1-Matrix-animation-transform">
        <input semantic="INPUT" source="#mixamorig_Spine1-Matrix-animation-input"/>
        <input semantic="OUTPUT" source="#mixamorig_Spine1-Matrix-animation-output-transform"/>
        <input semantic="INTERPOLATION" source="#mixamorig_Spine1-Interpolations"/>
      </sampler>
      <channel source="#mixamorig_Spine1-Matrix-animation-transform" target="mixamorig_Spine1/matrix"/>
    </animation>
    <animation id="mixamorig_Spine2-anim" name="mixamorig_Spine2">
      <source id="mixamorig_Spine2-Matrix-animation-input">
        <float_array id="mixamorig_Spine2-Matrix-animation-input-array" count="26">

0.000000 0.033333 0.066667 0.100000 0.133333 0.166667 0.200000 0.233333 0.266667 0.300000 0.333333 0.366667 0.400000 0.433333 0.466667 0.500000
0.533333 0.566667 0.600000 0.633333 0.666667 0.700000 0.733333 0.766667 0.800000 0.833333</float_array>
        <technique_common>
          <accessor source="#mixamorig_Spine2-Matrix-animation-input-array" count="26">
            <param name="TIME" type="float"/>
          </accessor>
        </technique_common>
      </source>
      <source id="mixamorig_Spine2-Matrix-animation-output-transform">
        <float_array id="mixamorig_Spine2-Matrix-animation-output-transform-array" count="416">

0.999647 -0.015420 0.021638 -0.000000 0.018163 0.990958 -0.132936 14.178300 -0.019392 0.133282 0.990888 0.000000 0.000000 0.000000 0.000000 1.000000
0.999412 -0.002303 0.034208 0.000000 0.006601 0.991998 -0.126083 14.178300 -0.033644 0.126234 0.991430 -0.000000 0.000000 0.000000 0.000000 1.000000
0.999087 0.005378 0.042376 0.000000 -0.000367 0.993088 -0.117371 14.178300 -0.042715 0.117248 0.992184 -0.000000 0.000000 0.000000 0.000000 1.000000
0.998879 0.013397 0.045393 0.000000 -0.008263 0.993734 -0.111466 14.178300 -0.046602 0.110966 0.992731 -0.000000 0.000000 0.000000 0.000000 1.000000
0.998901 0.016104 0.044008 0.000000 -0.010916 0.993229 -0.115660 14.178300 -0.045573 0.115053 0.992313 0.000000 0.000000 0.000000 0.000000 1.000000
0.999153 0.010978 0.039655 0.000000 -0.005716 0.991440 -0.130434 14.178300 -0.040747 0.130097 0.990664 0.000000 0.000000 0.000000 0.000000 1.000000
0.999442 0.009338 0.032064 0.000000 -0.004722 0.989980 -0.141128 14.178300 -0.033060 0.140898 0.989472 0.000000 0.000000 0.000000 0.000000 1.000000
0.999625 0.014226 0.023403 -0.000000 -0.010847 0.990280 -0.138664 14.178300 -0.025148 0.138358 0.990063 0.000000 0.000000 0.000000 0.000000 1.000000
0.999592 0.021553 0.018741 -0.000000 -0.018870 0.990918 -0.133136 14.178300 -0.021440 0.132728 0.990921 0.000000 0.000000 0.000000 0.000000 1.000000
0.999553 0.027324 0.012170 0.000000 -0.025455 0.990705 -0.133624 14.178300 -0.015708 0.133255 0.990957 0.000000 0.000000 0.000000 0.000000 1.000000
0.999640 0.026762 -0.001960 0.000000 -0.026783 0.990575 -0.134329 14.178300 -0.001653 0.134334 0.990935 0.000000 0.000000 0.000000 0.000000 1.000000
0.999660 0.018867 -0.018014 0.000000 -0.021074 0.991105 -0.131405 14.178300 0.015374 0.131740 0.991165 0.000000 0.000000 0.000000 0.000000 1.000000
0.999528 0.006667 -0.029979 0.000000 -0.010254 0.992586 -0.121108 14.178300 0.028950 0.121358 0.992187 0.000000 0.000000 0.000000 0.000000 1.000000
0.999222 -0.007058 -0.038793 0.000000 0.002853 0.994214 -0.107383 14.178300 0.039326 0.107189 0.993461 0.000000 0.000000 0.000000 0.000000 1.000000
0.998609 -0.019869 -0.048846 -0.000000 0.015278 0.995583 -0.092636 14.178300 0.050471 0.091761 0.994501 0.000000 0.000000 0.000000 0.000000 1.000000
0.997951 -0.028192 -0.057431 0.000000 0.023271 0.996141 -0.084625 14.178300 0.059595 0.083115 0.994756 -0.000000 0.000000 0.000000 0.000000 1.000000
0.997860 -0.030004 -0.058096 0.000000 0.024588 0.995475 -0.091787 14.178300 0.060587 0.090162 0.994083 0.000000 0.000000 0.000000 0.000000 1.000000
0.998122 -0.030190 -0.053309 -0.000000 0.024624 0.994466 -0.102137 14.178300 0.056097 0.100632 0.993341 0.000000 0.000000 0.000000 0.000000 1.000000
0.998220 -0.032030 -0.050301 -0.000000 0.026510 0.993925 -0.106820 14.178300 0.053417 0.105296 0.993005 0.000000 0.000000 0.000000 0.000000 1.000000
0.998271 -0.034389 -0.047668 0.000000 0.028904 0.993364 -0.111323 14.178300 0.051179 0.109753 0.992640 -0.000000 0.000000 0.000000 0.000000 1.000000
0.998375 -0.036755 -0.043540 0.000000 0.031368 0.992455 -0.118529 14.178300 0.047568 0.116971 0.991996 -0.000000 0.000000 0.000000 0.000000 1.000000
0.998565 -0.039547 -0.036102 -0.000000 0.034865 0.991896 -0.122178 14.178300 0.040641 0.120744 0.991851 0.000000 0.000000 0.000000 0.000000 1.000000
0.998913 -0.041755 -0.020721 0.000000 0.038782 0.991077 -0.127520 14.178300 0.025861 0.126578 0.991619 0.000000 0.000000 0.000000 0.000000 1.000000
0.999247 -0.038756 -0.002034 0.000000 0.038145 0.990446 -0.132519 14.178300 0.007151 0.132342 0.991178 0.000000 0.000000 0.000000 0.000000 1.000000
0.999516 -0.028684 0.012051 0.000000 0.030047 0.990445 -0.134598 14.178300 -0.008075 0.134895 0.990827 0.000000 0.000000 0.000000 0.000000 1.000000
0.999647 -0.015420 0.021638 0.000000 0.018163 0.990958 -0.132936 14.178300 -0.019392 0.133282 0.990888 0.000000 0.000000 0.000000 0.000000 1.000000</float_array>
        <technique_common>
          <accessor source="#mixamorig_Spine2-Matrix-animation-output-transform-array" count="26" stride="16">
            <param type="float4x4"/>
          </accessor>
        </technique_common>
      </source>
      <source id="mixamorig_Spine2-Interpolations">
        <Name_array id="mixamorig_Spine2-Interpolations-array" count="26">
 LINEAR LINEAR LINEAR LINEAR LINEAR LINEAR LINEAR LINEAR LINEAR LINEAR LINEAR
LINEAR LINEAR LINEAR LINEAR LINEAR LINEAR LINEAR LINEAR LINEAR LINEAR LINEAR LINEAR
LINEAR LINEAR LINEAR</Name_array>
        <technique_common>
          <accessor source="#mixamorig_Spine2-Interpolations-array" count="26">
            <param type="name"/>
          </accessor>
        </technique_common>
      </source>
      <sampler id="mixamorig_Spine2-Matrix-animation-transform">
        <input semantic="INPUT" source="#mixamorig_Spine2-Matrix-animation-input"/>
        <input semantic="OUTPUT" source="#mixamorig_Spine2-Matrix-animation-output-transform"/>
        <input semantic="INTERPOLATION" source="#mixamorig_Spine2-Interpolations"/>
      </sampler>
      <channel source="#mixamorig_Spine2-Matrix-animation-transform" target="mixamorig_Spine2/matrix"/>
    </animation>
    <animation id="mixamorig_Neck-anim" name="mixamorig_Neck">
      <source id="mixamorig_Neck-Matrix-animation-input">
        <float_array id="mixamorig_Neck-Matrix-animation-input-array" count="26">

0.000000 0.033333 0.066667 0.100000 0.133333 0.166667 0.200000 0.233333 0.266667 0.300000 0.333333 0.366667 0.400000 0.433333 0.466667 0.500000
0.533333 0.566667 0.600000 0.633333 0.666667 0.700000 0.733333 0.766667 0.800000 0.833333</float_array>
        <technique_common>
          <accessor source="#mixamorig_Neck-Matrix-animation-input-array" count="26">
            <param name="TIME" type="float"/>
          </accessor>
        </technique_common>
      </source>
      <source id="mixamorig_Neck-Matrix-animation-output-transform">
        <float_array id="mixamorig_Neck-Matrix-animation-output-transform-array" count="416">

0.999978 0.001546 -0.006375 0.024400 -0.001466 0.999921 0.012520 15.862300 0.006394 -0.012510 0.999901 -1.675800 0.000000 0.000000 0.000000 1.000000
0.999968 -0.004108 -0.006857 0.024400 0.004182 0.999933 0.010752 15.862300 0.006812 -0.010781 0.999919 -1.675800 0.000000 0.000000 0.000000 1.000000
0.999963 -0.006919 -0.005175 0.024400 0.006987 0.999887 0.013308 15.862300 0.005082 -0.013343 0.999898 -1.675800 0.000000 0.000000 0.000000 1.000000
0.999862 -0.016065 -0.004262 0.024400 0.016132 0.999736 0.016344 15.862300 0.003999 -0.016410 0.999857 -1.675800 0.000000 0.000000 0.000000 1.000000
0.999671 -0.025487 -0.003001 0.024400 0.025539 0.999497 0.018816 15.862300 0.002520 -0.018887 0.999818 -1.675800 0.000000 0.000000 0.000000 1.000000
0.999501 -0.031569 -0.001193 0.024400 0.031586 0.999325 0.018740 15.862300 0.000601 -0.018768 0.999824 -1.675800 0.000000 0.000000 0.000000 1.000000
0.999204 -0.039895 -0.000066 0.024400 0.039892 0.999084 0.015509 15.862300 -0.000553 -0.015499 0.999880 -1.675800 0.000000 0.000000 0.000000 1.000000
0.998777 -0.049420 0.001601 0.024400 0.049392 0.998672 0.014639 15.862300 -0.002322 -0.014542 0.999892 -1.675800 0.000000 0.000000 0.000000 1.000000
0.998202 -0.059818 0.003915 0.024400 0.059756 0.998108 0.014468 15.862300 -0.004773 -0.014208 0.999888 -1.675800 0.000000 0.000000 0.000000 1.000000
0.997731 -0.066861 0.007874 0.024400 0.066698 0.997584 0.019418 15.862300 -0.009154 -0.018849 0.999780 -1.675800 0.000000 0.000000 0.000000 1.000000
0.997473 -0.069872 0.012863 0.024400 0.069522 0.997243 0.025956 15.862300 -0.014641 -0.024996 0.999580 -1.675800 0.000000 0.000000 0.000000 1.000000
0.997489 -0.068459 0.018130 0.024400 0.067923 0.997277 0.028737 15.862300 -0.020047 -0.027433 0.999423 -1.675800 0.000000 0.000000 0.000000 1.000000
0.997804 -0.061930 0.023499 0.024400 0.061344 0.997806 0.024916 15.862300 -0.024991 -0.023420 0.999413 -1.675800 0.000000 0.000000 0.000000 1.000000
0.998174 -0.053327 0.028361 0.024400 0.052829 0.998441 0.017995 15.862300 -0.029277 -0.016464 0.999436 -1.675800 0.000000 0.000000 0.000000 1.000000
0.998491 -0.043931 0.032960 0.024400 0.043511 0.998964 0.013368 15.862300 -0.033513 -0.011914 0.999367 -1.675800 0.000000 0.000000 0.000000 1.000000
0.998737 -0.034789 0.036252 0.024400 0.034341 0.999327 0.012897 15.862300 -0.036676 -0.011635 0.999259 -1.675800 0.000000 0.000000 0.000000 1.000000
0.998980 -0.024396 0.037996 0.024400 0.023849 0.999606 0.014782 15.862300 -0.038341 -0.013861 0.999169 -1.675800 0.000000 0.000000 0.000000 1.000000
0.999165 -0.011830 0.039103 0.024400 0.011387 0.999869 0.011536 15.862300 -0.039234 -0.011081 0.999169 -1.675800 0.000000 0.000000 0.000000 1.000000
0.999214 -0.002312 0.039578 0.024400 0.002160 0.999990 0.003902 15.862300 -0.039587 -0.003814 0.999209 -1.675800 0.000000 0.000000 0.000000 1.000000
0.999240 0.005401 0.038614 0.024400 -0.005412 0.999985 0.000162 15.862300 -0.038612 -0.000371 0.999254 -1.675800 0.000000 0.000000 0.000000 1.000000
0.999312 0.012287 0.034993 0.024400 -0.012291 0.999924 -0.000122 15.862300 -0.034992 -0.000308 0.999388 -1.675800 0.000000 0.000000 0.000000 1.000000
0.999470 0.017158 0.027681 0.024400 -0.017236 0.999848 0.002589 15.862300 -0.027632 -0.003065 0.999613 -1.675800 0.000000 0.000000 0.000000 1.000000
0.999671 0.017862 0.018405 0.024400 -0.018009 0.999807 0.007868 15.862300 -0.018261 -0.008197 0.999800 -1.675800 0.000000 0.000000 0.000000 1.000000
0.999856 0.013991 0.009655 0.024400 -0.014107 0.999827 0.012099 15.862300 -0.009484 -0.012234 0.999880 -1.675800 0.000000 0.000000 0.000000 1.000000
0.999981 0.006147 0.000985 0.024400 -0.006160 0.999889 0.013573 15.862300 -0.000901 -0.013578 0.999907 -1.675800 0.000000 0.000000 0.000000 1.000000
0.999978 0.001546 -0.006375 0.024400 -0.001466 0.999921 0.012520 15.862300 0.006394 -0.012510 0.999901 -1.675800 0.000000 0.000000 0.000000 1.000000</float_array>
        <technique_common>
          <accessor source="#mixamorig_Neck-Matrix-animation-output-transform-array" count="26" stride="16">
            <param type="float4x4"/>
          </accessor>
        </technique_common>
      </source>
      <source id="mixamorig_Neck-Interpolations">
        <Name_array id="mixamorig_Neck-Interpolations-array" count="26">
 LINEAR LINEAR LINEAR LINEAR LINEAR LINEAR LINEAR LINEAR LINEAR LINEAR LINEAR
LINEAR LINEAR LINEAR LINEAR LINEAR LINEAR LINEAR LINEAR LINEAR LINEAR LINEAR LINEAR
LINEAR LINEAR LINEAR</Name_array>
        <technique_common>
          <accessor source="#mixamorig_Neck-Interpolations-array" count="26">
            <param type="name"/>
          </accessor>
        </technique_common>
      </source>
      <sampler id="mixamorig_Neck-Matrix-animation-transform">
        <input semantic="INPUT" source="#mixamorig_Neck-Matrix-animation-input"/>
        <input semantic="OUTPUT" source="#mixamorig_Neck-Matrix-animation-output-transform"/>
        <input semantic="INTERPOLATION" source="#mixamorig_Neck-Interpolations"/>
      </sampler>
      <channel source="#mixamorig_Neck-Matrix-animation-transform" target="mixamorig_Neck/matrix"/>
    </animation>
    <animation id="mixamorig_Head-anim" name="mixamorig_Head">
      <source id="mixamorig_Head-Matrix-animation-input">
        <float_array id="mixamorig_Head-Matrix-animation-input-array" count="26">

0.000000 0.033333 0.066667 0.100000 0.133333 0.166667 0.200000 0.233333 0.266667 0.300000 0.333333 0.366667 0.400000 0.433333 0.466667 0.500000
0.533333 0.566667 0.600000 0.633333 0.666667 0.700000 0.733333 0.766667 0.800000 0.833333</float_array>
        <technique_common>
          <accessor source="#mixamorig_Head-Matrix-animation-input-array" count="26">
            <param name="TIME" type="float"/>
          </accessor>
        </technique_common>
      </source>
      <source id="mixamorig_Head-Matrix-animation-output-transform">
        <float_array id="mixamorig_Head-Matrix-animation-output-transform-array" count="416">

0.994144 0.085348 -0.066286 0.000000 -0.064031 0.959338 0.274902 5.564000 0.087054 -0.269047 0.959185 0.988100 0.000000 0.000000 0.000000 1.000000
0.993506 0.074536 -0.085964 0.000000 -0.049129 0.962510 0.266759 5.564000 0.102625 -0.260803 0.959922 0.988100 0.000000 0.000000 0.000000 1.000000
0.993123 0.062893 -0.098750 -0.000000 -0.035052 0.964496 0.261759 5.564000 0.111707 -0.256498 0.960068 0.988100 0.000000 0.000000 0.000000 1.000000
0.992742 0.050461 -0.109169 0.000000 -0.019836 0.963988 0.265207 5.564000 0.118620 -0.261116 0.957991 0.988100 0.000000 0.000000 0.000000 1.000000
0.992455 0.037851 -0.116621 0.000000 -0.003846 0.960300 0.278943 5.564000 0.122549 -0.276390 0.953200 0.988100 0.000000 0.000000 0.000000 1.000000
0.992332 0.026464 -0.120737 0.000000 0.009451 0.957708 0.287587 5.564000 0.123242 -0.286523 0.950114 0.988100 0.000000 0.000000 0.000000 1.000000
0.992353 0.014403 -0.122591 0.000000 0.022195 0.956161 0.291998 5.564000 0.121423 -0.292486 0.948530 0.988100 0.000000 0.000000 0.000000 1.000000
0.992451 0.002085 -0.122627 0.000000 0.034688 0.954260 0.296960 5.564000 0.117638 -0.298972 0.946983 0.988100 0.000000 0.000000 0.000000 1.000000
0.993124 -0.009133 -0.116714 0.000000 0.044147 0.952566 0.301112 5.564000 0.108427 -0.304194 0.946419 0.988100 0.000000 0.000000 0.000000 1.000000
0.994539 -0.018171 -0.102774 0.000000 0.049774 0.948109 0.314026 5.564000 0.091734 -0.317426 0.943835 0.988100 0.000000 0.000000 0.000000 1.000000
0.996157 -0.024869 -0.083985 -0.000000 0.051474 0.942016 0.331598 5.564000 0.070869 -0.334646 0.939675 0.988100 0.000000 0.000000 0.000000 1.000000
0.997665 -0.028455 -0.062092 0.000000 0.047688 0.941018 0.334980 5.564000 0.048898 -0.337159 0.940177 0.988100 0.000000 0.000000 0.000000 1.000000
0.998875 -0.027119 -0.038900 -0.000000 0.038079 0.947598 0.317187 5.564000 0.028259 -0.318311 0.947565 0.988100 0.000000 0.000000 0.000000 1.000000
0.999648 -0.020938 -0.016289 0.000000 0.024688 0.958949 0.282503 5.564000 0.009705 -0.282806 0.959128 0.988100 0.000000 0.000000 0.000000 1.000000
0.999924 -0.011263 0.004954 0.000000 0.009708 0.969536 0.244757 5.564000 -0.007560 -0.244690 0.969572 0.988100 0.000000 0.000000 0.000000 1.000000
0.999731 0.000385 0.023200 0.000000 -0.005657 0.973733 0.227624 5.564000 -0.022503 -0.227694 0.973473 0.988100 0.000000 0.000000 0.000000 1.000000
0.999168 0.014459 0.038133 0.000000 -0.022624 0.974484 0.223316 5.564000 -0.033931 -0.223993 0.974000 0.988100 0.000000 0.000000 0.000000 1.000000
0.998275 0.031399 0.049607 0.000000 -0.041401 0.975596 0.215634 5.564000 -0.041626 -0.217316 0.975213 0.988100 0.000000 0.000000 0.000000 1.000000
0.997196 0.049429 0.056186 0.000000 -0.060020 0.976709 0.206005 5.564000 -0.044695 -0.208799 0.976937 0.988100 0.000000 0.000000 0.000000 1.000000
0.996129 0.067293 0.056559 0.000000 -0.077467 0.976107 0.203010 5.564000 -0.041546 -0.206605 0.977542 0.988100 0.000000 0.000000 0.000000 1.000000
0.995305 0.084126 0.047867 0.000000 -0.092545 0.971993 0.216022 5.564000 -0.028354 -0.219438 0.975214 0.988100 0.000000 0.000000 0.000000 1.000000
0.994496 0.100393 0.029967 0.000000 -0.104692 0.963311 0.247128 5.564000 -0.004057 -0.248905 0.968519 0.988100 0.000000 0.000000 0.000000 1.000000
0.993574 0.112978 0.006836 -0.000000 -0.110442 0.954511 0.276970 5.564000 0.024766 -0.275945 0.960854 0.988100 0.000000 0.000000 0.000000 1.000000
0.992941 0.117106 -0.018801 0.000000 -0.106768 0.951572 0.288291 5.564000 0.051651 -0.284249 0.957358 0.988100 0.000000 0.000000 0.000000 1.000000
0.993265 0.106861 -0.044791 0.000000 -0.089912 0.954665 0.283779 5.564000 0.073085 -0.277840 0.957843 0.988100 0.000000 0.000000 0.000000 1.000000
0.994146 0.085344 -0.066262 -0.000000 -0.064033 0.959338 0.274902 5.564000 0.087029 -0.269050 0.959186 0.988100 0.000000 0.000000 0.000000 1.000000</float_array>
        <technique_common>
          <accessor source="#mixamorig_Head-Matrix-animation-output-transform-array" count="26" stride="16">
            <param type="float4x4"/>
          </accessor>
        </technique_common>
      </source>
      <source id="mixamorig_Head-Interpolations">
        <Name_array id="mixamorig_Head-Interpolations-array" count="26">
 LINEAR LINEAR LINEAR LINEAR LINEAR LINEAR LINEAR LINEAR LINEAR LINEAR LINEAR
LINEAR LINEAR LINEAR LINEAR LINEAR LINEAR LINEAR LINEAR LINEAR LINEAR LINEAR LINEAR
LINEAR LINEAR LINEAR</Name_array>
        <technique_common>
          <accessor source="#mixamorig_Head-Interpolations-array" count="26">
            <param type="name"/>
          </accessor>
        </technique_common>
      </source>
      <sampler id="mixamorig_Head-Matrix-animation-transform">
        <input semantic="INPUT" source="#mixamorig_Head-Matrix-animation-input"/>
        <input semantic="OUTPUT" source="#mixamorig_Head-Matrix-animation-output-transform"/>
        <input semantic="INTERPOLATION" source="#mixamorig_Head-Interpolations"/>
      </sampler>
      <channel source="#mixamorig_Head-Matrix-animation-transform" target="mixamorig_Head/matrix"/>
    </animation>
    <animation id="mixamorig_LeftShoulder-anim" name="mixamorig_LeftShoulder">
      <source id="mixamorig_LeftShoulder-Matrix-animation-input">
        <float_array id="mixamorig_LeftShoulder-Matrix-animation-input-array" count="26">

0.000000 0.033333 0.066667 0.100000 0.133333 0.166667 0.200000 0.233333 0.266667 0.300000 0.333333 0.366667 0.400000 0.433333 0.466667 0.500000
0.533333 0.566667 0.600000 0.633333 0.666667 0.700000 0.733333 0.766667 0.800000 0.833333</float_array>
        <technique_common>
          <accessor source="#mixamorig_LeftShoulder-Matrix-animation-input-array" count="26">
            <param name="TIME" type="float"/>
          </accessor>
        </technique_common>
      </source>
      <source id="mixamorig_LeftShoulder-Matrix-animation-output-transform">
        <float_array id="mixamorig_LeftShoulder-Matrix-animation-output-transform-array" count="416">

-0.077762 0.960260 -0.268056 5.935000 0.044561 -0.265253 -0.963149 13.670200 -0.995976 -0.086841 -0.022163 -1.662600 0.000000 0.000000 0.000000 1.000000
-0.132550 0.954409 -0.267457 5.935000 0.046958 -0.263488 -0.963519 13.670200 -0.990063 -0.140274 -0.009892 -1.662600 0.000000 0.000000 0.000000 1.000000
-0.199452 0.938210 -0.282810 5.935000 0.053188 -0.277818 -0.959160 13.670200 -0.978463 -0.206349 0.005510 -1.662600 0.000000 0.000000 0.000000 1.000000
-0.263609 0.922893 -0.280677 5.935000 0.056369 -0.275734 -0.959580 13.670200 -0.962981 -0.268775 0.020663 -1.662600 0.000000 0.000000 0.000000 1.000000
-0.308683 0.909587 -0.278148 5.935000 0.058230 -0.273808 -0.960020 13.670200 -0.949381 -0.312538 0.031554 -1.662600 0.000000 0.000000 0.000000 1.000000
-0.310633 0.906188 -0.286935 5.935000 0.061123 -0.282200 -0.957406 13.670200 -0.948563 -0.314940 0.032272 -1.662600 0.000000 0.000000 0.000000 1.000000
-0.286814 0.914411 -0.285640 5.935000 0.058345 -0.280940 -0.957950 13.670200 -0.956208 -0.291419 0.027226 -1.662600 0.000000 0.000000 0.000000 1.000000
-0.247899 0.928469 -0.276571 5.935000 0.051522 -0.272443 -0.960792 13.670200 -0.967415 -0.252429 0.019702 -1.662600 0.000000 0.000000 0.000000 1.000000
-0.196389 0.943183 -0.268024 5.935000 0.044064 -0.264581 -0.963356 13.670200 -0.979536 -0.201003 0.010400 -1.662600 0.000000 0.000000 0.000000 1.000000
-0.136238 0.951661 -0.275281 5.935000 0.039054 -0.272497 -0.961364 13.670200 -0.989906 -0.141725 -0.000042 -1.662600 0.000000 0.000000 0.000000 1.000000
-0.055828 0.959148 -0.277343 5.935000 0.031169 -0.275967 -0.960662 13.670200 -0.997954 -0.062276 -0.014489 -1.662600 0.000000 0.000000 0.000000 1.000000
0.020343 0.965309 -0.260317 5.935000 0.021992 -0.260740 -0.965159 13.670200 -0.999551 0.013909 -0.026534 -1.662600 0.000000 0.000000 0.000000 1.000000
0.084055 0.968898 -0.232746 5.935000 0.015271 -0.234798 -0.971924 13.670200 -0.996344 0.078141 -0.034532 -1.662600 0.000000 0.000000 0.000000 1.000000
0.143392 0.970176 -0.195443 5.935000 0.013176 -0.199338 -0.979842 13.670200 -0.989578 0.137926 -0.041366 -1.662600 0.000000 0.000000 0.000000 1.000000
0.179202 0.971211 -0.156957 5.935000 0.016391 -0.162465 -0.986578 13.670200 -0.983676 0.174224 -0.045033 -1.662600 0.000000 0.000000 0.000000 1.000000
0.189235 0.973900 -0.125339 5.935000 0.021785 -0.131778 -0.991040 13.670200 -0.981690 0.184809 -0.046154 -1.662600 0.000000 0.000000 0.000000 1.000000
0.182528 0.976715 -0.112747 5.935000 0.024697 -0.119192 -0.992564 13.670200 -0.982890 0.178387 -0.045878 -1.662600 0.000000 0.000000 0.000000 1.000000
0.158077 0.979448 -0.125269 5.935000 0.023737 -0.130597 -0.991151 13.670200 -0.987141 0.153705 -0.043894 -1.662600 0.000000 0.000000 0.000000 1.000000
0.121874 0.982395 -0.141585 5.935000 0.022940 -0.145398 -0.989107 13.670200 -0.992280 0.117299 -0.040256 -1.662600 0.000000 0.000000 0.000000 1.000000
