<?xml version="1.0" encoding="utf-8"?>
<COLLADA xmlns="http://www.collada.org/2005/11/COLLADASchema" version="1.4.1">
  <asset>
    <contributor>
      <author>Mixamo</author>
      <authoring_tool>COLLADA Mixamo exporter</authoring_tool>
      <comments/>
    </contributor>
    <created>2023-08-01T21:43:16Z</created>
    <modified>2023-08-01T21:43:16Z</modified>
    <revision/>
    <title/>
    <unit meter="0.010000"/>
    <up_axis>Y_UP</up_axis>
  </asset>
  <library_animations>
    <animation id="mixamorig_Hips-anim" name="mixamorig_Hips">
      <source id="mixamorig_Hips-Matrix-animation-input">
        <float_array id="mixamorig_Hips-Matrix-animation-input-array" count="25">

0.000000 0.033333 0.066667 0.100000 0.133333 0.166667 0.200000 0.233333 0.266667 0.300000 0.333333 0.366667 0.400000 0.433333 0.466667 0.500000
0.533333 0.566667 0.600000 0.633333 0.666667 0.700000 0.733333 0.766667 0.800000</float_array>
        <technique_common>
          <accessor source="#mixamorig_Hips-Matrix-animation-input-array" count="25">
            <param name="TIME" type="float"/>
          </accessor>
        </technique_common>
      </source>
      <source id="mixamorig_Hips-Matrix-animation-output-transform">
        <float_array id="mixamorig_Hips-Matrix-animation-output-transform-array" count="400">

0.960473 0.172957 0.218123 0.228323 -0.131833 0.972735 -0.190807 87.617569 -0.245178 0.154509 0.957087 0.048529 0.000000 0.000000 0.000000 1.000000
0.968396 0.149017 0.200007 -0.310009 -0.106158 0.971895 -0.210120 89.015305 -0.225698 0.182247 0.956999 -0.648523 0.000000 0.000000 0.000000 1.000000
0.977704 0.117697 0.173904 -0.773610 -0.077382 0.971818 -0.222672 91.297379 -0.195211 0.204250 0.959257 -0.991825 0.000000 0.000000 0.000000 1.000000
0.986083 0.088742 0.140592 -0.850087 -0.053921 0.970626 -0.234475 93.757996 -0.157270 0.223631 0.961902 -1.011027 0.000000 0.000000 0.000000 1.000000
0.989302 0.081937 0.120695 -0.998033 -0.049367 0.966586 -0.251544 95.664284 -0.137273 0.242895 0.960291 -0.774679 0.000000 0.000000 0.000000 1.000000
0.990519 0.078192 0.112956 -1.304320 -0.048167 0.967692 -0.247491 96.672646 -0.128658 0.239704 0.962283 -0.486244 0.000000 0.000000 0.000000 1.000000
0.991592 0.074384 0.105888 -1.408822 -0.048920 0.973033 -0.225420 96.648163 -0.119801 0.218345 0.968490 -0.156664 0.000000 0.000000 0.000000 1.000000
0.992413 0.071769 0.099828 -1.462825 -0.050285 0.977862 -0.203120 95.831032 -0.112196 0.196559 0.974052 -0.097641 0.000000 0.000000 0.000000 1.000000
0.994017 0.061387 0.090343 -1.688221 -0.043814 0.981757 -0.185021 94.588913 -0.100053 0.179956 0.978573 -0.486259 0.000000 0.000000 0.000000 1.000000
0.995073 0.051704 0.084600 -1.645512 -0.038170 0.987269 -0.154414 92.791260 -0.091507 0.150424 0.984378 -0.740012 0.000000 0.000000 0.000000 1.000000
0.995219 0.034972 0.091196 -2.041901 -0.023456 0.991952 -0.124426 91.052132 -0.094813 0.121692 0.988029 -1.528253 0.000000 0.000000 0.000000 1.000000
0.992703 0.033567 0.115816 -2.771066 -0.020572 0.993537 -0.111625 90.320030 -0.118814 0.108428 0.986979 -2.259073 0.000000 0.000000 0.000000 1.000000
0.985861 0.052451 0.159146 -3.082963 -0.034655 0.993035 -0.112606 90.912010 -0.163944 0.105498 0.980812 -2.472080 0.000000 0.000000 0.000000 1.000000
0.974013 0.072909 0.214437 -2.911371 -0.050455 0.992828 -0.108386 92.559784 -0.220802 0.094750 0.970705 -2.339697 0.000000 0.000000 0.000000 1.000000
0.962678 0.101148 0.251038 -2.347846 -0.076091 0.991277 -0.107612 94.694496 -0.259733 0.084494 0.961977 -1.703042 0.000000 0.000000 0.000000 1.000000
0.953201 0.127925 0.273938 -1.633463 -0.097389 0.987696 -0.122364 96.418915 -0.286221 0.089959 0.953931 -0.808605 0.000000 0.000000 0.000000 1.000000
0.952871 0.119649 0.278784 -0.830328 -0.085071 0.987454 -0.133029 96.992752 -0.291203 0.103043 0.951096 0.208904 0.000000 0.000000 0.000000 1.000000
0.959311 0.084599 0.269379 0.189122 -0.051704 0.990559 -0.126960 96.785126 -0.277577 0.107866 0.954629 1.195186 0.000000 0.000000 0.000000 1.000000
0.965105 0.064044 0.253912 1.053636 -0.036288 0.992985 -0.112533 96.120552 -0.259338 0.099393 0.960658 2.027797 0.000000 0.000000 0.000000 1.000000
0.968460 0.063324 0.240989 1.449977 -0.040737 0.994393 -0.097586 95.071915 -0.245817 0.084691 0.965609 2.352135 0.000000 0.000000 0.000000 1.000000
0.968562 0.062548 0.240780 1.474153 -0.041664 0.994990 -0.090874 93.691864 -0.245258 0.077986 0.966316 2.320760 0.000000 0.000000 0.000000 1.000000
0.965788 0.069702 0.249792 1.313186 -0.045654 0.993858 -0.100811 91.161545 -0.255284 0.085958 0.963037 2.031500 0.000000 0.000000 0.000000 1.000000
0.959082 0.122704 0.255158 0.888649 -0.096879 0.989034 -0.111477 88.926369 -0.266038 0.082196 0.960452 1.124871 0.000000 0.000000 0.000000 1.000000
0.955062 0.165923 0.245615 0.648607 -0.132674 0.980298 -0.146333 87.364388 -0.265056 0.107171 0.958259 0.249705 0.000000 0.000000 0.000000 1.000000
0.960473 0.172957 0.218123 0.228318 -0.131833 0.972735 -0.190807 87.617546 -0.245178 0.154509 0.957087 0.048523 0.000000 0.000000 0.000000 1.000000</float_array>
        <technique_common>
          <accessor source="#mixamorig_Hips-Matrix-animation-output-transform-array" count="25" stride="16">
            <param type="float4x4"/>
          </accessor>
        </technique_common>
      </source>
      <source id="mixamorig_Hips-Interpolations">
        <Name_array id="mixamorig_Hips-Interpolations-array" count="25">
 LINEAR LINEAR LINEAR LINEAR LINEAR LINEAR LINEAR LINEAR LINEAR LINEAR LINEAR
LINEAR LINEAR LINEAR LINEAR LINEAR LINEAR LINEAR LINEAR LINEAR LINEAR LINEAR LINEAR
LINEAR LINEAR</Name_array>
        <technique_common>
          <accessor source="#mixamorig_Hips-Interpolations-array" count="25">
            <param type="name"/>
          </accessor>
        </technique_common>
      </source>
      <sampler id="mixamorig_Hips-Matrix-animation-transform">
        <input semantic="INPUT" source="#mixamorig_Hips-Matrix-animation-input"/>
        <input semantic="OUTPUT" source="#mixamorig_Hips-Matrix-animation-output-transform"/>
        <input semantic="INTERPOLATION" source="#mixamorig_Hips-Interpolations"/>
      </sampler>
      <channel source="#mixamorig_Hips-Matrix-animation-transform" target="mixamorig_Hips/matrix"/>
    </animation>
    <animation id="mixamorig_Spine-anim" name="mixamorig_Spine">
      <source id="mixamorig_Spine-Matrix-animation-input">
        <float_array id="mixamorig_Spine-Matrix-animation-input-array" count="25">

0.000000 0.033333 0.066667 0.100000 0.133333 0.166667 0.200000 0.233333 0.266667 0.300000 0.333333 0.366667 0.400000 0.433333 0.466667 0.500000
0.533333 0.566667 0.600000 0.633333 0.666667 0.700000 0.733333 0.766667 0.800000</float_array>
        <technique_common>
          <accessor source="#mixamorig_Spine-Matrix-animation-input-array" count="25">
            <param name="TIME" type="float"/>
          </accessor>
        </technique_common>
      </source>
      <source id="mixamorig_Spine-Matrix-animation-output-transform">
        <float_array id="mixamorig_Spine-Matrix-animation-output-transform-array" count="400">

0.993823 -0.095279 -0.056909 0.017300 0.093440 0.995039 -0.034151 10.574800 0.059881 0.028623 0.997795 -1.117200 0.000000 0.000000 0.000000 1.000000
0.997521 -0.062990 -0.031375 0.017300 0.062374 0.997847 -0.020259 10.574800 0.032584 0.018252 0.999302 -1.117200 0.000000 0.000000 0.000000 1.000000
0.999763 -0.021364 0.004069 0.017300 0.021396 0.999741 -0.007799 10.574800 -0.003902 0.007884 0.999961 -1.117200 0.000000 0.000000 0.000000 1.000000
0.998724 0.015296 0.048136 0.017300 -0.015234 0.999883 -0.001665 10.574800 -0.048155 0.000930 0.998839 -1.117200 0.000000 0.000000 0.000000 1.000000
0.996354 0.033928 0.078283 0.017300 -0.035003 0.999310 0.012395 10.574800 -0.077809 -0.015090 0.996854 -1.117200 0.000000 0.000000 0.000000 1.000000
0.995279 0.041651 0.087659 0.017300 -0.043804 0.998781 0.022776 10.574800 -0.086603 -0.026508 0.995890 -1.117200 0.000000 0.000000 0.000000 1.000000
0.994878 0.044052 0.090974 0.017300 -0.046398 0.998638 0.023842 10.574800 -0.089800 -0.027941 0.995568 -1.117200 0.000000 0.000000 0.000000 1.000000
0.994995 0.044370 0.089537 0.017300 -0.046250 0.998748 0.019042 10.574800 -0.088580 -0.023088 0.995801 -1.117200 0.000000 0.000000 0.000000 1.000000
0.994809 0.053855 0.086343 0.017300 -0.054582 0.998491 0.006080 10.574800 -0.085885 -0.010761 0.996247 -1.117200 0.000000 0.000000 0.000000 1.000000
0.995848 0.060657 0.067875 0.017300 -0.059535 0.998056 -0.018430 10.574800 -0.068861 0.014312 0.997524 -1.117200 0.000000 0.000000 0.000000 1.000000
0.996538 0.078310 0.027913 0.017300 -0.076797 0.995707 -0.051663 10.574800 -0.031839 0.049341 0.998274 -1.117200 0.000000 0.000000 0.000000 1.000000
0.996247 0.083424 -0.023091 0.017300 -0.084815 0.994088 -0.067795 10.574800 0.017298 0.069499 0.997432 -1.117200 0.000000 0.000000 0.000000 1.000000
0.995756 0.065252 -0.064900 0.017300 -0.069544 0.995378 -0.066226 10.574800 0.060279 0.070458 0.995692 -1.117200 0.000000 0.000000 0.000000 1.000000
0.993146 0.033484 -0.111986 0.017300 -0.040996 0.997012 -0.065464 10.574800 0.109459 0.069606 0.991551 -1.117200 0.000000 0.000000 0.000000 1.000000
0.988455 -0.006328 -0.151380 0.017300 -0.003110 0.998069 -0.062030 10.574800 0.151480 0.061785 0.986527 -1.117200 0.000000 0.000000 0.000000 1.000000
0.982963 -0.039572 -0.179495 0.017300 0.031071 0.998269 -0.049931 10.574800 0.181160 0.043504 0.982491 -1.117200 0.000000 0.000000 0.000000 1.000000
0.980879 -0.043451 -0.189708 0.017300 0.039647 0.998930 -0.023805 10.574800 0.190539 0.015828 0.981552 -1.117200 0.000000 0.000000 0.000000 1.000000
0.982804 -0.028978 -0.182366 0.017300 0.028773 0.999579 -0.003769 10.574800 0.182398 -0.001543 0.983224 -1.117200 0.000000 0.000000 0.000000 1.000000
0.984500 -0.022744 -0.173905 0.017300 0.022748 0.999739 -0.001971 10.574800 0.173905 -0.002016 0.984760 -1.117200 0.000000 0.000000 0.000000 1.000000
0.985489 -0.031226 -0.166845 0.017300 0.029399 0.999478 -0.013407 10.574800 0.167176 0.008307 0.985892 -1.117200 0.000000 0.000000 0.000000 1.000000
0.987311 -0.027141 -0.156462 0.017300 0.022665 0.999283 -0.030326 10.574800 0.157173 0.026395 0.987218 -1.117200 0.000000 0.000000 0.000000 1.000000
0.990032 -0.026307 -0.138367 0.017300 0.021117 0.999022 -0.038842 10.574800 0.139254 0.035533 0.989619 -1.117200 0.000000 0.000000 0.000000 1.000000
0.991116 -0.060976 -0.118200 0.017300 0.054025 0.996665 -0.061155 10.574800 0.121535 0.054226 0.991105 -1.117200 0.000000 0.000000 0.000000 1.000000
0.991237 -0.092457 -0.094340 0.017300 0.086833 0.994287 -0.062076 10.574800 0.099540 0.053340 0.993603 -1.117200 0.000000 0.000000 0.000000 1.000000
0.993823 -0.095279 -0.056909 0.017300 0.093440 0.995039 -0.034152 10.574800 0.059881 0.028623 0.997795 -1.117200 0.000000 0.000000 0.000000 1.000000</float_array>
        <technique_common>
          <accessor source="#mixamorig_Spine-Matrix-animation-output-transform-array" count="25" stride="16">
            <param type="float4x4"/>
          </accessor>
        </technique_common>
      </source>
      <source id="mixamorig_Spine-Interpolations">
        <Name_array id="mixamorig_Spine-Interpolations-array" count="25">
 LINEAR LINEAR LINEAR LINEAR LINEAR LINEAR LINEAR LINEAR LINEAR LINEAR LINEAR
LINEAR LINEAR LINEAR LINEAR LINEAR LINEAR LINEAR LINEAR LINEAR LINEAR LINEAR LINEAR
LINEAR LINEAR</Name_array>
        <technique_common>
          <accessor source="#mixamorig_Spine-Interpolations-array" count="25">
            <param type="name"/>
          </accessor>
        </technique_common>
      </source>
      <sampler id="mixamorig_Spine-Matrix-animation-transform">
        <input semantic="INPUT" source="#mixamorig_Spine-Matrix-animation-input"/>
        <input semantic="OUTPUT" source="#mixamorig_Spine-Matrix-animation-output-transform"/>
        <input semantic="INTERPOLATION" source="#mixamorig_Spine-Interpolations"/>
      </sampler>
      <channel source="#mixamorig_Spine-Matrix-animation-transform" target="mixamorig_Spine/matrix"/>
    </animation>
    <animation id="mixamorig_Spine1-anim" name="mixamorig_Spine1">
      <source id="mixamorig_Spine1-Matrix-animation-input">
        <float_array id="mixamorig_Spine1-Matrix-animation-input-array" count="25">

0.000000 0.033333 0.066667 0.100000 0.133333 0.166667 0.200000 0.233333 0.266667 0.300000 0.333333 0.366667 0.400000 0.433333 0.466667 0.500000
0.533333 0.566667 0.600000 0.633333 0.666667 0.700000 0.733333 0.766667 0.800000</float_array>
        <technique_common>
          <accessor source="#mixamorig_Spine1-Matrix-animation-input-array" count="25">
            <param name="TIME" type="float"/>
          </accessor>
        </technique_common>
      </source>
      <source id="mixamorig_Spine1-Matrix-animation-output-transform">
        <float_array id="mixamorig_Spine1-Matrix-animation-output-transform-array" count="400">

0.999329 -0.022240 -0.029087 0.000000 0.021448 0.999398 -0.027273 12.406000 0.029676 0.026631 0.999205 -0.000000 0.000000 0.000000 0.000000 1.000000
0.999746 -0.015029 -0.016803 0.000000 0.014734 0.999738 -0.017513 12.406000 0.017061 0.017261 0.999705 0.000000 0.000000 0.000000 0.000000 1.000000
0.999980 -0.006320 0.000420 0.000000 0.006323 0.999959 -0.006541 12.406000 -0.000378 0.006544 0.999979 -0.000000 0.000000 0.000000 0.000000 1.000000
0.999767 0.000463 0.021591 -0.000000 -0.000472 1.000000 0.000428 12.406000 -0.021591 -0.000439 0.999767 0.000000 0.000000 0.000000 0.000000 1.000000
0.999352 0.002467 0.035909 0.000000 -0.002576 0.999992 0.002988 12.406000 -0.035902 -0.003079 0.999351 0.000000 0.000000 0.000000 0.000000 1.000000
0.999155 0.006260 0.040631 0.000000 -0.006128 0.999976 -0.003360 12.406000 -0.040651 0.003108 0.999169 -0.000000 0.000000 0.000000 0.000000 1.000000
0.999074 0.009138 0.042048 0.000000 -0.008684 0.999902 -0.010959 12.406000 -0.042144 0.010583 0.999056 0.000000 0.000000 0.000000 0.000000 1.000000
0.999100 0.010961 0.040986 0.000000 -0.010349 0.999832 -0.015104 12.406000 -0.041145 0.014667 0.999046 -0.000000 0.000000 0.000000 0.000000 1.000000
0.999154 0.011077 0.039611 0.000000 -0.010549 0.999853 -0.013493 12.406000 -0.039754 0.013064 0.999124 0.000000 0.000000 0.000000 0.000000 1.000000
0.999413 0.012950 0.031730 0.000000 -0.012433 0.999787 -0.016463 12.406000 -0.031936 0.016059 0.999361 0.000000 0.000000 0.000000 0.000000 1.000000
0.999698 0.019317 0.015222 -0.000000 -0.018947 0.999530 -0.024104 12.406000 -0.015680 0.023809 0.999594 0.000000 0.000000 0.000000 0.000000 1.000000
0.999711 0.023039 -0.006851 -0.000000 -0.023231 0.999299 -0.029361 12.406000 0.006170 0.029512 0.999545 0.000000 0.000000 0.000000 0.000000 1.000000
0.999456 0.020043 -0.026206 0.000000 -0.020800 0.999364 -0.028953 12.406000 0.025609 0.029483 0.999237 0.000000 0.000000 0.000000 0.000000 1.000000
0.998726 0.013452 -0.048629 0.000000 -0.014734 0.999551 -0.026108 12.406000 0.048256 0.026792 0.998476 0.000000 0.000000 0.000000 0.000000 1.000000
0.997658 0.003771 -0.068291 0.000000 -0.005457 0.999684 -0.024518 12.406000 0.068177 0.024834 0.997364 0.000000 0.000000 0.000000 0.000000 1.000000
0.996565 -0.004933 -0.082669 0.000000 0.002951 0.999706 -0.024080 12.406000 0.082764 0.023753 0.996286 -0.000000 0.000000 0.000000 0.000000 1.000000
0.996193 -0.000288 -0.087178 -0.000000 -0.002075 0.999633 -0.027014 12.406000 0.087154 0.027092 0.995826 -0.000000 0.000000 0.000000 0.000000 1.000000
0.996488 0.011747 -0.082911 -0.000000 -0.014491 0.999365 -0.032566 12.406000 0.082475 0.033653 0.996025 0.000000 0.000000 0.000000 0.000000 1.000000
0.996735 0.018232 -0.078661 0.000000 -0.021292 0.999042 -0.038230 12.406000 0.077888 0.039780 0.996168 0.000000 0.000000 0.000000 0.000000 1.000000
0.996972 0.018800 -0.075453 -0.000000 -0.022149 0.998795 -0.043797 12.406000 0.074539 0.045336 0.996187 0.000000 0.000000 0.000000 0.000000 1.000000
0.997501 0.011694 -0.069672 0.000000 -0.014710 0.998970 -0.042926 12.406000 0.069098 0.043843 0.996646 0.000000 0.000000 0.000000 0.000000 1.000000
0.998096 -0.002977 -0.061606 0.000000 0.000618 0.999267 -0.038278 12.406000 0.061675 0.038167 0.997366 0.000000 0.000000 0.000000 0.000000 1.000000
0.998421 -0.013367 -0.054567 0.000000 0.011275 0.999196 -0.038461 12.406000 0.055037 0.037785 0.997769 0.000000 0.000000 0.000000 0.000000 1.000000
0.998730 -0.020861 -0.045865 0.000000 0.019253 0.999194 -0.035222 12.406000 0.046563 0.034294 0.998327 -0.000000 0.000000 0.000000 0.000000 1.000000
0.999329 -0.022240 -0.029087 0.000000 0.021448 0.999398 -0.027273 12.406000 0.029677 0.026631 0.999205 0.000000 0.000000 0.000000 0.000000 1.000000</float_array>
        <technique_common>
          <accessor source="#mixamorig_Spine1-Matrix-animation-output-transform-array" count="25" stride="16">
            <param type="float4x4"/>
          </accessor>
        </technique_common>
      </source>
      <source id="mixamorig_Spine1-Interpolations">
        <Name_array id="mixamorig_Spine1-Interpolations-array" count="25">
 LINEAR LINEAR LINEAR LINEAR LINEAR LINEAR LINEAR LINEAR LINEAR LINEAR LINEAR
LINEAR LINEAR LINEAR LINEAR LINEAR LINEAR LINEAR LINEAR LINEAR LINEAR LINEAR LINEAR
LINEAR LINEAR</Name_array>
        <technique_common>
          <accessor source="#mixamorig_Spine1-Interpolations-array" count="25">
            <param type="name"/>
          </accessor>
        </technique_common>
      </source>
      <sampler id="mixamorig_Spine1-Matrix-animation-transform">
        <input semantic="INPUT" source="#mixamorig_Spine1-Matrix-animation-input"/>
        <input semantic="OUTPUT" source="#mixamorig_Spine1-Matrix-animation-output-transform"/>
        <input semantic="INTERPOLATION" source="#mixamorig_Spine1-Interpolations"/>
      </sampler>
      <channel source="#mixamorig_Spine1-Matrix-animation-transform" target="mixamorig_Spine1/matrix"/>
    </animation>
    <animation id="mixamorig_Spine2-anim" name="mixamorig_Spine2">
      <source id="mixamorig_Spine2-Matrix-animation-input">
        <float_array id="mixamorig_Spine2-Matrix-animation-input-array" count="25">

0.000000 0.033333 0.066667 0.100000 0.133333 0.166667 0.200000 0.233333 0.266667 0.300000 0.333333 0.366667 0.400000 0.433333 0.466667 0.500000
0.533333 0.566667 0.600000 0.633333 0.666667 0.700000 0.733333 0.766667 0.800000</float_array>
        <technique_common>
          <accessor source="#mixamorig_Spine2-Matrix-animation-input-array" count="25">
            <param name="TIME" type="float"/>
          </accessor>
        </technique_common>
      </source>
      <source id="mixamorig_Spine2-Matrix-animation-output-transform">
        <float_array id="mixamorig_Spine2-Matrix-animation-output-transform-array" count="400">

0.999286 -0.026982 -0.026444 -0.000000 0.023267 0.990991 -0.131891 14.178300 0.029764 0.131182 0.990911 -0.000000 0.000000 0.000000 0.000000 1.000000
0.999720 -0.018408 -0.014892 -0.000000 0.016449 0.992346 -0.122390 14.178300 0.017031 0.122111 0.992370 0.000000 0.000000 0.000000 0.000000 1.000000
0.999969 -0.007753 0.001317 0.000000 0.007851 0.993726 -0.111564 14.178300 -0.000444 0.111571 0.993756 0.000000 0.000000 0.000000 0.000000 1.000000
0.999766 0.001502 0.021584 -0.000000 0.000763 0.994520 -0.104548 14.178300 -0.021623 0.104540 0.994286 0.000000 0.000000 0.000000 0.000000 1.000000
0.999354 0.005167 0.035571 0.000000 -0.001516 0.994793 -0.101906 14.178300 -0.035912 0.101786 0.994158 0.000000 0.000000 0.000000 0.000000 1.000000
0.999161 0.009321 0.039889 0.000000 -0.004952 0.994110 -0.108260 14.178300 -0.040663 0.107972 0.993322 0.000000 0.000000 0.000000 0.000000 1.000000
0.999084 0.012199 0.041027 -0.000000 -0.007369 0.993236 -0.115876 14.178300 -0.042163 0.115467 0.992416 0.000000 0.000000 0.000000 0.000000 1.000000
0.999112 0.013865 0.039788 0.000000 -0.008997 0.992731 -0.120018 14.178300 -0.041162 0.119553 0.991974 0.000000 0.000000 0.000000 0.000000 1.000000
0.999166 0.013960 0.038382 -0.000000 -0.009326 0.992926 -0.118364 14.178300 -0.039762 0.117907 0.992228 -0.000000 0.000000 0.000000 0.000000 1.000000
0.999427 0.015034 0.030331 0.000000 -0.011249 0.992552 -0.121299 14.178300 -0.031928 0.120889 0.992152 0.000000 0.000000 0.000000 0.000000 1.000000
0.999722 0.019497 0.013237 0.000000 -0.017630 0.991499 -0.128912 14.178300 -0.015638 0.128643 0.991568 -0.000000 0.000000 0.000000 0.000000 1.000000
0.999747 0.020582 -0.009085 0.000000 -0.021616 0.990715 -0.134226 14.178300 0.006238 0.134388 0.990909 0.000000 0.000000 0.000000 0.000000 1.000000
0.999492 0.015292 -0.027975 -0.000000 -0.018908 0.990813 -0.133912 14.178300 0.025670 0.134373 0.990598 0.000000 0.000000 0.000000 0.000000 1.000000
0.998755 0.006069 -0.049521 0.000000 -0.012526 0.991285 -0.131137 14.178300 0.048294 0.131594 0.990127 0.000000 0.000000 0.000000 0.000000 1.000000
0.997668 -0.005855 -0.068000 0.000000 -0.003008 0.991574 -0.129505 14.178300 0.068185 0.129408 0.989244 0.000000 0.000000 0.000000 0.000000 1.000000
0.996555 -0.016071 -0.081360 0.000000 0.005463 0.991634 -0.128966 14.178300 0.082751 0.128077 0.988306 0.000000 0.000000 0.000000 0.000000 1.000000
0.996190 -0.011515 -0.086447 -0.000000 0.000038 0.991301 -0.131614 14.178300 0.087210 0.131109 0.987525 0.000000 0.000000 0.000000 0.000000 1.000000
0.996503 0.001444 -0.083548 0.000000 -0.012904 0.990516 -0.136789 14.178300 0.082558 0.137389 0.987071 -0.000000 0.000000 0.000000 0.000000 1.000000
0.996762 0.008560 -0.079956 -0.000000 -0.019909 0.989632 -0.142241 14.178300 0.077909 0.143372 0.986598 0.000000 0.000000 0.000000 0.000000 1.000000
0.997001 0.009434 -0.076816 0.000000 -0.020734 0.988819 -0.147670 14.178300 0.074564 0.148820 0.986049 -0.000000 0.000000 0.000000 0.000000 1.000000
0.997521 0.002583 -0.070327 0.000000 -0.012947 0.989005 -0.147317 14.178300 0.069173 0.147863 0.986586 0.000000 0.000000 0.000000 0.000000 1.000000
0.998090 -0.011393 -0.060711 0.000000 0.002593 0.989704 -0.143103 14.178300 0.061716 0.142672 0.987844 0.000000 0.000000 0.000000 0.000000 1.000000
0.998395 -0.021138 -0.052550 -0.000000 0.013414 0.989601 -0.143212 14.178300 0.055031 0.142277 0.988296 0.000000 0.000000 0.000000 0.000000 1.000000
0.998687 -0.027642 -0.043125 0.000000 0.021362 0.989946 -0.139825 14.178300 0.046556 0.138720 0.989237 -0.000000 0.000000 0.000000 0.000000 1.000000
0.999286 -0.026982 -0.026444 0.000000 0.023267 0.990991 -0.131891 14.178300 0.029764 0.131182 0.990911 0.000000 0.000000 0.000000 0.000000 1.000000</float_array>
        <technique_common>
          <accessor source="#mixamorig_Spine2-Matrix-animation-output-transform-array" count="25" stride="16">
            <param type="float4x4"/>
          </accessor>
        </technique_common>
      </source>
      <source id="mixamorig_Spine2-Interpolations">
        <Name_array id="mixamorig_Spine2-Interpolations-array" count="25">
 LINEAR LINEAR LINEAR LINEAR LINEAR LINEAR LINEAR LINEAR LINEAR LINEAR LINEAR
LINEAR LINEAR LINEAR LINEAR LINEAR LINEAR LINEAR LINEAR LINEAR LINEAR LINEAR LINEAR
LINEAR LINEAR</Name_array>
        <technique_common>
          <accessor source="#mixamorig_Spine2-Interpolations-array" count="25">
            <param type="name"/>
          </accessor>
        </technique_common>
      </source>
      <sampler id="mixamorig_Spine2-Matrix-animation-transform">
        <input semantic="INPUT" source="#mixamorig_Spine2-Matrix-animation-input"/>
        <input semantic="OUTPUT" source="#mixamorig_Spine2-Matrix-animation-output-transform"/>
        <input semantic="INTERPOLATION" source="#mixamorig_Spine2-Interpolations"/>
      </sampler>
      <channel source="#mixamorig_Spine2-Matrix-animation-transform" target="mixamorig_Spine2/matrix"/>
    </animation>
    <animation id="mixamorig_Neck-anim" name="mixamorig_Neck">
      <source id="mixamorig_Neck-Matrix-animation-input">
        <float_array id="mixamorig_Neck-Matrix-animation-input-array" count="25">

0.000000 0.033333 0.066667 0.100000 0.133333 0.166667 0.200000 0.233333 0.266667 0.300000 0.333333 0.366667 0.400000 0.433333 0.466667 0.500000
0.533333 0.566667 0.600000 0.633333 0.666667 0.700000 0.733333 0.766667 0.800000</float_array>
        <technique_common>
          <accessor source="#mixamorig_Neck-Matrix-animation-input-array" count="25">
            <param name="TIME" type="float"/>
          </accessor>
        </technique_common>
      </source>
      <source id="mixamorig_Neck-Matrix-animation-output-transform">
        <float_array id="mixamorig_Neck-Matrix-animation-output-transform-array" count="400">

0.967283 0.073676 0.242766 0.024400 -0.080854 0.996531 0.019724 15.862300 -0.240471 -0.038707 0.969884 -1.675800 0.000000 0.000000 0.000000 1.000000
0.968036 0.073082 0.239926 0.024400 -0.079400 0.996702 0.016760 15.862300 -0.237910 -0.035275 0.970646 -1.675800 0.000000 0.000000 0.000000 1.000000
0.968889 0.073019 0.236481 0.024400 -0.078510 0.996817 0.013875 15.862300 -0.234715 -0.032009 0.971537 -1.675800 0.000000 0.000000 0.000000 1.000000
0.969582 0.074548 0.233136 0.024400 -0.080237 0.996663 0.015002 15.862300 -0.231240 -0.033252 0.972328 -1.675800 0.000000 0.000000 0.000000 1.000000
0.969941 0.077100 0.230802 0.024400 -0.083744 0.996304 0.019116 15.862300 -0.228475 -0.037870 0.972813 -1.675800 0.000000 0.000000 0.000000 1.000000
0.970006 0.079205 0.229815 0.024400 -0.086359 0.996038 0.021224 15.862300 -0.227224 -0.040434 0.973003 -1.675800 0.000000 0.000000 0.000000 1.000000
0.969686 0.082772 0.229908 0.024400 -0.089496 0.995807 0.018956 15.862300 -0.227374 -0.038957 0.973028 -1.675800 0.000000 0.000000 0.000000 1.000000
0.969415 0.085168 0.230176 0.024400 -0.090954 0.995748 0.014625 15.862300 -0.227951 -0.035113 0.973039 -1.675800 0.000000 0.000000 0.000000 1.000000
0.968967 0.088021 0.230989 0.024400 -0.093320 0.995563 0.012096 15.862300 -0.228899 -0.033277 0.972881 -1.675800 0.000000 0.000000 0.000000 1.000000
0.968548 0.088264 0.232645 0.024400 -0.093784 0.995511 0.012749 15.862300 -0.230476 -0.034166 0.972478 -1.675800 0.000000 0.000000 0.000000 1.000000
0.968244 0.085858 0.234801 0.024400 -0.091783 0.995675 0.014403 15.862300 -0.232548 -0.035496 0.971937 -1.675800 0.000000 0.000000 0.000000 1.000000
0.967807 0.084258 0.237170 0.024400 -0.090267 0.995811 0.014574 15.862300 -0.234949 -0.035514 0.971359 -1.675800 0.000000 0.000000 0.000000 1.000000
0.967294 0.086915 0.238304 0.024400 -0.092364 0.995656 0.011775 15.862300 -0.236246 -0.033401 0.971119 -1.675800 0.000000 0.000000 0.000000 1.000000
0.966674 0.090077 0.239639 0.024400 -0.094971 0.995440 0.008928 15.862300 -0.237742 -0.031389 0.970821 -1.675800 0.000000 0.000000 0.000000 1.000000
0.966228 0.090433 0.241301 0.024400 -0.095341 0.995407 0.008717 15.862300 -0.239404 -0.031428 0.970411 -1.675800 0.000000 0.000000 0.000000 1.000000
0.965934 0.090116 0.242591 0.024400 -0.095930 0.995313 0.012236 15.862300 -0.240352 -0.035091 0.970051 -1.675800 0.000000 0.000000 0.000000 1.000000
0.965937 0.088263 0.243261 0.024400 -0.094702 0.995394 0.014879 15.862300 -0.240827 -0.037410 0.969847 -1.675800 0.000000 0.000000 0.000000 1.000000
0.965714 0.088978 0.243884 0.024400 -0.094908 0.995406 0.012647 15.862300 -0.241638 -0.035360 0.969722 -1.675800 0.000000 0.000000 0.000000 1.000000
0.965544 0.088661 0.244672 0.024400 -0.093518 0.995583 0.008282 15.862300 -0.242857 -0.030878 0.969571 -1.675800 0.000000 0.000000 0.000000 1.000000
0.965550 0.086688 0.245355 0.024400 -0.090904 0.995842 0.005887 15.862300 -0.243824 -0.027987 0.969415 -1.675800 0.000000 0.000000 0.000000 1.000000
0.965668 0.085327 0.245368 0.024400 -0.089290 0.995993 0.005049 15.862300 -0.243954 -0.026784 0.969417 -1.675800 0.000000 0.000000 0.000000 1.000000
0.965670 0.086876 0.244813 0.024400 -0.090663 0.995873 0.004220 15.862300 -0.243435 -0.026271 0.969561 -1.675800 0.000000 0.000000 0.000000 1.000000
0.966785 0.078857 0.243123 0.024400 -0.083111 0.996514 0.007273 15.862300 -0.241702 -0.027238 0.969968 -1.675800 0.000000 0.000000 0.000000 1.000000
0.967203 0.074382 0.242871 0.024400 -0.080143 0.996686 0.013914 15.862300 -0.241031 -0.032922 0.969959 -1.675800 0.000000 0.000000 0.000000 1.000000
0.967296 0.073687 0.242712 0.024400 -0.080864 0.996530 0.019728 15.862300 -0.240416 -0.038710 0.969898 -1.675800 0.000000 0.000000 0.000000 1.000000</float_array>
        <technique_common>
          <accessor source="#mixamorig_Neck-Matrix-animation-output-transform-array" count="25" stride="16">
            <param type="float4x4"/>
          </accessor>
        </technique_common>
      </source>
      <source id="mixamorig_Neck-Interpolations">
        <Name_array id="mixamorig_Neck-Interpolations-array" count="25">
 LINEAR LINEAR LINEAR LINEAR LINEAR LINEAR LINEAR LINEAR LINEAR LINEAR LINEAR
LINEAR LINEAR LINEAR LINEAR LINEAR LINEAR LINEAR LINEAR LINEAR LINEAR LINEAR LINEAR
LINEAR LINEAR</Name_array>
        <technique_common>
          <accessor source="#mixamorig_Neck-Interpolations-array" count="25">
            <param type="name"/>
          </accessor>
        </technique_common>
      </source>
      <sampler id="mixamorig_Neck-Matrix-animation-transform">
        <input semantic="INPUT" source="#mixamorig_Neck-Matrix-animation-input"/>
        <input semantic="OUTPUT" source="#mixamorig_Neck-Matrix-animation-output-transform"/>
        <input semantic="INTERPOLATION" source="#mixamorig_Neck-Interpolations"/>
      </sampler>
      <channel source="#mixamorig_Neck-Matrix-animation-transform" target="mixamorig_Neck/matrix"/>
    </animation>
    <animation id="mixamorig_Head-anim" name="mixamorig_Head">
      <source id="mixamorig_Head-Matrix-animation-input">
        <float_array id="mixamorig_Head-Matrix-animation-input-array" count="25">

0.000000 0.033333 0.066667 0.100000 0.133333 0.166667 0.200000 0.233333 0.266667 0.300000 0.333333 0.366667 0.400000 0.433333 0.466667 0.500000
0.533333 0.566667 0.600000 0.633333 0.666667 0.700000 0.733333 0.766667 0.800000</float_array>
        <technique_common>
          <accessor source="#mixamorig_Head-Matrix-animation-input-array" count="25">
            <param name="TIME" type="float"/>
          </accessor>
        </technique_common>
      </source>
      <source id="mixamorig_Head-Matrix-animation-output-transform">
        <float_array id="mixamorig_Head-Matrix-animation-output-transform-array" count="400">

0.922829 0.028313 -0.384169 -0.000000 0.100984 0.944635 0.312196 5.564000 0.371739 -0.326898 0.868877 0.988100 0.000000 0.000000 0.000000 1.000000
0.913805 0.026221 -0.405305 -0.000000 0.100861 0.952004 0.288992 5.564000 0.393430 -0.304962 0.867301 0.988100 0.000000 0.000000 0.000000 1.000000
0.897497 0.006264 -0.440977 0.000000 0.114012 0.962613 0.245717 5.564000 0.426030 -0.270807 0.863228 0.988100 0.000000 0.000000 0.000000 1.000000
0.878755 -0.008982 -0.477189 0.000000 0.134278 0.964090 0.229129 5.564000 0.457995 -0.265424 0.848405 0.988100 0.000000 0.000000 0.000000 1.000000
0.865601 -0.016966 -0.500447 0.000000 0.152205 0.961051 0.230682 5.564000 0.477042 -0.275849 0.834469 0.988100 0.000000 0.000000 0.000000 1.000000
0.861556 -0.028209 -0.506878 0.000000 0.166836 0.958730 0.230221 5.564000 0.479465 -0.282914 0.830706 0.988100 0.000000 0.000000 0.000000 1.000000
0.862995 -0.037484 -0.503821 0.000000 0.171513 0.959756 0.222379 5.564000 0.475209 -0.278324 0.834693 0.988100 0.000000 0.000000 0.000000 1.000000
0.867201 -0.045379 -0.495887 0.000000 0.176915 0.958947 0.221632 5.564000 0.465472 -0.279929 0.839628 0.988100 0.000000 0.000000 0.000000 1.000000
0.875441 -0.050190 -0.480712 0.000000 0.175785 0.959544 0.219945 5.564000 0.450226 -0.277051 0.848846 0.988100 0.000000 0.000000 0.000000 1.000000
0.890927 -0.064451 -0.449550 -0.000000 0.184031 0.956200 0.227627 5.564000 0.415189 -0.285531 0.863765 0.988100 0.000000 0.000000 0.000000 1.000000
0.911433 -0.078685 -0.403855 0.000000 0.198535 0.943820 0.264172 5.564000 0.360380 -0.320955 0.875851 0.988100 0.000000 0.000000 0.000000 1.000000
0.931127 -0.086535 -0.354281 0.000000 0.196132 0.937818 0.286409 5.564000 0.307467 -0.336169 0.890199 0.988100 0.000000 0.000000 0.000000 1.000000
0.938858 -0.094669 -0.331035 0.000000 0.190194 0.944050 0.269436 5.564000 0.287006 -0.315923 0.904334 0.988100 0.000000 0.000000 0.000000 1.000000
0.949121 -0.091708 -0.301263 0.000000 0.172621 0.951635 0.254149 5.564000 0.263385 -0.293223 0.919048 0.988100 0.000000 0.000000 0.000000 1.000000
0.966202 -0.075782 -0.246395 0.000000 0.140454 0.956240 0.256665 5.564000 0.216163 -0.282598 0.934565 0.988100 0.000000 0.000000 0.000000 1.000000
0.977192 -0.061992 -0.203110 0.000000 0.112938 0.961678 0.249841 5.564000 0.179838 -0.267082 0.946745 0.988100 0.000000 0.000000 0.000000 1.000000
0.980100 -0.050865 -0.191878 -0.000000 0.094438 0.969695 0.225329 5.564000 0.174602 -0.238965 0.955202 0.988100 0.000000 0.000000 0.000000 1.000000
0.978534 -0.041737 -0.201813 0.000000 0.085866 0.972798 0.215155 5.564000 0.187343 -0.227866 0.955500 0.988100 0.000000 0.000000 0.000000 1.000000
0.976395 -0.033092 -0.213440 -0.000000 0.081774 0.971270 0.223492 5.564000 0.199912 -0.235670 0.951049 0.988100 0.000000 0.000000 0.000000 1.000000
0.973996 -0.020061 -0.225675 -0.000000 0.074641 0.968877 0.236020 5.564000 0.213917 -0.246727 0.945180 0.988100 0.000000 0.000000 0.000000 1.000000
0.967311 -0.007430 -0.253484 -0.000000 0.071170 0.967354 0.243232 5.564000 0.243402 -0.253321 0.936261 0.988100 0.000000 0.000000 0.000000 1.000000
0.955172 0.011959 -0.295811 -0.000000 0.070502 0.961250 0.266511 5.564000 0.287535 -0.275419 0.917315 0.988100 0.000000 0.000000 0.000000 1.000000
0.942346 0.004160 -0.334616 -0.000000 0.100718 0.950034 0.295452 5.564000 0.319125 -0.312119 0.894841 0.988100 0.000000 0.000000 0.000000 1.000000
0.933421 0.010718 -0.358623 -0.000000 0.109902 0.942963 0.314234 5.564000 0.341536 -0.332725 0.879003 0.988100 0.000000 0.000000 0.000000 1.000000
0.922803 0.028350 -0.384229 0.000000 0.101021 0.944591 0.312317 5.564000 0.371793 -0.327022 0.868807 0.988100 0.000000 0.000000 0.000000 1.000000</float_array>
        <technique_common>
          <accessor source="#mixamorig_Head-Matrix-animation-output-transform-array" count="25" stride="16">
            <param type="float4x4"/>
          </accessor>
        </technique_common>
      </source>
      <source id="mixamorig_Head-Interpolations">
        <Name_array id="mixamorig_Head-Interpolations-array" count="25">
 LINEAR LINEAR LINEAR LINEAR LINEAR LINEAR LINEAR LINEAR LINEAR LINEAR LINEAR
LINEAR LINEAR LINEAR LINEAR LINEAR LINEAR LINEAR LINEAR LINEAR LINEAR LINEAR LINEAR
LINEAR LINEAR</Name_array>
        <technique_common>
          <accessor source="#mixamorig_Head-Interpolations-array" count="25">
            <param type="name"/>
          </accessor>
        </technique_common>
      </source>
      <sampler id="mixamorig_Head-Matrix-animation-transform">
        <input semantic="INPUT" source="#mixamorig_Head-Matrix-animation-input"/>
        <input semantic="OUTPUT" source="#mixamorig_Head-Matrix-animation-output-transform"/>
        <input semantic="INTERPOLATION" source="#mixamorig_Head-Interpolations"/>
      </sampler>
      <channel source="#mixamorig_Head-Matrix-animation-transform" target="mixamorig_Head/matrix"/>
    </animation>
    <animation id="mixamorig_LeftShoulder-anim" name="mixamorig_LeftShoulder">
      <source id="mixamorig_LeftShoulder-Matrix-animation-input">
        <float_array id="mixamorig_LeftShoulder-Matrix-animation-input-array" count="25">

0.000000 0.033333 0.066667 0.100000 0.133333 0.166667 0.200000 0.233333 0.266667 0.300000 0.333333 0.366667 0.400000 0.433333 0.466667 0.500000
0.533333 0.566667 0.600000 0.633333 0.666667 0.700000 0.733333 0.766667 0.800000</float_array>
        <technique_common>
          <accessor source="#mixamorig_LeftShoulder-Matrix-animation-input-array" count="25">
            <param name="TIME" type="float"/>
          </accessor>
        </technique_common>
      </source>
      <source id="mixamorig_LeftShoulder-Matrix-animation-output-transform">
        <float_array id="mixamorig_LeftShoulder-Matrix-animation-output-transform-array" count="400">

-0.025511 0.953435 -0.300518 5.935000 0.052285 -0.298932 -0.952841 13.670200 -0.998306 -0.040021 -0.042225 -1.662600 0.000000 0.000000 0.000000 1.000000
-0.057935 0.953527 -0.295686 5.935000 0.052144 -0.292889 -0.954723 13.670200 -0.996958 -0.070731 -0.032752 -1.662600 0.000000 0.000000 0.000000 1.000000
-0.086055 0.955338 -0.282709 5.935000 0.050270 -0.279237 -0.958906 13.670200 -0.995021 -0.096731 -0.023995 -1.662600 0.000000 0.000000 0.000000 1.000000
-0.112112 0.956314 -0.269989 5.935000 0.047518 -0.266231 -0.962737 13.670200 -0.992559 -0.120764 -0.015595 -1.662600 0.000000 0.000000 0.000000 1.000000
-0.116489 0.958261 -0.261085 5.935000 0.043557 -0.257692 -0.965245 13.670200 -0.992236 -0.123813 -0.011721 -1.662600 0.000000 0.000000 0.000000 1.000000
-0.113530 0.962900 -0.244814 5.935000 0.038485 -0.241960 -0.969523 13.670200 -0.992789 -0.119491 -0.009587 -1.662600 0.000000 0.000000 0.000000 1.000000
-0.110166 0.966683 -0.231058 5.935000 0.037449 -0.228271 -0.972877 13.670200 -0.993207 -0.115831 -0.011053 -1.662600 0.000000 0.000000 0.000000 1.000000
-0.109711 0.969589 -0.218773 5.935000 0.043110 -0.215253 -0.975606 13.670200 -0.993028 -0.116466 -0.018184 -1.662600 0.000000 0.000000 0.000000 1.000000
-0.111916 0.971133 -0.210656 5.935000 0.053609 -0.205778 -0.977129 13.670200 -0.992271 -0.120650 -0.029032 -1.662600 0.000000 0.000000 0.000000 1.000000
-0.110091 0.971966 -0.207756 5.935000 0.066676 -0.201334 -0.977251 13.670200 -0.991683 -0.121438 -0.042642 -1.662600 0.000000 0.000000 0.000000 1.000000
-0.098274 0.969283 -0.225460 5.935000 0.079410 -0.218197 -0.972669 13.670200 -0.991986 -0.113492 -0.055528 -1.662600 0.000000 0.000000 0.000000 1.000000
-0.093178 0.970181 -0.223756 5.935000 0.085273 -0.216131 -0.972633 13.670200 -0.991991 -0.109708 -0.062592 -1.662600 0.000000 0.000000 0.000000 1.000000
-0.066663 0.971546 -0.227275 5.935000 0.085570 -0.221375 -0.971427 13.670200 -0.994100 -0.084206 -0.068377 -1.662600 0.000000 0.000000 0.000000 1.000000
-0.046098 0.973769 -0.222818 5.935000 0.083294 -0.218532 -0.972268 13.670200 -0.995458 -0.063379 -0.071036 -1.662600 0.000000 0.000000 0.000000 1.000000
-0.039282 0.976694 -0.211012 5.935000 0.079955 -0.207425 -0.974978 13.670200 -0.996024 -0.055170 -0.069943 -1.662600 0.000000 0.000000 0.000000 1.000000
-0.037927 0.977948 -0.205374 5.935000 0.076603 -0.202071 -0.976370 13.670200 -0.996340 -0.052763 -0.067250 -1.662600 0.000000 0.000000 0.000000 1.000000
-0.031153 0.977341 -0.209365 5.935000 0.072943 -0.206685 -0.975685 13.670200 -0.996849 -0.045668 -0.064852 -1.662600 0.000000 0.000000 0.000000 1.000000
-0.018893 0.972915 -0.230391 5.935000 0.069679 -0.228591 -0.971026 13.670200 -0.997391 -0.034399 -0.063473 -1.662600 0.000000 0.000000 0.000000 1.000000
-0.008712 0.968419 -0.249176 5.935000 0.065405 -0.248100 -0.966524 13.670200 -0.997821 -0.024718 -0.061178 -1.662600 0.000000 0.000000 0.000000 1.000000
-0.002416 0.964302 -0.264796 5.935000 0.061341 -0.264155 -0.962528 13.670200 -0.998114 -0.018568 -0.058513 -1.662600 0.000000 0.000000 0.000000 1.000000
0.001298 0.960227 -0.279218 5.935000 0.058178 -0.278818 -0.958580 13.670200 -0.998305 -0.015000 -0.056226 -1.662600 0.000000 0.000000 0.000000 1.000000
0.006665 0.951925 -0.306258 5.935000 0.056284 -0.306137 -0.950322 13.670200 -0.998393 -0.010904 -0.055619 -1.662600 0.000000 0.000000 0.000000 1.000000
0.002268 0.952056 -0.305916 5.935000 0.053948 -0.305587 -0.950635 13.670200 -0.998541 -0.014347 -0.052055 -1.662600 0.000000 0.000000 0.000000 1.000000
-0.011277 0.954225 -0.298878 5.935000 0.052575 -0.297917 -0.953143 13.670200 -0.998553 -0.026462 -0.046809 -1.662600 0.000000 0.000000 0.000000 1.000000
-0.025511 0.953434 -0.300522 5.935000 0.052285 -0.298936 -0.952840 13.670200 -0.998306 -0.040021 -0.042224 -1.662600 0.000000 0.000000 0.000000 1.000000</float_array>
        <technique_common>
