<?xml version="1.0" encoding="utf-8"?>
<COLLADA xmlns="http://www.collada.org/2005/11/COLLADASchema" version="1.4.1">
  <asset>
    <contributor>
      <author>Mixamo</author>
      <authoring_tool>COLLADA Mixamo exporter</authoring_tool>
      <comments/>
    </contributor>
    <created>2023-08-01T21:51:58Z</created>
    <modified>2023-08-01T21:51:58Z</modified>
    <revision/>
    <title/>
    <unit meter="0.010000"/>
    <up_axis>Y_UP</up_axis>
  </asset>
  <library_animations>
    <animation id="mixamorig_Hips-anim" name="mixamorig_Hips">
      <source id="mixamorig_Hips-Matrix-animation-input">
        <float_array id="mixamorig_Hips-Matrix-animation-input-array" count="22">

0.000000 0.033333 0.066667 0.100000 0.133333 0.166667 0.200000 0.233333 0.266667 0.300000 0.333333 0.366667 0.400000 0.433333 0.466667 0.500000
0.533333 0.566667 0.600000 0.633333 0.666667 0.700000</float_array>
        <technique_common>
          <accessor source="#mixamorig_Hips-Matrix-animation-input-array" count="22">
            <param name="TIME" type="float"/>
          </accessor>
        </technique_common>
      </source>
      <source id="mixamorig_Hips-Matrix-animation-output-transform">
        <float_array id="mixamorig_Hips-Matrix-animation-output-transform-array" count="352">

0.964858 -0.127797 -0.229602 -0.236112 0.118579 0.991499 -0.053567 87.831802 0.234495 0.024459 0.971809 0.884780 0.000000 0.000000 0.000000 1.000000
0.970660 -0.119327 -0.208760 -0.821526 0.110738 0.992467 -0.052397 89.359001 0.213440 0.027742 0.976562 0.795828 0.000000 0.000000 0.000000 1.000000
0.976596 -0.111906 -0.183675 -0.980919 0.102842 0.992994 -0.058188 91.061035 0.188900 0.037937 0.981263 1.227780 0.000000 0.000000 0.000000 1.000000
0.978708 -0.102528 -0.177818 -1.113714 0.093051 0.993799 -0.060862 92.221191 0.182956 0.043020 0.982179 1.782647 0.000000 0.000000 0.000000 1.000000
0.978144 -0.098909 -0.182898 -1.005056 0.087634 0.993777 -0.068756 92.328827 0.188561 0.051225 0.980725 2.581662 0.000000 0.000000 0.000000 1.000000
0.973067 -0.097400 -0.208934 -0.667554 0.079876 0.992665 -0.090751 92.489952 0.216241 0.071618 0.973710 3.616239 0.000000 0.000000 0.000000 1.000000
0.960069 -0.097419 -0.262254 -0.014627 0.065655 0.989691 -0.127287 91.972939 0.271950 0.104986 0.956567 4.447679 0.000000 0.000000 0.000000 1.000000
0.954414 -0.091941 -0.283973 1.840941 0.051188 0.987700 -0.147746 90.788490 0.294064 0.126474 0.947381 4.723596 0.000000 0.000000 0.000000 1.000000
0.951152 -0.065679 -0.301655 3.260160 0.029026 0.991805 -0.124422 89.662674 0.307355 0.109588 0.945264 4.513824 0.000000 0.000000 0.000000 1.000000
0.949516 -0.044087 -0.310607 3.936095 0.017323 0.995934 -0.088408 88.231201 0.313241 0.078565 0.946418 4.269912 0.000000 0.000000 0.000000 1.000000
0.947774 -0.034750 -0.317044 4.189667 0.018722 0.998394 -0.053464 86.986115 0.318392 0.044736 0.946903 3.990456 0.000000 0.000000 0.000000 1.000000
0.933384 -0.023851 -0.358086 4.101616 0.016727 0.999596 -0.022978 85.976860 0.358489 0.015458 0.933406 3.942517 0.000000 0.000000 0.000000 1.000000
0.910390 -0.014554 -0.413496 3.536063 0.010162 0.999866 -0.012821 86.829201 0.413627 0.007470 0.910416 4.348610 0.000000 0.000000 0.000000 1.000000
0.889825 -0.003252 -0.456290 2.778017 -0.004499 0.999863 -0.015899 88.867683 0.456279 0.016200 0.889689 4.911146 0.000000 0.000000 0.000000 1.000000
0.881256 -0.011760 -0.472493 1.835359 0.000496 0.999713 -0.023956 90.214111 0.472639 0.020877 0.881009 5.091618 0.000000 0.000000 0.000000 1.000000
0.890023 -0.026089 -0.455169 1.104866 0.014731 0.999486 -0.028484 90.795425 0.455678 0.018646 0.889949 4.924251 0.000000 0.000000 0.000000 1.000000
0.905749 -0.044008 -0.421523 0.490900 0.033034 0.998899 -0.033306 91.091820 0.422525 0.016243 0.906206 4.556086 0.000000 0.000000 0.000000 1.000000
0.922535 -0.067625 -0.379941 -0.076822 0.056798 0.997598 -0.039651 91.092453 0.381710 0.014999 0.924160 4.044489 0.000000 0.000000 0.000000 1.000000
0.939920 -0.103330 -0.325381 -0.421467 0.092742 0.994536 -0.047930 90.285828 0.328556 0.014874 0.944367 3.232346 0.000000 0.000000 0.000000 1.000000
0.951890 -0.128678 -0.278115 -0.252780 0.118878 0.991552 -0.051892 89.214668 0.282443 0.016334 0.959145 2.495702 0.000000 0.000000 0.000000 1.000000
0.960836 -0.136976 -0.240897 -0.119738 0.128260 0.990399 -0.051572 88.325966 0.245648 0.018655 0.969179 1.757327 0.000000 0.000000 0.000000 1.000000
0.964858 -0.127797 -0.229601 -0.236110 0.118579 0.991499 -0.053567 87.831818 0.234495 0.024459 0.971809 0.884779 0.000000 0.000000 0.000000 1.000000</float_array>
        <technique_common>
          <accessor source="#mixamorig_Hips-Matrix-animation-output-transform-array" count="22" stride="16">
            <param type="float4x4"/>
          </accessor>
        </technique_common>
      </source>
      <source id="mixamorig_Hips-Interpolations">
        <Name_array id="mixamorig_Hips-Interpolations-array" count="22">
 LINEAR LINEAR LINEAR LINEAR LINEAR LINEAR LINEAR LINEAR LINEAR LINEAR LINEAR
LINEAR LINEAR LINEAR LINEAR LINEAR LINEAR LINEAR LINEAR LINEAR LINEAR LINEAR</Name_array>
        <technique_common>
          <accessor source="#mixamorig_Hips-Interpolations-array" count="22">
            <param type="name"/>
          </accessor>
        </technique_common>
      </source>
      <sampler id="mixamorig_Hips-Matrix-animation-transform">
        <input semantic="INPUT" source="#mixamorig_Hips-Matrix-animation-input"/>
        <input semantic="OUTPUT" source="#mixamorig_Hips-Matrix-animation-output-transform"/>
        <input semantic="INTERPOLATION" source="#mixamorig_Hips-Interpolations"/>
      </sampler>
      <channel source="#mixamorig_Hips-Matrix-animation-transform" target="mixamorig_Hips/matrix"/>
    </animation>
    <animation id="mixamorig_Spine-anim" name="mixamorig_Spine">
      <source id="mixamorig_Spine-Matrix-animation-input">
        <float_array id="mixamorig_Spine-Matrix-animation-input-array" count="22">

0.000000 0.033333 0.066667 0.100000 0.133333 0.166667 0.200000 0.233333 0.266667 0.300000 0.333333 0.366667 0.400000 0.433333 0.466667 0.500000
0.533333 0.566667 0.600000 0.633333 0.666667 0.700000</float_array>
        <technique_common>
          <accessor source="#mixamorig_Spine-Matrix-animation-input-array" count="22">
            <param name="TIME" type="float"/>
          </accessor>
        </technique_common>
      </source>
      <source id="mixamorig_Spine-Matrix-animation-output-transform">
        <float_array id="mixamorig_Spine-Matrix-animation-output-transform-array" count="352">

0.994714 0.034786 0.096616 0.017300 -0.032005 0.999032 -0.030194 10.574800 -0.097572 0.026942 0.994864 -1.117200 0.000000 0.000000 0.000000 1.000000
0.998134 0.029381 0.053536 0.017300 -0.027517 0.999000 -0.035236 10.574800 -0.054517 0.033697 0.997944 -1.117200 0.000000 0.000000 0.000000 1.000000
0.999925 0.008703 0.008617 0.017300 -0.008477 0.999628 -0.025924 10.574800 -0.008840 0.025849 0.999627 -1.117200 0.000000 0.000000 0.000000 1.000000
0.999799 -0.007886 -0.018413 0.017300 0.007567 0.999821 -0.017338 10.574800 0.018547 0.017195 0.999680 -1.117200 0.000000 0.000000 0.000000 1.000000
0.998864 0.006480 -0.047214 0.017300 -0.006482 0.999979 0.000125 10.574800 0.047214 0.000181 0.998885 -1.117200 0.000000 0.000000 0.000000 1.000000
0.997578 0.023775 -0.065367 0.017300 -0.021690 0.999239 0.032431 10.574800 0.066088 -0.030935 0.997334 -1.117200 0.000000 0.000000 0.000000 1.000000
0.997452 0.031080 -0.064215 0.017300 -0.026740 0.997370 0.067366 10.574800 0.066140 -0.065477 0.995660 -1.117200 0.000000 0.000000 0.000000 1.000000
0.997467 -0.006547 -0.070836 0.017300 0.011154 0.997833 0.064843 10.574800 0.070258 -0.065469 0.995378 -1.117200 0.000000 0.000000 0.000000 1.000000
0.997313 -0.030044 -0.066814 0.017300 0.031873 0.999141 0.026471 10.574800 0.065961 -0.028530 0.997414 -1.117200 0.000000 0.000000 0.000000 1.000000
0.998040 -0.031463 -0.054096 0.017300 0.031057 0.999483 -0.008325 10.574800 0.054330 0.006629 0.998501 -1.117200 0.000000 0.000000 0.000000 1.000000
0.999449 -0.018575 -0.027499 0.017300 0.017492 0.999081 -0.039128 10.574800 0.028200 0.038625 0.998856 -1.117200 0.000000 0.000000 0.000000 1.000000
0.999706 -0.006462 0.023376 0.017300 0.007801 0.998305 -0.057669 10.574800 -0.022964 0.057835 0.998062 -1.117200 0.000000 0.000000 0.000000 1.000000
0.996935 0.003490 0.078153 0.017300 0.000587 0.998643 -0.052078 10.574800 -0.078229 0.051964 0.995580 -1.117200 0.000000 0.000000 0.000000 1.000000
0.989826 0.007738 0.142074 0.017300 -0.005025 0.999798 -0.019448 10.574800 -0.142195 0.018537 0.989665 -1.117200 0.000000 0.000000 0.000000 1.000000
0.982000 0.029795 0.186514 0.017300 -0.031888 0.999458 0.008235 10.574800 -0.186168 -0.014034 0.982418 -1.117200 0.000000 0.000000 0.000000 1.000000
0.978674 0.051886 0.198761 0.017300 -0.056568 0.998237 0.017947 10.574800 -0.197479 -0.028808 0.979884 -1.117200 0.000000 0.000000 0.000000 1.000000
0.977933 0.068690 0.197304 0.017300 -0.073955 0.997072 0.019436 10.574800 -0.195391 -0.033599 0.980150 -1.117200 0.000000 0.000000 0.000000 1.000000
0.978129 0.083944 0.190309 0.017300 -0.088793 0.995904 0.017081 10.574800 -0.188095 -0.033606 0.981576 -1.117200 0.000000 0.000000 0.000000 1.000000
0.980044 0.097637 0.173148 0.017300 -0.100011 0.994974 0.005019 10.574800 -0.171788 -0.022235 0.984883 -1.117200 0.000000 0.000000 0.000000 1.000000
0.984715 0.087851 0.150392 0.017300 -0.088019 0.996103 -0.005551 10.574800 -0.150294 -0.007771 0.988611 -1.117200 0.000000 0.000000 0.000000 1.000000
0.990698 0.063805 0.120195 0.017300 -0.062504 0.997938 -0.014570 10.574800 -0.120877 0.006922 0.992643 -1.117200 0.000000 0.000000 0.000000 1.000000
0.994714 0.034786 0.096616 0.017300 -0.032004 0.999032 -0.030194 10.574800 -0.097572 0.026943 0.994864 -1.117200 0.000000 0.000000 0.000000 1.000000</float_array>
        <technique_common>
          <accessor source="#mixamorig_Spine-Matrix-animation-output-transform-array" count="22" stride="16">
            <param type="float4x4"/>
          </accessor>
        </technique_common>
      </source>
      <source id="mixamorig_Spine-Interpolations">
        <Name_array id="mixamorig_Spine-Interpolations-array" count="22">
 LINEAR LINEAR LINEAR LINEAR LINEAR LINEAR LINEAR LINEAR LINEAR LINEAR LINEAR
LINEAR LINEAR LINEAR LINEAR LINEAR LINEAR LINEAR LINEAR LINEAR LINEAR LINEAR</Name_array>
        <technique_common>
          <accessor source="#mixamorig_Spine-Interpolations-array" count="22">
            <param type="name"/>
          </accessor>
        </technique_common>
      </source>
      <sampler id="mixamorig_Spine-Matrix-animation-transform">
        <input semantic="INPUT" source="#mixamorig_Spine-Matrix-animation-input"/>
        <input semantic="OUTPUT" source="#mixamorig_Spine-Matrix-animation-output-transform"/>
        <input semantic="INTERPOLATION" source="#mixamorig_Spine-Interpolations"/>
      </sampler>
      <channel source="#mixamorig_Spine-Matrix-animation-transform" target="mixamorig_Spine/matrix"/>
    </animation>
    <animation id="mixamorig_Spine1-anim" name="mixamorig_Spine1">
      <source id="mixamorig_Spine1-Matrix-animation-input">
        <float_array id="mixamorig_Spine1-Matrix-animation-input-array" count="22">

0.000000 0.033333 0.066667 0.100000 0.133333 0.166667 0.200000 0.233333 0.266667 0.300000 0.333333 0.366667 0.400000 0.433333 0.466667 0.500000
0.533333 0.566667 0.600000 0.633333 0.666667 0.700000</float_array>
        <technique_common>
          <accessor source="#mixamorig_Spine1-Matrix-animation-input-array" count="22">
            <param name="TIME" type="float"/>
          </accessor>
        </technique_common>
      </source>
      <source id="mixamorig_Spine1-Matrix-animation-output-transform">
        <float_array id="mixamorig_Spine1-Matrix-animation-output-transform-array" count="352">

0.998973 0.006121 0.044898 -0.000000 -0.005011 0.999680 -0.024804 12.406000 -0.045035 0.024553 0.998684 0.000000 0.000000 0.000000 0.000000 1.000000
0.999669 0.004959 0.025236 0.000000 -0.004158 0.999489 -0.031699 12.406000 -0.025380 0.031584 0.999179 -0.000000 0.000000 0.000000 0.000000 1.000000
0.999895 0.013757 0.004628 0.000000 -0.013597 0.999365 -0.032932 12.406000 -0.005078 0.032865 0.999447 0.000000 0.000000 0.000000 0.000000 1.000000
0.999751 0.020872 -0.007849 0.000000 -0.021087 0.999376 -0.028337 12.406000 0.007253 0.028495 0.999568 0.000000 0.000000 0.000000 0.000000 1.000000
0.999682 0.013899 -0.021031 0.000000 -0.014366 0.999650 -0.022207 12.406000 0.020715 0.022502 0.999532 0.000000 0.000000 0.000000 0.000000 1.000000
0.999565 -0.000126 -0.029497 -0.000000 -0.000269 0.999910 -0.013399 12.406000 0.029496 0.013401 0.999475 0.000000 0.000000 0.000000 0.000000 1.000000
0.999500 -0.012489 -0.029047 0.000000 0.012345 0.999911 -0.005099 12.406000 0.029108 0.004738 0.999565 0.000000 0.000000 0.000000 0.000000 1.000000
0.999450 -0.004918 -0.032795 0.000000 0.004945 0.999987 0.000749 12.406000 0.032791 -0.000911 0.999462 0.000000 0.000000 0.000000 0.000000 1.000000
0.999469 -0.007764 -0.031640 0.000000 0.007508 0.999938 -0.008193 12.406000 0.031702 0.007951 0.999466 -0.000000 0.000000 0.000000 0.000000 1.000000
0.999581 -0.012165 -0.026271 0.000000 0.011705 0.999777 -0.017559 12.406000 0.026479 0.017244 0.999501 0.000000 0.000000 0.000000 0.000000 1.000000
0.999800 -0.013876 -0.014380 0.000000 0.013534 0.999630 -0.023591 12.406000 0.014702 0.023392 0.999618 -0.000000 0.000000 0.000000 0.000000 1.000000
0.999912 -0.009775 0.008914 0.000000 0.010046 0.999470 -0.030958 12.406000 -0.008606 0.031045 0.999481 0.000000 0.000000 0.000000 0.000000 1.000000
0.999403 -0.006292 0.033963 0.000000 0.007404 0.999437 -0.032727 12.406000 -0.033738 0.032958 0.998887 0.000000 0.000000 0.000000 0.000000 1.000000
0.997842 -0.020668 0.062329 0.000000 0.022552 0.999305 -0.029671 12.406000 -0.061673 0.031013 0.997614 0.000000 0.000000 0.000000 0.000000 1.000000
0.995892 -0.036689 0.082783 -0.000000 0.039190 0.998817 -0.028789 12.406000 -0.081628 0.031915 0.996152 0.000000 0.000000 0.000000 0.000000 1.000000
0.995050 -0.044266 0.088972 0.000000 0.047155 0.998418 -0.030633 12.406000 -0.087476 0.034677 0.995563 0.000000 0.000000 0.000000 0.000000 1.000000
0.995000 -0.045534 0.088887 0.000000 0.048538 0.998311 -0.031931 12.406000 -0.087283 0.036086 0.995530 0.000000 0.000000 0.000000 0.000000 1.000000
0.995378 -0.042006 0.086362 -0.000000 0.045010 0.998437 -0.033133 12.406000 -0.084836 0.036867 0.995713 0.000000 0.000000 0.000000 0.000000 1.000000
0.996421 -0.029517 0.079202 0.000000 0.032305 0.998895 -0.034143 12.406000 -0.078107 0.036580 0.996274 0.000000 0.000000 0.000000 0.000000 1.000000
0.997474 -0.016214 0.069150 0.000000 0.018548 0.999275 -0.033244 12.406000 -0.068561 0.034443 0.997052 0.000000 0.000000 0.000000 0.000000 1.000000
0.998448 -0.001189 0.055687 -0.000000 0.002852 0.999552 -0.029785 12.406000 -0.055627 0.029898 0.998004 0.000000 0.000000 0.000000 0.000000 1.000000
0.998973 0.006121 0.044897 0.000000 -0.005011 0.999680 -0.024804 12.406000 -0.045035 0.024553 0.998684 -0.000000 0.000000 0.000000 0.000000 1.000000</float_array>
        <technique_common>
          <accessor source="#mixamorig_Spine1-Matrix-animation-output-transform-array" count="22" stride="16">
            <param type="float4x4"/>
          </accessor>
        </technique_common>
      </source>
      <source id="mixamorig_Spine1-Interpolations">
        <Name_array id="mixamorig_Spine1-Interpolations-array" count="22">
 LINEAR LINEAR LINEAR LINEAR LINEAR LINEAR LINEAR LINEAR LINEAR LINEAR LINEAR
LINEAR LINEAR LINEAR LINEAR LINEAR LINEAR LINEAR LINEAR LINEAR LINEAR LINEAR</Name_array>
        <technique_common>
          <accessor source="#mixamorig_Spine1-Interpolations-array" count="22">
            <param type="name"/>
          </accessor>
        </technique_common>
      </source>
      <sampler id="mixamorig_Spine1-Matrix-animation-transform">
        <input semantic="INPUT" source="#mixamorig_Spine1-Matrix-animation-input"/>
        <input semantic="OUTPUT" source="#mixamorig_Spine1-Matrix-animation-output-transform"/>
        <input semantic="INTERPOLATION" source="#mixamorig_Spine1-Interpolations"/>
      </sampler>
      <channel source="#mixamorig_Spine1-Matrix-animation-transform" target="mixamorig_Spine1/matrix"/>
    </animation>
    <animation id="mixamorig_Spine2-anim" name="mixamorig_Spine2">
      <source id="mixamorig_Spine2-Matrix-animation-input">
        <float_array id="mixamorig_Spine2-Matrix-animation-input-array" count="22">

0.000000 0.033333 0.066667 0.100000 0.133333 0.166667 0.200000 0.233333 0.266667 0.300000 0.333333 0.366667 0.400000 0.433333 0.466667 0.500000
0.533333 0.566667 0.600000 0.633333 0.666667 0.700000</float_array>
        <technique_common>
          <accessor source="#mixamorig_Spine2-Matrix-animation-input-array" count="22">
            <param name="TIME" type="float"/>
          </accessor>
        </technique_common>
      </source>
      <source id="mixamorig_Spine2-Matrix-animation-output-transform">
        <float_array id="mixamorig_Spine2-Matrix-animation-output-transform-array" count="352">

0.998063 0.054340 0.030285 0.000000 -0.050008 0.990382 -0.129004 14.178300 -0.037004 0.127239 0.991182 0.000000 0.000000 0.000000 0.000000 1.000000
0.998644 0.050910 0.010898 0.000000 -0.048961 0.989503 -0.135967 14.178300 -0.017706 0.135249 0.990653 0.000000 0.000000 0.000000 0.000000 1.000000
0.998303 0.057236 -0.010742 0.000000 -0.058170 0.988838 -0.137171 14.178300 0.002771 0.137563 0.990489 -0.000000 0.000000 0.000000 0.000000 1.000000
0.997734 0.062841 -0.024047 -0.000000 -0.065482 0.989040 -0.132330 14.178300 0.015468 0.133605 0.990914 -0.000000 0.000000 0.000000 0.000000 1.000000
0.997860 0.054445 -0.036220 0.000000 -0.058612 0.990268 -0.126230 14.178300 0.028995 0.128083 0.991340 -0.000000 0.000000 0.000000 0.000000 1.000000
0.998289 0.039658 -0.042979 0.000000 -0.044485 0.992030 -0.117891 14.178300 0.037961 0.119601 0.992096 0.000000 0.000000 0.000000 0.000000 1.000000
0.998771 0.027538 -0.041210 0.000000 -0.031931 0.993415 -0.110034 14.178300 0.037908 0.111215 0.993073 0.000000 0.000000 0.000000 0.000000 1.000000
0.998356 0.034535 -0.045753 -0.000000 -0.039133 0.993834 -0.103746 14.178300 0.041888 0.105366 0.993551 0.000000 0.000000 0.000000 0.000000 1.000000
0.998514 0.031703 -0.044334 0.000000 -0.036525 0.992972 -0.112568 14.178300 0.040454 0.114020 0.992654 0.000000 0.000000 0.000000 0.000000 1.000000
0.998867 0.027908 -0.038544 0.000000 -0.032425 0.991999 -0.122010 14.178300 0.034831 0.123122 0.991780 0.000000 0.000000 0.000000 0.000000 1.000000
0.999269 0.027565 -0.026501 0.000000 -0.030743 0.991283 -0.128113 14.178300 0.022739 0.128834 0.991405 -0.000000 0.000000 0.000000 0.000000 1.000000
0.999400 0.034428 -0.003839 0.000000 -0.034631 0.990181 -0.135432 14.178300 -0.000861 0.135483 0.990779 0.000000 0.000000 0.000000 0.000000 1.000000
0.998954 0.040787 0.020687 0.000000 -0.037574 0.989836 -0.137157 14.178300 -0.026071 0.136236 0.990333 0.000000 0.000000 0.000000 0.000000 1.000000
0.998296 0.029206 0.050521 0.000000 -0.022220 0.990774 -0.133693 14.178300 -0.053960 0.132343 0.989734 -0.000000 0.000000 0.000000 0.000000 1.000000
0.997242 0.014891 0.072703 0.000000 -0.005191 0.991259 -0.131827 14.178300 -0.074030 0.131086 0.988603 0.000000 0.000000 0.000000 0.000000 1.000000
0.996780 0.007698 0.079809 0.000000 0.002987 0.991126 -0.132895 14.178300 -0.080124 0.132705 0.987912 0.000000 0.000000 0.000000 0.000000 1.000000
0.996777 0.006354 0.079974 0.000000 0.004419 0.990997 -0.133811 14.178300 -0.080104 0.133734 0.987775 0.000000 0.000000 0.000000 0.000000 1.000000
0.996970 0.009652 0.077187 0.000000 0.000850 0.990861 -0.134882 14.178300 -0.077783 0.134539 0.987851 0.000000 0.000000 0.000000 0.000000 1.000000
0.997391 0.021657 0.068865 0.000000 -0.012104 0.990604 -0.136225 14.178300 -0.071168 0.135036 0.988281 0.000000 0.000000 0.000000 0.000000 1.000000
0.997772 0.034161 0.057305 -0.000000 -0.026090 0.990352 -0.136096 14.178300 -0.061401 0.134298 0.989037 0.000000 0.000000 0.000000 0.000000 1.000000
0.997964 0.047948 0.042058 0.000000 -0.041950 0.990169 -0.133440 14.178300 -0.048043 0.131404 0.990164 0.000000 0.000000 0.000000 0.000000 1.000000
0.998063 0.054340 0.030285 0.000000 -0.050008 0.990382 -0.129004 14.178300 -0.037004 0.127239 0.991182 0.000000 0.000000 0.000000 0.000000 1.000000</float_array>
        <technique_common>
          <accessor source="#mixamorig_Spine2-Matrix-animation-output-transform-array" count="22" stride="16">
            <param type="float4x4"/>
          </accessor>
        </technique_common>
      </source>
      <source id="mixamorig_Spine2-Interpolations">
        <Name_array id="mixamorig_Spine2-Interpolations-array" count="22">
 LINEAR LINEAR LINEAR LINEAR LINEAR LINEAR LINEAR LINEAR LINEAR LINEAR LINEAR
LINEAR LINEAR LINEAR LINEAR LINEAR LINEAR LINEAR LINEAR LINEAR LINEAR LINEAR</Name_array>
        <technique_common>
          <accessor source="#mixamorig_Spine2-Interpolations-array" count="22">
            <param type="name"/>
          </accessor>
        </technique_common>
      </source>
      <sampler id="mixamorig_Spine2-Matrix-animation-transform">
        <input semantic="INPUT" source="#mixamorig_Spine2-Matrix-animation-input"/>
        <input semantic="OUTPUT" source="#mixamorig_Spine2-Matrix-animation-output-transform"/>
        <input semantic="INTERPOLATION" source="#mixamorig_Spine2-Interpolations"/>
      </sampler>
      <channel source="#mixamorig_Spine2-Matrix-animation-transform" target="mixamorig_Spine2/matrix"/>
    </animation>
    <animation id="mixamorig_Neck-anim" name="mixamorig_Neck">
      <source id="mixamorig_Neck-Matrix-animation-input">
        <float_array id="mixamorig_Neck-Matrix-animation-input-array" count="22">

0.000000 0.033333 0.066667 0.100000 0.133333 0.166667 0.200000 0.233333 0.266667 0.300000 0.333333 0.366667 0.400000 0.433333 0.466667 0.500000
0.533333 0.566667 0.600000 0.633333 0.666667 0.700000</float_array>
        <technique_common>
          <accessor source="#mixamorig_Neck-Matrix-animation-input-array" count="22">
            <param name="TIME" type="float"/>
          </accessor>
        </technique_common>
      </source>
      <source id="mixamorig_Neck-Matrix-animation-output-transform">
        <float_array id="mixamorig_Neck-Matrix-animation-output-transform-array" count="352">

0.999702 0.023431 0.006920 0.024400 -0.023589 0.999439 0.023764 15.862300 -0.006360 -0.023920 0.999694 -1.675800 0.000000 0.000000 0.000000 1.000000
0.999776 0.018915 0.009490 0.024400 -0.019164 0.999456 0.026859 15.862300 -0.008977 -0.027035 0.999594 -1.675800 0.000000 0.000000 0.000000 1.000000
0.999816 0.015051 0.011933 0.024400 -0.015372 0.999510 0.027264 15.862300 -0.011517 -0.027443 0.999557 -1.675800 0.000000 0.000000 0.000000 1.000000
0.999798 0.012751 0.015565 0.024400 -0.013117 0.999634 0.023677 15.862300 -0.015257 -0.023877 0.999598 -1.675800 0.000000 0.000000 0.000000 1.000000
0.999718 0.012241 0.020372 0.024400 -0.012670 0.999698 0.021061 15.862300 -0.020108 -0.021314 0.999571 -1.675800 0.000000 0.000000 0.000000 1.000000
0.999627 0.012483 0.024286 0.024400 -0.012926 0.999752 0.018146 15.862300 -0.024053 -0.018453 0.999540 -1.675800 0.000000 0.000000 0.000000 1.000000
0.999586 0.010373 0.026844 0.024400 -0.010917 0.999736 0.020215 15.862300 -0.026627 -0.020499 0.999435 -1.675800 0.000000 0.000000 0.000000 1.000000
0.999558 0.009485 0.028163 0.024400 -0.010182 0.999643 0.024708 15.862300 -0.027918 -0.024984 0.999298 -1.675800 0.000000 0.000000 0.000000 1.000000
0.999571 0.008632 0.027977 0.024400 -0.009363 0.999616 0.026095 15.862300 -0.027741 -0.026346 0.999268 -1.675800 0.000000 0.000000 0.000000 1.000000
0.999623 0.007607 0.026367 0.024400 -0.008224 0.999693 0.023358 15.862300 -0.026181 -0.023566 0.999379 -1.675800 0.000000 0.000000 0.000000 1.000000
0.999683 0.008781 0.023605 0.024400 -0.009264 0.999748 0.020455 15.862300 -0.023420 -0.020667 0.999512 -1.675800 0.000000 0.000000 0.000000 1.000000
0.999738 0.008361 0.021293 0.024400 -0.008801 0.999748 0.020675 15.862300 -0.021115 -0.020857 0.999559 -1.675800 0.000000 0.000000 0.000000 1.000000
0.999811 0.005073 0.018781 0.024400 -0.005505 0.999720 0.023012 15.862300 -0.018659 -0.023111 0.999559 -1.675800 0.000000 0.000000 0.000000 1.000000
0.999862 0.005259 0.015778 0.024400 -0.005562 0.999800 0.019199 15.862300 -0.015674 -0.019285 0.999691 -1.675800 0.000000 0.000000 0.000000 1.000000
0.999874 0.009490 0.012697 0.024400 -0.009708 0.999804 0.017248 15.862300 -0.012531 -0.017369 0.999771 -1.675800 0.000000 0.000000 0.000000 1.000000
0.999867 0.013186 0.009594 0.024400 -0.013359 0.999745 0.018210 15.862300 -0.009351 -0.018336 0.999788 -1.675800 0.000000 0.000000 0.000000 1.000000
0.999836 0.016816 0.006712 0.024400 -0.016946 0.999661 0.019773 15.862300 -0.006377 -0.019884 0.999782 -1.675800 0.000000 0.000000 0.000000 1.000000
0.999769 0.021062 0.004339 0.024400 -0.021151 0.999546 0.021437 15.862300 -0.003885 -0.021523 0.999761 -1.675800 0.000000 0.000000 0.000000 1.000000
0.999636 0.026802 0.003165 0.024400 -0.026868 0.999366 0.023378 15.862300 -0.002536 -0.023454 0.999722 -1.675800 0.000000 0.000000 0.000000 1.000000
0.999573 0.029024 0.003401 0.024400 -0.029098 0.999285 0.024121 15.862300 -0.002698 -0.024209 0.999703 -1.675800 0.000000 0.000000 0.000000 1.000000
0.999655 0.025936 0.004262 0.024400 -0.026026 0.999404 0.022692 15.862300 -0.003671 -0.022796 0.999733 -1.675800 0.000000 0.000000 0.000000 1.000000
0.999702 0.023431 0.006920 0.024400 -0.023589 0.999439 0.023764 15.862300 -0.006360 -0.023920 0.999694 -1.675800 0.000000 0.000000 0.000000 1.000000</float_array>
        <technique_common>
          <accessor source="#mixamorig_Neck-Matrix-animation-output-transform-array" count="22" stride="16">
            <param type="float4x4"/>
          </accessor>
        </technique_common>
      </source>
      <source id="mixamorig_Neck-Interpolations">
        <Name_array id="mixamorig_Neck-Interpolations-array" count="22">
 LINEAR LINEAR LINEAR LINEAR LINEAR LINEAR LINEAR LINEAR LINEAR LINEAR LINEAR
LINEAR LINEAR LINEAR LINEAR LINEAR LINEAR LINEAR LINEAR LINEAR LINEAR LINEAR</Name_array>
        <technique_common>
          <accessor source="#mixamorig_Neck-Interpolations-array" count="22">
            <param type="name"/>
          </accessor>
        </technique_common>
      </source>
      <sampler id="mixamorig_Neck-Matrix-animation-transform">
        <input semantic="INPUT" source="#mixamorig_Neck-Matrix-animation-input"/>
        <input semantic="OUTPUT" source="#mixamorig_Neck-Matrix-animation-output-transform"/>
        <input semantic="INTERPOLATION" source="#mixamorig_Neck-Interpolations"/>
      </sampler>
      <channel source="#mixamorig_Neck-Matrix-animation-transform" target="mixamorig_Neck/matrix"/>
    </animation>
    <animation id="mixamorig_Head-anim" name="mixamorig_Head">
      <source id="mixamorig_Head-Matrix-animation-input">
        <float_array id="mixamorig_Head-Matrix-animation-input-array" count="22">

0.000000 0.033333 0.066667 0.100000 0.133333 0.166667 0.200000 0.233333 0.266667 0.300000 0.333333 0.366667 0.400000 0.433333 0.466667 0.500000
0.533333 0.566667 0.600000 0.633333 0.666667 0.700000</float_array>
        <technique_common>
          <accessor source="#mixamorig_Head-Matrix-animation-input-array" count="22">
            <param name="TIME" type="float"/>
          </accessor>
        </technique_common>
      </source>
      <source id="mixamorig_Head-Matrix-animation-output-transform">
        <float_array id="mixamorig_Head-Matrix-animation-output-transform-array" count="352">

0.999482 0.012637 0.029607 -0.000000 -0.019617 0.968320 0.248942 5.564000 -0.025523 -0.249394 0.968066 0.988100 0.000000 0.000000 0.000000 1.000000
0.997169 -0.000180 0.075187 -0.000000 -0.020118 0.962899 0.269113 5.564000 -0.072446 -0.269863 0.960169 0.988100 0.000000 0.000000 0.000000 1.000000
0.993249 -0.020808 0.114125 -0.000000 -0.012148 0.959717 0.280705 5.564000 -0.115368 -0.280197 0.952985 0.988100 0.000000 0.000000 0.000000 1.000000
0.985347 -0.026461 0.168495 0.000000 -0.021381 0.960937 0.275940 5.564000 -0.169215 -0.275499 0.946291 0.988100 0.000000 0.000000 0.000000 1.000000
0.971685 -0.022453 0.235212 0.000000 -0.039591 0.965929 0.255762 5.564000 -0.232941 -0.257833 0.937689 0.988100 0.000000 0.000000 0.000000 1.000000
0.958021 -0.014362 0.286338 0.000000 -0.048464 0.976259 0.211114 5.564000 -0.282572 -0.216128 0.934581 0.988100 0.000000 0.000000 0.000000 1.000000
0.945334 -0.003458 0.326086 0.000000 -0.059071 0.981586 0.181660 5.564000 -0.320710 -0.190992 0.927722 0.988100 0.000000 0.000000 0.000000 1.000000
0.938409 -0.008524 0.345422 0.000000 -0.069551 0.974574 0.212998 5.564000 -0.338455 -0.223903 0.913956 0.988100 0.000000 0.000000 0.000000 1.000000
0.938206 -0.017096 0.345655 0.000000 -0.074239 0.965586 0.249263 5.564000 -0.338021 -0.259522 0.904649 0.988100 0.000000 0.000000 0.000000 1.000000
0.944324 -0.017788 0.328536 0.000000 -0.070537 0.964375 0.254961 5.564000 -0.321367 -0.263940 0.909428 0.988100 0.000000 0.000000 0.000000 1.000000
0.957216 -0.021887 0.288545 0.000000 -0.055337 0.964888 0.256766 5.564000 -0.284034 -0.261748 0.922395 0.988100 0.000000 0.000000 0.000000 1.000000
0.966680 -0.045790 0.251860 -0.000000 -0.024258 0.963058 0.268199 5.564000 -0.254837 -0.265372 0.929858 0.988100 0.000000 0.000000 0.000000 1.000000
0.973067 -0.060881 0.222338 -0.000000 -0.000207 0.964263 0.264945 5.564000 -0.230522 -0.257855 0.938280 0.988100 0.000000 0.000000 0.000000 1.000000
0.981536 -0.045597 0.185764 0.000000 0.000576 0.971873 0.235506 5.564000 -0.191277 -0.231050 0.953954 0.988100 0.000000 0.000000 0.000000 1.000000
0.990332 -0.038146 0.133371 0.000000 0.008886 0.976917 0.213432 5.564000 -0.138434 -0.210184 0.967811 0.988100 0.000000 0.000000 0.000000 1.000000
0.996108 -0.036834 0.080080 0.000000 0.019487 0.978048 0.207466 5.564000 -0.085964 -0.205098 0.974959 0.988100 0.000000 0.000000 0.000000 1.000000
0.998909 -0.035914 0.029853 0.000000 0.028911 0.977564 0.208646 5.564000 -0.036676 -0.207555 0.977535 0.988100 0.000000 0.000000 0.000000 1.000000
0.999248 -0.035615 -0.015334 0.000000 0.038076 0.976015 0.214347 5.564000 0.007332 -0.214769 0.976637 0.988100 0.000000 0.000000 0.000000 1.000000
0.998285 -0.033802 -0.047798 0.000000 0.043802 0.972963 0.226771 5.564000 0.038840 -0.228476 0.972774 0.988100 0.000000 0.000000 0.000000 1.000000
0.999126 0.000639 -0.041788 0.000000 0.008710 0.974743 0.223162 5.564000 0.040875 -0.223331 0.973885 0.988100 0.000000 0.000000 0.000000 1.000000
0.999754 0.016426 -0.014927 -0.000000 -0.012573 0.973336 0.229041 5.564000 0.018291 -0.228797 0.973302 0.988100 0.000000 0.000000 0.000000 1.000000
0.999482 0.012637 0.029607 -0.000000 -0.019617 0.968320 0.248942 5.564000 -0.025523 -0.249394 0.968066 0.988100 0.000000 0.000000 0.000000 1.000000</float_array>
        <technique_common>
          <accessor source="#mixamorig_Head-Matrix-animation-output-transform-array" count="22" stride="16">
            <param type="float4x4"/>
          </accessor>
        </technique_common>
      </source>
      <source id="mixamorig_Head-Interpolations">
        <Name_array id="mixamorig_Head-Interpolations-array" count="22">
 LINEAR LINEAR LINEAR LINEAR LINEAR LINEAR LINEAR LINEAR LINEAR LINEAR LINEAR
LINEAR LINEAR LINEAR LINEAR LINEAR LINEAR LINEAR LINEAR LINEAR LINEAR LINEAR</Name_array>
        <technique_common>
          <accessor source="#mixamorig_Head-Interpolations-array" count="22">
            <param type="name"/>
          </accessor>
        </technique_common>
      </source>
      <sampler id="mixamorig_Head-Matrix-animation-transform">
        <input semantic="INPUT" source="#mixamorig_Head-Matrix-animation-input"/>
        <input semantic="OUTPUT" source="#mixamorig_Head-Matrix-animation-output-transform"/>
        <input semantic="INTERPOLATION" source="#mixamorig_Head-Interpolations"/>
      </sampler>
      <channel source="#mixamorig_Head-Matrix-animation-transform" target="mixamorig_Head/matrix"/>
    </animation>
    <animation id="mixamorig_LeftShoulder-anim" name="mixamorig_LeftShoulder">
      <source id="mixamorig_LeftShoulder-Matrix-animation-input">
        <float_array id="mixamorig_LeftShoulder-Matrix-animation-input-array" count="22">

0.000000 0.033333 0.066667 0.100000 0.133333 0.166667 0.200000 0.233333 0.266667 0.300000 0.333333 0.366667 0.400000 0.433333 0.466667 0.500000
0.533333 0.566667 0.600000 0.633333 0.666667 0.700000</float_array>
        <technique_common>
          <accessor source="#mixamorig_LeftShoulder-Matrix-animation-input-array" count="22">
            <param name="TIME" type="float"/>
          </accessor>
        </technique_common>
      </source>
      <source id="mixamorig_LeftShoulder-Matrix-animation-output-transform">
        <float_array id="mixamorig_LeftShoulder-Matrix-animation-output-transform-array" count="352">

-0.151035 0.974920 -0.163462 5.935000 0.070933 -0.154244 -0.985483 13.670200 -0.985980 -0.160437 -0.045858 -1.662600 0.000000 0.000000 0.000000 1.000000
-0.130916 0.978451 -0.159671 5.935000 0.069334 -0.151627 -0.986003 13.670200 -0.988966 -0.140154 -0.047990 -1.662600 0.000000 0.000000 0.000000 1.000000
-0.110334 0.981453 -0.156768 5.935000 0.068020 -0.149905 -0.986358 13.670200 -0.991564 -0.119492 -0.050218 -1.662600 0.000000 0.000000 0.000000 1.000000
-0.090026 0.984175 -0.152624 5.935000 0.066664 -0.146948 -0.986895 13.670200 -0.993706 -0.099021 -0.052380 -1.662600 0.000000 0.000000 0.000000 1.000000
-0.072082 0.986858 -0.144624 5.935000 0.065085 -0.140038 -0.988005 13.670200 -0.995273 -0.080631 -0.054135 -1.662600 0.000000 0.000000 0.000000 1.000000
-0.060262 0.989208 -0.133549 5.935000 0.063606 -0.129715 -0.989509 13.670200 -0.996154 -0.068125 -0.055103 -1.662600 0.000000 0.000000 0.000000 1.000000
-0.058102 0.990458 -0.124971 5.935000 0.062780 -0.121309 -0.990627 13.670200 -0.996335 -0.065403 -0.055133 -1.662600 0.000000 0.000000 0.000000 1.000000
-0.064503 0.990425 -0.122057 5.935000 0.062669 -0.118050 -0.991028 13.670200 -0.995948 -0.071574 -0.054455 -1.662600 0.000000 0.000000 0.000000 1.000000
-0.075884 0.989161 -0.125710 5.935000 0.063264 -0.121043 -0.990629 13.670200 -0.995108 -0.083126 -0.053393 -1.662600 0.000000 0.000000 0.000000 1.000000
-0.090028 0.987178 -0.131816 5.935000 0.064162 -0.126329 -0.989911 13.670200 -0.993870 -0.097578 -0.051966 -1.662600 0.000000 0.000000 0.000000 1.000000
-0.106800 0.984729 -0.137488 5.935000 0.065303 -0.131033 -0.989225 13.670200 -0.992134 -0.114628 -0.050311 -1.662600 0.000000 0.000000 0.000000 1.000000
-0.126476 0.981972 -0.140480 5.935000 0.066469 -0.132910 -0.988897 13.670200 -0.989740 -0.134410 -0.048461 -1.662600 0.000000 0.000000 0.000000 1.000000
-0.152412 0.979057 -0.134975 5.935000 0.066959 -0.126027 -0.989764 13.670200 -0.986046 -0.159890 -0.046348 -1.662600 0.000000 0.000000 0.000000 1.000000
-0.184603 0.975506 -0.119622 5.935000 0.065830 -0.109168 -0.991841 13.670200 -0.980606 -0.190972 -0.044065 -1.662600 0.000000 0.000000 0.000000 1.000000
-0.199462 0.973339 -0.113249 5.935000 0.065157 -0.102141 -0.992634 13.670200 -0.977737 -0.205372 -0.043046 -1.662600 0.000000 0.000000 0.000000 1.000000
-0.204648 0.972542 -0.110820 5.935000 0.064916 -0.099482 -0.992920 13.670200 -0.976681 -0.210393 -0.042775 -1.662600 0.000000 0.000000 0.000000 1.000000
-0.204242 0.972659 -0.110540 5.935000 0.064973 -0.099203 -0.992944 13.670200 -0.976762 -0.209983 -0.042935 -1.662600 0.000000 0.000000 0.000000 1.000000
-0.199305 0.973412 -0.112898 5.935000 0.065411 -0.101737 -0.992659 13.670200 -0.977752 -0.205227 -0.043395 -1.662600 0.000000 0.000000 0.000000 1.000000
-0.190883 0.974452 -0.118348 5.935000 0.066245 -0.107502 -0.991995 13.670200 -0.979375 -0.197195 -0.044032 -1.662600 0.000000 0.000000 0.000000 1.000000
-0.180014 0.975387 -0.127341 5.935000 0.067429 -0.116915 -0.990850 13.670200 -0.981350 -0.186953 -0.044723 -1.662600 0.000000 0.000000 0.000000 1.000000
-0.167733 0.975794 -0.140328 5.935000 0.068882 -0.130396 -0.989066 13.670200 -0.983423 -0.175565 -0.045343 -1.662600 0.000000 0.000000 0.000000 1.000000
-0.151035 0.974920 -0.163461 5.935000 0.070933 -0.154243 -0.985483 13.670200 -0.985980 -0.160437 -0.045858 -1.662600 0.000000 0.000000 0.000000 1.000000</float_array>
        <technique_common>
          <accessor source="#mixamorig_LeftShoulder-Matrix-animation-output-transform-array" count="22" stride="16">
            <param type="float4x4"/>
          </accessor>
        </technique_common>
      </source>
      <source id="mixamorig_LeftShoulder-Interpolations">
        <Name_array id="mixamorig_LeftShoulder-Interpolations-array" count="22">
 LINEAR LINEAR LINEAR LINEAR LINEAR LINEAR LINEAR LINEAR LINEAR LINEAR LINEAR
LINEAR LINEAR LINEAR LINEAR LINEAR LINEAR LINEAR LINEAR LINEAR LINEAR LINEAR</Name_array>
        <technique_common>
          <accessor source="#mixamorig_LeftShoulder-Interpolations-array" count="22">
            <param type="name"/>
          </accessor>
        </technique_common>
      </source>
      <sampler id="mixamorig_LeftShoulder-Matrix-animation-transform">
        <input semantic="INPUT" source="#mixamorig_LeftShoulder-Matrix-animation-input"/>
        <input semantic="OUTPUT" source="#mixamorig_LeftShoulder-Matrix-animation-output-transform"/>
        <input semantic="INTERPOLATION" source="#mixamorig_LeftShoulder-Interpolations"/>
      </sampler>
      <channel source="#mixamorig_LeftShoulder-Matrix-animation-transform" target="mixamorig_LeftShoulder/matrix"/>
    </animation>
    <animation id="mixamorig_LeftArm-anim" name="mixamorig_LeftArm">
      <source id="mixamorig_LeftArm-Matrix-animation-input">
        <float_array id="mixamorig_LeftArm-Matrix-animation-input-array" count="22">

0.000000 0.033333 0.066667 0.100000 0.133333 0.166667 0.200000 0.233333 0.266667 0.300000 0.333333 0.366667 0.400000 0.433333 0.466667 0.500000
0.533333 0.566667 0.600000 0.633333 0.666667 0.700000</float_array>
        <technique_common>
          <accessor source="#mixamorig_LeftArm-Matrix-animation-input-array" count="22">
            <param name="TIME" type="float"/>
          </accessor>
        </technique_common>
      </source>
      <source id="mixamorig_LeftArm-Matrix-animation-output-transform">
        <float_array id="mixamorig_LeftArm-Matrix-animation-output-transform-array" count="352">

0.784622 -0.274808 0.555742 0.000000 0.568708 0.675954 -0.468676 12.607900 -0.246860 0.683788 0.686654 0.000000 0.000000 0.000000 0.000000 1.000000
0.758507 -0.278980 0.588929 -0.000000 0.596752 0.660461 -0.455718 12.607900 -0.261828 0.697110 0.667446 0.000000 0.000000 0.000000 0.000000 1.000000
0.717257 -0.292736 0.632335 0.000000 0.643831 0.625492 -0.440729 12.607900 -0.266503 0.723233 0.637111 0.000000 0.000000 0.000000 0.000000 1.000000
0.662710 -0.324018 0.675150 0.000000 0.706294 0.570107 -0.419675 12.607900 -0.248926 0.754977 0.606667 -0.000000 0.000000 0.000000 0.000000 1.000000
0.610978 -0.356974 0.706594 0.000000 0.758498 0.519553 -0.393378 12.607900 -0.226687 0.776295 0.588200 0.000000 0.000000 0.000000 0.000000 1.000000
0.561480 -0.372609 0.738852 0.000000 0.796656 0.484875 -0.360881 12.607900 -0.223784 0.791239 0.569089 -0.000000 0.000000 0.000000 0.000000 1.000000
0.529162 -0.368695 0.764233 0.000000 0.809770 0.488503 -0.325020 12.607900 -0.253496 0.790841 0.557055 -0.000000 0.000000 0.000000 0.000000 1.000000
0.532495 -0.349137 0.771072 -0.000000 0.793418 0.523216 -0.311018 12.607900 -0.294850 0.777398 0.555622 0.000000 0.000000 0.000000 0.000000 1.000000
0.592935 -0.302370 0.746325 0.000000 0.742518 0.563946 -0.361430 12.607900 -0.311601 0.768464 0.558899 0.000000 0.000000 0.000000 0.000000 1.000000
