<?xml version="1.0" encoding="utf-8"?>
<COLLADA xmlns="http://www.collada.org/2005/11/COLLADASchema" version="1.4.1">
  <asset>
    <contributor>
      <author>Mixamo</author>
      <authoring_tool>COLLADA Mixamo exporter</authoring_tool>
      <comments/>
    </contributor>
    <created>2023-08-01T21:56:24Z</created>
    <modified>2023-08-01T21:56:24Z</modified>
    <revision/>
    <title/>
    <unit meter="0.010000"/>
    <up_axis>Y_UP</up_axis>
  </asset>
  <library_animations>
    <animation id="mixamorig_Hips-anim" name="mixamorig_Hips">
      <source id="mixamorig_Hips-Matrix-animation-input">
        <float_array id="mixamorig_Hips-Matrix-animation-input-array" count="31">

0.000000 0.033333 0.066667 0.100000 0.133333 0.166667 0.200000 0.233333 0.266667 0.300000 0.333333 0.366667 0.400000 0.433333 0.466667 0.500000
0.533333 0.566667 0.600000 0.633333 0.666667 0.700000 0.733333 0.766667 0.800000 0.833333 0.866667 0.900000 0.933333 0.966667 1.000000</float_array>
        <technique_common>
          <accessor source="#mixamorig_Hips-Matrix-animation-input-array" count="31">
            <param name="TIME" type="float"/>
          </accessor>
        </technique_common>
      </source>
      <source id="mixamorig_Hips-Matrix-animation-output-transform">
        <float_array id="mixamorig_Hips-Matrix-animation-output-transform-array" count="496">

0.950462 -0.057987 0.305385 -0.054460 0.165659 0.925795 -0.339796 79.241852 -0.263020 0.373553 0.889539 0.562118 0.000000 0.000000 0.000000 1.000000
0.971239 0.082188 0.223470 -0.069186 -0.032560 0.975565 -0.217283 89.639954 -0.235868 0.203758 0.950184 0.812995 0.000000 0.000000 0.000000 1.000000
0.968264 0.212717 0.131209 0.392726 -0.201446 0.974974 -0.094047 101.111832 -0.147931 0.064631 0.986884 1.175777 0.000000 0.000000 0.000000 1.000000
0.959383 0.275816 0.059246 0.792320 -0.276972 0.960802 0.012118 113.021751 -0.053581 -0.028035 0.998170 1.389711 0.000000 0.000000 0.000000 1.000000
0.971468 0.236264 0.020722 0.605515 -0.237170 0.967530 0.087382 125.424629 0.000596 -0.089803 0.995959 1.673310 0.000000 0.000000 0.000000 1.000000
0.991778 0.127901 0.004256 -0.096778 -0.127149 0.981093 0.145910 137.786591 0.014486 -0.145252 0.989289 2.030264 0.000000 0.000000 0.000000 1.000000
0.999477 0.031214 -0.008502 -0.853329 -0.028940 0.980127 0.196250 149.242828 0.014459 -0.195901 0.980517 2.243496 0.000000 0.000000 0.000000 1.000000
0.999460 0.003879 -0.032629 -1.312894 0.003505 0.974750 0.223270 159.375305 0.032671 -0.223264 0.974210 2.370492 0.000000 0.000000 0.000000 1.000000
0.996908 0.040722 -0.067200 -1.448391 -0.025391 0.976296 0.214943 167.999573 0.074360 -0.212573 0.974312 2.611144 0.000000 0.000000 0.000000 1.000000
0.990823 0.096932 -0.094197 -1.584944 -0.078564 0.980118 0.182197 174.805481 0.109985 -0.173125 0.978740 2.959573 0.000000 0.000000 0.000000 1.000000
0.986159 0.132492 -0.099683 -1.959924 -0.117027 0.982100 0.147592 179.307251 0.117454 -0.133883 0.984012 3.284120 0.000000 0.000000 0.000000 1.000000
0.987478 0.131212 -0.087586 -2.516608 -0.119530 0.984620 0.127424 180.971054 0.102958 -0.115359 0.987974 3.550843 0.000000 0.000000 0.000000 1.000000
0.993155 0.093080 -0.070561 -3.090291 -0.084093 0.989072 0.121099 179.614624 0.081061 -0.114337 0.990129 3.994014 0.000000 0.000000 0.000000 1.000000
0.998365 0.023779 -0.051977 -3.538878 -0.017724 0.993323 0.113995 173.938507 0.054341 -0.112887 0.992121 4.799291 0.000000 0.000000 0.000000 1.000000
0.997549 -0.065856 -0.023627 -3.885267 0.067838 0.993044 0.096237 164.695602 0.017125 -0.097604 0.995078 5.746004 0.000000 0.000000 0.000000 1.000000
0.988238 -0.151642 0.019762 -4.126929 0.149709 0.985708 0.077242 152.528030 -0.031192 -0.073375 0.996816 6.455657 0.000000 0.000000 0.000000 1.000000
0.975541 -0.208047 0.070971 -4.230062 0.202731 0.976329 0.075381 138.525909 -0.084974 -0.059149 0.994626 7.020870 0.000000 0.000000 0.000000 1.000000
0.969358 -0.217162 0.114832 -4.212865 0.206852 0.973721 0.095285 124.227608 -0.132506 -0.068612 0.988805 7.315839 0.000000 0.000000 0.000000 1.000000
0.974733 -0.176160 0.137341 -4.046184 0.159902 0.979610 0.121641 110.739143 -0.155969 -0.096607 0.983026 7.280327 0.000000 0.000000 0.000000 1.000000
0.985910 -0.100676 0.133585 -3.692584 0.082708 0.987545 0.133843 100.010780 -0.145396 -0.120909 0.981958 7.013787 0.000000 0.000000 0.000000 1.000000
0.993116 -0.028340 0.113654 -3.124172 0.014882 0.992954 0.117562 90.318626 -0.116185 -0.115062 0.986540 6.576270 0.000000 0.000000 0.000000 1.000000
0.994963 0.011294 0.099604 -2.263681 -0.017622 0.997865 0.062887 82.896370 -0.098681 -0.064325 0.993038 6.039165 0.000000 0.000000 0.000000 1.000000
0.992810 -0.006637 0.119515 -1.301542 0.010406 0.999467 -0.030939 79.264809 -0.119246 0.031960 0.992350 5.417634 0.000000 0.000000 0.000000 1.000000
0.981293 -0.070121 0.179299 -0.634601 0.095994 0.985493 -0.139962 79.236694 -0.166883 0.154556 0.973788 5.426108 0.000000 0.000000 0.000000 1.000000
0.953767 -0.141542 0.265131 -0.599393 0.204317 0.952317 -0.226597 81.203262 -0.220416 0.270291 0.937208 5.822055 0.000000 0.000000 0.000000 1.000000
0.917416 -0.178522 0.355636 -0.991207 0.285113 0.918347 -0.274499 82.165421 -0.277593 0.353227 0.893405 6.061355 0.000000 0.000000 0.000000 1.000000
0.884123 -0.168106 0.435966 -1.321836 0.317005 0.901263 -0.295353 81.506729 -0.343269 0.399332 0.850118 5.858868 0.000000 0.000000 0.000000 1.000000
0.862347 -0.131937 0.488826 -1.329805 0.312358 0.898464 -0.308537 80.468033 -0.398485 0.418755 0.815999 5.012726 0.000000 0.000000 0.000000 1.000000
0.866276 -0.094834 0.490482 -1.011129 0.282328 0.902926 -0.324060 79.771278 -0.412137 0.419202 0.808958 3.726384 0.000000 0.000000 0.000000 1.000000
0.900787 -0.069646 0.428639 -0.525691 0.231346 0.912290 -0.337945 79.426308 -0.367506 0.403580 0.837891 2.208769 0.000000 0.000000 0.000000 1.000000
0.950462 -0.057987 0.305385 -0.054460 0.165659 0.925795 -0.339796 79.241859 -0.263020 0.373553 0.889539 0.562117 0.000000 0.000000 0.000000 1.000000</float_array>
        <technique_common>
          <accessor source="#mixamorig_Hips-Matrix-animation-output-transform-array" count="31" stride="16">
            <param type="float4x4"/>
          </accessor>
        </technique_common>
      </source>
      <source id="mixamorig_Hips-Interpolations">
        <Name_array id="mixamorig_Hips-Interpolations-array" count="31">
 LINEAR LINEAR LINEAR LINEAR LINEAR LINEAR LINEAR LINEAR LINEAR LINEAR LINEAR
LINEAR LINEAR LINEAR LINEAR LINEAR LINEAR LINEAR LINEAR LINEAR LINEAR LINEAR LINEAR
LINEAR LINEAR LINEAR LINEAR LINEAR LINEAR LINEAR LINEAR</Name_array>
        <technique_common>
          <accessor source="#mixamorig_Hips-Interpolations-array" count="31">
            <param type="name"/>
          </accessor>
        </technique_common>
      </source>
      <sampler id="mixamorig_Hips-Matrix-animation-transform">
        <input semantic="INPUT" source="#mixamorig_Hips-Matrix-animation-input"/>
        <input semantic="OUTPUT" source="#mixamorig_Hips-Matrix-animation-output-transform"/>
        <input semantic="INTERPOLATION" source="#mixamorig_Hips-Interpolations"/>
      </sampler>
      <channel source="#mixamorig_Hips-Matrix-animation-transform" target="mixamorig_Hips/matrix"/>
    </animation>
    <animation id="mixamorig_Spine-anim" name="mixamorig_Spine">
      <source id="mixamorig_Spine-Matrix-animation-input">
        <float_array id="mixamorig_Spine-Matrix-animation-input-array" count="31">

0.000000 0.033333 0.066667 0.100000 0.133333 0.166667 0.200000 0.233333 0.266667 0.300000 0.333333 0.366667 0.400000 0.433333 0.466667 0.500000
0.533333 0.566667 0.600000 0.633333 0.666667 0.700000 0.733333 0.766667 0.800000 0.833333 0.866667 0.900000 0.933333 0.966667 1.000000</float_array>
        <technique_common>
          <accessor source="#mixamorig_Spine-Matrix-animation-input-array" count="31">
            <param name="TIME" type="float"/>
          </accessor>
        </technique_common>
      </source>
      <source id="mixamorig_Spine-Matrix-animation-output-transform">
        <float_array id="mixamorig_Spine-Matrix-animation-output-transform-array" count="496">

0.978326 0.040762 -0.203020 0.017300 -0.072133 0.986110 -0.149610 10.574800 0.194102 0.161012 0.967677 -1.117200 0.000000 0.000000 0.000000 1.000000
0.982401 0.003865 -0.186741 0.017300 -0.024106 0.994048 -0.106245 10.574800 0.185219 0.108877 0.976647 -1.117200 0.000000 0.000000 0.000000 1.000000
0.980646 -0.058671 -0.186789 0.017300 0.047649 0.996877 -0.062969 10.574800 0.189900 0.052850 0.980380 -1.117200 0.000000 0.000000 0.000000 1.000000
0.973533 -0.096828 -0.207023 0.017300 0.090357 0.995085 -0.040509 10.574800 0.209928 0.020730 0.977497 -1.117200 0.000000 0.000000 0.000000 1.000000
0.970366 -0.063989 -0.233011 0.017300 0.054558 0.997418 -0.046702 10.574800 0.235398 0.032605 0.971352 -1.117200 0.000000 0.000000 0.000000 1.000000
0.970723 0.021632 -0.239224 0.017300 -0.040329 0.996476 -0.073540 10.574800 0.236791 0.081035 0.968175 -1.117200 0.000000 0.000000 0.000000 1.000000
0.971088 0.089193 -0.221431 0.017300 -0.116667 0.986578 -0.114250 10.574800 0.208269 0.136780 0.968460 -1.117200 0.000000 0.000000 0.000000 1.000000
0.977051 0.085467 -0.195106 0.017300 -0.117582 0.980178 -0.159453 10.574800 0.177611 0.178735 0.967734 -1.117200 0.000000 0.000000 0.000000 1.000000
0.984727 0.020083 -0.172943 0.017300 -0.054706 0.978706 -0.197842 10.574800 0.165288 0.204282 0.964857 -1.117200 0.000000 0.000000 0.000000 1.000000
0.985702 -0.055541 -0.159084 0.017300 0.017798 0.973151 -0.229477 10.574800 0.167558 0.223364 0.960225 -1.117200 0.000000 0.000000 0.000000 1.000000
0.983667 -0.097476 -0.151320 0.017300 0.055862 0.964486 -0.258160 10.574800 0.171110 0.245490 0.954178 -1.117200 0.000000 0.000000 0.000000 1.000000
0.984862 -0.092122 -0.146838 0.017300 0.047923 0.958779 -0.280082 10.574800 0.166587 0.268805 0.948679 -1.117200 0.000000 0.000000 0.000000 1.000000
0.987987 -0.046109 -0.147495 0.017300 0.002097 0.958362 -0.285548 10.574800 0.154520 0.281809 0.946946 -1.117200 0.000000 0.000000 0.000000 1.000000
0.987045 0.024619 -0.158546 0.017300 -0.067121 0.960892 -0.268666 10.574800 0.145731 0.275827 0.950096 -1.117200 0.000000 0.000000 0.000000 1.000000
0.979213 0.100758 -0.176039 0.017300 -0.140249 0.963327 -0.228760 10.574800 0.146534 0.248694 0.957434 -1.117200 0.000000 0.000000 0.000000 1.000000
0.970885 0.159123 -0.179060 0.017300 -0.191088 0.965237 -0.178335 10.574800 0.144458 0.207359 0.967540 -1.117200 0.000000 0.000000 0.000000 1.000000
0.971694 0.183700 -0.148546 0.017300 -0.204519 0.968841 -0.139712 10.574800 0.118252 0.166138 0.978986 -1.117200 0.000000 0.000000 0.000000 1.000000
0.982632 0.165381 -0.084161 0.017300 -0.175208 0.976277 -0.127226 10.574800 0.061124 0.139762 0.988297 -1.117200 0.000000 0.000000 0.000000 1.000000
0.994760 0.102193 -0.002901 0.017300 -0.101610 0.985153 -0.138380 10.574800 -0.011283 0.137950 0.990375 -1.117200 0.000000 0.000000 0.000000 1.000000
0.997264 0.005461 0.073715 0.017300 0.006261 0.987443 -0.157851 10.574800 -0.073652 0.157880 0.984708 -1.117200 0.000000 0.000000 0.000000 1.000000
0.987264 -0.089392 0.131602 0.017300 0.111076 0.979521 -0.167933 10.574800 -0.113896 0.180412 0.976975 -1.117200 0.000000 0.000000 0.000000 1.000000
0.973746 -0.147656 0.173251 0.017300 0.175370 0.971841 -0.157387 10.574800 -0.145133 0.183638 0.972221 -1.117200 0.000000 0.000000 0.000000 1.000000
0.972007 -0.132764 0.193846 0.017300 0.159458 0.978705 -0.129266 10.574800 -0.172556 0.156557 0.972478 -1.117200 0.000000 0.000000 0.000000 1.000000
0.982781 -0.043234 0.179645 0.017300 0.061301 0.993466 -0.096270 10.574800 -0.174309 0.105625 0.979009 -1.117200 0.000000 0.000000 0.000000 1.000000
0.990426 0.081242 0.111611 0.017300 -0.074463 0.995192 -0.063629 10.574800 -0.116244 0.054709 0.991713 -1.117200 0.000000 0.000000 0.000000 1.000000
0.984797 0.173645 -0.004740 0.017300 -0.173709 0.984328 -0.030406 10.574800 -0.000614 0.030767 0.999526 -1.117200 0.000000 0.000000 0.000000 1.000000
0.970956 0.193755 -0.140372 0.017300 -0.197672 0.980163 -0.014387 10.574800 0.134800 0.041717 0.989994 -1.117200 0.000000 0.000000 0.000000 1.000000
0.954846 0.155244 -0.253314 0.017300 -0.169240 0.984978 -0.034293 10.574800 0.244185 0.075616 0.966776 -1.117200 0.000000 0.000000 0.000000 1.000000
0.948031 0.098473 -0.302557 0.017300 -0.126873 0.989031 -0.075644 10.574800 0.291789 0.110099 0.950125 -1.117200 0.000000 0.000000 0.000000 1.000000
0.958387 0.056490 -0.279827 0.017300 -0.092231 0.988929 -0.116245 10.574800 0.270162 0.137216 0.952987 -1.117200 0.000000 0.000000 0.000000 1.000000
0.978326 0.040762 -0.203020 0.017300 -0.072133 0.986110 -0.149610 10.574800 0.194102 0.161012 0.967678 -1.117200 0.000000 0.000000 0.000000 1.000000</float_array>
        <technique_common>
          <accessor source="#mixamorig_Spine-Matrix-animation-output-transform-array" count="31" stride="16">
            <param type="float4x4"/>
          </accessor>
        </technique_common>
      </source>
      <source id="mixamorig_Spine-Interpolations">
        <Name_array id="mixamorig_Spine-Interpolations-array" count="31">
 LINEAR LINEAR LINEAR LINEAR LINEAR LINEAR LINEAR LINEAR LINEAR LINEAR LINEAR
LINEAR LINEAR LINEAR LINEAR LINEAR LINEAR LINEAR LINEAR LINEAR LINEAR LINEAR LINEAR
LINEAR LINEAR LINEAR LINEAR LINEAR LINEAR LINEAR LINEAR</Name_array>
        <technique_common>
          <accessor source="#mixamorig_Spine-Interpolations-array" count="31">
            <param type="name"/>
          </accessor>
        </technique_common>
      </source>
      <sampler id="mixamorig_Spine-Matrix-animation-transform">
        <input semantic="INPUT" source="#mixamorig_Spine-Matrix-animation-input"/>
        <input semantic="OUTPUT" source="#mixamorig_Spine-Matrix-animation-output-transform"/>
        <input semantic="INTERPOLATION" source="#mixamorig_Spine-Interpolations"/>
      </sampler>
      <channel source="#mixamorig_Spine-Matrix-animation-transform" target="mixamorig_Spine/matrix"/>
    </animation>
    <animation id="mixamorig_Spine1-anim" name="mixamorig_Spine1">
      <source id="mixamorig_Spine1-Matrix-animation-input">
        <float_array id="mixamorig_Spine1-Matrix-animation-input-array" count="31">

0.000000 0.033333 0.066667 0.100000 0.133333 0.166667 0.200000 0.233333 0.266667 0.300000 0.333333 0.366667 0.400000 0.433333 0.466667 0.500000
0.533333 0.566667 0.600000 0.633333 0.666667 0.700000 0.733333 0.766667 0.800000 0.833333 0.866667 0.900000 0.933333 0.966667 1.000000</float_array>
        <technique_common>
          <accessor source="#mixamorig_Spine1-Matrix-animation-input-array" count="31">
            <param name="TIME" type="float"/>
          </accessor>
        </technique_common>
      </source>
      <source id="mixamorig_Spine1-Matrix-animation-output-transform">
        <float_array id="mixamorig_Spine1-Matrix-animation-output-transform-array" count="496">

0.998513 0.018036 -0.051454 0.000000 -0.019064 0.999627 -0.019559 12.406000 0.051082 0.020510 0.998484 -0.000000 0.000000 0.000000 0.000000 1.000000
0.999386 -0.016488 -0.030910 0.000000 0.016293 0.999846 -0.006560 12.406000 0.031013 0.006052 0.999501 0.000000 0.000000 0.000000 0.000000 1.000000
0.996809 -0.077957 -0.017164 0.000000 0.078420 0.996521 0.028208 12.406000 0.014905 -0.029464 0.999455 0.000000 0.000000 0.000000 0.000000 1.000000
0.990381 -0.138025 -0.009735 -0.000000 0.138364 0.988437 0.062027 12.406000 0.001061 -0.062777 0.998027 0.000000 0.000000 0.000000 0.000000 1.000000
0.985796 -0.167899 -0.004094 0.000000 0.167769 0.983325 0.070183 12.406000 -0.007758 -0.069873 0.997526 0.000000 0.000000 0.000000 0.000000 1.000000
0.986728 -0.162339 0.003681 0.000000 0.162034 0.985848 0.043007 12.406000 -0.010611 -0.041839 0.999068 0.000000 0.000000 0.000000 0.000000 1.000000
0.990113 -0.139792 0.011577 -0.000000 0.139922 0.990098 -0.011263 12.406000 -0.009888 0.012771 0.999870 0.000000 0.000000 0.000000 0.000000 1.000000
0.992938 -0.117771 0.014268 0.000000 0.118525 0.989959 -0.077022 12.406000 -0.005054 0.078169 0.996927 0.000000 0.000000 0.000000 0.000000 1.000000
0.995114 -0.098236 0.009942 0.000000 0.098650 0.984946 -0.141951 12.406000 0.004153 0.142239 0.989824 0.000000 0.000000 0.000000 0.000000 1.000000
0.997048 -0.076748 0.002339 0.000000 0.075668 0.976941 -0.199651 12.406000 0.013037 0.199239 0.979864 0.000000 0.000000 0.000000 0.000000 1.000000
0.998498 -0.054715 -0.002936 -0.000000 0.052318 0.967932 -0.245703 12.406000 0.016286 0.245181 0.969341 0.000000 0.000000 0.000000 0.000000 1.000000
0.999313 -0.036969 -0.002504 0.000000 0.034871 0.961145 -0.273834 12.406000 0.012530 0.273559 0.961774 0.000000 0.000000 0.000000 0.000000 1.000000
0.999720 -0.023437 0.003241 0.000000 0.023419 0.960761 -0.276388 12.406000 0.003364 0.276387 0.961041 0.000000 0.000000 0.000000 0.000000 1.000000
0.999880 -0.011309 0.010621 0.000000 0.013656 0.966433 -0.256557 12.406000 -0.007363 0.256671 0.966471 0.000000 0.000000 0.000000 0.000000 1.000000
0.999893 0.001040 0.014621 -0.000000 0.002217 0.975272 -0.220995 12.406000 -0.014489 0.221004 0.975165 0.000000 0.000000 0.000000 0.000000 1.000000
0.999850 0.011617 0.012869 -0.000000 -0.009135 0.983906 -0.178455 12.406000 -0.014735 0.178310 0.983864 0.000000 0.000000 0.000000 0.000000 1.000000
0.999821 0.017194 0.007864 0.000000 -0.015887 0.989511 -0.143584 12.406000 -0.010250 0.143434 0.989607 0.000000 0.000000 0.000000 0.000000 1.000000
0.999839 0.017469 0.004142 0.000000 -0.016790 0.991525 -0.128826 12.406000 -0.006358 0.128736 0.991659 -0.000000 0.000000 0.000000 0.000000 1.000000
0.999890 0.014457 0.003373 0.000000 -0.013869 0.990737 -0.135081 12.406000 -0.005295 0.135019 0.990829 0.000000 0.000000 0.000000 0.000000 1.000000
0.999941 0.010264 0.003591 0.000000 -0.009618 0.988905 -0.148240 12.406000 -0.005072 0.148197 0.988945 -0.000000 0.000000 0.000000 0.000000 1.000000
0.999975 0.006337 0.003155 0.000000 -0.005800 0.988960 -0.148069 12.406000 -0.004059 0.148047 0.988972 0.000000 0.000000 0.000000 0.000000 1.000000
0.999989 0.003374 0.003227 0.000000 -0.002947 0.992246 -0.124256 12.406000 -0.003621 0.124245 0.992245 -0.000000 0.000000 0.000000 0.000000 1.000000
0.999984 0.002548 0.005120 0.000000 -0.002137 0.996894 -0.078730 12.406000 -0.005304 0.078718 0.996883 0.000000 0.000000 0.000000 0.000000 1.000000
0.999967 0.005159 0.006256 -0.000000 -0.005020 0.999743 -0.022122 12.406000 -0.006369 0.022090 0.999736 0.000000 0.000000 0.000000 0.000000 1.000000
0.999933 0.011477 0.001738 0.000000 -0.011529 0.999377 0.033349 12.406000 -0.001354 -0.033367 0.999442 0.000000 0.000000 0.000000 0.000000 1.000000
0.999762 0.019355 -0.010049 0.000000 -0.018524 0.996851 0.077102 12.406000 0.011510 -0.076897 0.996973 -0.000000 0.000000 0.000000 0.000000 1.000000
0.999373 0.024631 -0.025418 0.000000 -0.022010 0.994874 0.098702 12.406000 0.027718 -0.098080 0.994792 0.000000 0.000000 0.000000 0.000000 1.000000
0.998948 0.024169 -0.038970 -0.000000 -0.020591 0.995753 0.089735 12.406000 0.040974 -0.088839 0.995203 -0.000000 0.000000 0.000000 0.000000 1.000000
0.998657 0.020948 -0.047393 0.000000 -0.018126 0.998080 0.059218 12.406000 0.048542 -0.058280 0.997119 -0.000000 0.000000 0.000000 0.000000 1.000000
0.998531 0.018359 -0.050969 0.000000 -0.017395 0.999663 0.019294 12.406000 0.051306 -0.018379 0.998514 0.000000 0.000000 0.000000 0.000000 1.000000
0.998513 0.018036 -0.051454 0.000000 -0.019064 0.999627 -0.019559 12.406000 0.051082 0.020510 0.998484 0.000000 0.000000 0.000000 0.000000 1.000000</float_array>
        <technique_common>
          <accessor source="#mixamorig_Spine1-Matrix-animation-output-transform-array" count="31" stride="16">
            <param type="float4x4"/>
          </accessor>
        </technique_common>
      </source>
      <source id="mixamorig_Spine1-Interpolations">
        <Name_array id="mixamorig_Spine1-Interpolations-array" count="31">
 LINEAR LINEAR LINEAR LINEAR LINEAR LINEAR LINEAR LINEAR LINEAR LINEAR LINEAR
LINEAR LINEAR LINEAR LINEAR LINEAR LINEAR LINEAR LINEAR LINEAR LINEAR LINEAR LINEAR
LINEAR LINEAR LINEAR LINEAR LINEAR LINEAR LINEAR LINEAR</Name_array>
        <technique_common>
          <accessor source="#mixamorig_Spine1-Interpolations-array" count="31">
            <param type="name"/>
          </accessor>
        </technique_common>
      </source>
      <sampler id="mixamorig_Spine1-Matrix-animation-transform">
        <input semantic="INPUT" source="#mixamorig_Spine1-Matrix-animation-input"/>
        <input semantic="OUTPUT" source="#mixamorig_Spine1-Matrix-animation-output-transform"/>
        <input semantic="INTERPOLATION" source="#mixamorig_Spine1-Interpolations"/>
      </sampler>
      <channel source="#mixamorig_Spine1-Matrix-animation-transform" target="mixamorig_Spine1/matrix"/>
    </animation>
    <animation id="mixamorig_Spine2-anim" name="mixamorig_Spine2">
      <source id="mixamorig_Spine2-Matrix-animation-input">
        <float_array id="mixamorig_Spine2-Matrix-animation-input-array" count="31">

0.000000 0.033333 0.066667 0.100000 0.133333 0.166667 0.200000 0.233333 0.266667 0.300000 0.333333 0.366667 0.400000 0.433333 0.466667 0.500000
0.533333 0.566667 0.600000 0.633333 0.666667 0.700000 0.733333 0.766667 0.800000 0.833333 0.866667 0.900000 0.933333 0.966667 1.000000</float_array>
        <technique_common>
          <accessor source="#mixamorig_Spine2-Matrix-animation-input-array" count="31">
            <param name="TIME" type="float"/>
          </accessor>
        </technique_common>
      </source>
      <source id="mixamorig_Spine2-Matrix-animation-output-transform">
        <float_array id="mixamorig_Spine2-Matrix-animation-output-transform-array" count="496">

0.998581 0.010655 -0.052170 0.000000 -0.017121 0.991996 -0.125102 14.178300 0.050419 0.125818 0.990771 -0.000000 0.000000 0.000000 0.000000 1.000000
0.999397 -0.020839 -0.027777 0.000000 0.016995 0.991096 -0.132063 14.178300 0.030281 0.131511 0.990852 0.000000 0.000000 0.000000 0.000000 1.000000
0.996710 -0.080861 -0.005547 -0.000000 0.079541 0.988996 -0.124737 14.178300 0.015572 0.123885 0.992174 -0.000000 0.000000 0.000000 0.000000 1.000000
0.990027 -0.140469 0.010688 -0.000000 0.140733 0.982767 -0.119846 14.178300 0.006331 0.120155 0.992735 0.000000 0.000000 0.000000 0.000000 1.000000
0.985304 -0.169547 0.020723 0.000000 0.170786 0.975900 -0.135838 14.178300 0.002808 0.137381 0.990514 0.000000 0.000000 0.000000 0.000000 1.000000
0.986438 -0.161841 0.027355 -0.000000 0.164116 0.969868 -0.180061 14.178300 0.002610 0.182108 0.983275 0.000000 0.000000 0.000000 0.000000 1.000000
0.990171 -0.136241 0.031628 0.000000 0.139829 0.959219 -0.245657 14.178300 0.003131 0.247665 0.968841 -0.000000 0.000000 0.000000 0.000000 1.000000
0.993217 -0.111977 0.031330 0.000000 0.116111 0.940715 -0.318705 14.178300 0.006215 0.320181 0.947336 0.000000 0.000000 0.000000 0.000000 1.000000
0.995404 -0.092419 0.025105 -0.000000 0.094909 0.916938 -0.387579 14.178300 0.012800 0.388180 0.921495 0.000000 0.000000 0.000000 0.000000 1.000000
0.997219 -0.072830 0.015784 0.000000 0.072197 0.891739 -0.446753 14.178300 0.018462 0.446651 0.894518 0.000000 0.000000 0.000000 0.000000 1.000000
0.998571 -0.052753 0.008591 0.000000 0.050120 0.868403 -0.493319 14.178300 0.018564 0.493045 0.869806 0.000000 0.000000 0.000000 0.000000 1.000000
0.999359 -0.035142 0.006779 0.000000 0.033514 0.852397 -0.521819 14.178300 0.012559 0.521712 0.853029 0.000000 0.000000 0.000000 0.000000 1.000000
0.999763 -0.019697 0.009269 -0.000000 0.021635 0.851746 -0.523507 14.178300 0.002417 0.523584 0.851971 -0.000000 0.000000 0.000000 0.000000 1.000000
0.999905 -0.005625 0.012550 0.000000 0.011138 0.866498 -0.499057 14.178300 -0.008068 0.499149 0.866478 -0.000000 0.000000 0.000000 0.000000 1.000000
0.999899 0.006372 0.012675 0.000000 0.000050 0.891855 -0.452321 14.178300 -0.014187 0.452276 0.891765 -0.000000 0.000000 0.000000 0.000000 1.000000
0.999866 0.013779 0.008800 -0.000000 -0.009240 0.920314 -0.391072 14.178300 -0.013487 0.390939 0.920318 0.000000 0.000000 0.000000 0.000000 1.000000
0.999880 0.014894 0.004325 0.000000 -0.012610 0.943061 -0.332381 14.178300 -0.009029 0.332287 0.943135 -0.000000 0.000000 0.000000 0.000000 1.000000
0.999929 0.011549 0.003085 -0.000000 -0.010130 0.955673 -0.294256 14.178300 -0.006347 0.294204 0.955722 0.000000 0.000000 0.000000 0.000000 1.000000
0.999964 0.006754 0.005159 -0.000000 -0.004968 0.957024 -0.289967 14.178300 -0.006895 0.289931 0.957023 0.000000 0.000000 0.000000 0.000000 1.000000
0.999970 0.002198 0.007397 -0.000000 0.000188 0.951348 -0.308118 14.178300 -0.007714 0.308110 0.951319 0.000000 0.000000 0.000000 0.000000 1.000000
0.999969 -0.001509 0.007721 -0.000000 0.003935 0.945774 -0.324801 14.178300 -0.006812 0.324821 0.945751 -0.000000 0.000000 0.000000 0.000000 1.000000
0.999963 -0.004015 0.007649 -0.000000 0.006278 0.945978 -0.324170 14.178300 -0.005935 0.324206 0.945968 0.000000 0.000000 0.000000 0.000000 1.000000
0.999953 -0.004010 0.008818 0.000000 0.006488 0.953214 -0.302228 14.178300 -0.007194 0.302271 0.953195 0.000000 0.000000 0.000000 0.000000 1.000000
0.999963 -0.000803 0.008517 -0.000000 0.003033 0.964194 -0.265180 14.178300 -0.007999 0.265196 0.964161 0.000000 0.000000 0.000000 0.000000 1.000000
0.999989 0.004505 0.001563 0.000000 -0.004044 0.974849 -0.222831 14.178300 -0.002528 0.222823 0.974856 0.000000 0.000000 0.000000 0.000000 1.000000
0.999869 0.009395 -0.013190 0.000000 -0.011665 0.982821 -0.184195 14.178300 0.011233 0.184324 0.982801 -0.000000 0.000000 0.000000 0.000000 1.000000
0.999470 0.011257 -0.030529 0.000000 -0.015949 0.987293 -0.158108 14.178300 0.028361 0.158511 0.986950 0.000000 0.000000 0.000000 0.000000 1.000000
0.999006 0.009445 -0.043555 0.000000 -0.015522 0.989835 -0.141368 14.178300 0.041777 0.141903 0.988999 0.000000 0.000000 0.000000 0.000000 1.000000
0.998701 0.008308 -0.050279 0.000000 -0.014330 0.992597 -0.120606 14.178300 0.048905 0.121170 0.991426 0.000000 0.000000 0.000000 0.000000 1.000000
0.998588 0.009071 -0.052344 0.000000 -0.014768 0.993878 -0.109492 14.178300 0.051030 0.110110 0.992609 0.000000 0.000000 0.000000 0.000000 1.000000
0.998581 0.010655 -0.052170 0.000000 -0.017121 0.991996 -0.125102 14.178300 0.050419 0.125818 0.990771 0.000000 0.000000 0.000000 0.000000 1.000000</float_array>
        <technique_common>
          <accessor source="#mixamorig_Spine2-Matrix-animation-output-transform-array" count="31" stride="16">
            <param type="float4x4"/>
          </accessor>
        </technique_common>
      </source>
      <source id="mixamorig_Spine2-Interpolations">
        <Name_array id="mixamorig_Spine2-Interpolations-array" count="31">
 LINEAR LINEAR LINEAR LINEAR LINEAR LINEAR LINEAR LINEAR LINEAR LINEAR LINEAR
LINEAR LINEAR LINEAR LINEAR LINEAR LINEAR LINEAR LINEAR LINEAR LINEAR LINEAR LINEAR
LINEAR LINEAR LINEAR LINEAR LINEAR LINEAR LINEAR LINEAR</Name_array>
        <technique_common>
          <accessor source="#mixamorig_Spine2-Interpolations-array" count="31">
            <param type="name"/>
          </accessor>
        </technique_common>
      </source>
      <sampler id="mixamorig_Spine2-Matrix-animation-transform">
        <input semantic="INPUT" source="#mixamorig_Spine2-Matrix-animation-input"/>
        <input semantic="OUTPUT" source="#mixamorig_Spine2-Matrix-animation-output-transform"/>
        <input semantic="INTERPOLATION" source="#mixamorig_Spine2-Interpolations"/>
      </sampler>
      <channel source="#mixamorig_Spine2-Matrix-animation-transform" target="mixamorig_Spine2/matrix"/>
    </animation>
    <animation id="mixamorig_Neck-anim" name="mixamorig_Neck">
      <source id="mixamorig_Neck-Matrix-animation-input">
        <float_array id="mixamorig_Neck-Matrix-animation-input-array" count="31">

0.000000 0.033333 0.066667 0.100000 0.133333 0.166667 0.200000 0.233333 0.266667 0.300000 0.333333 0.366667 0.400000 0.433333 0.466667 0.500000
0.533333 0.566667 0.600000 0.633333 0.666667 0.700000 0.733333 0.766667 0.800000 0.833333 0.866667 0.900000 0.933333 0.966667 1.000000</float_array>
        <technique_common>
          <accessor source="#mixamorig_Neck-Matrix-animation-input-array" count="31">
            <param name="TIME" type="float"/>
          </accessor>
        </technique_common>
      </source>
      <source id="mixamorig_Neck-Matrix-animation-output-transform">
        <float_array id="mixamorig_Neck-Matrix-animation-output-transform-array" count="496">

0.999269 0.023759 0.029938 0.024400 -0.027425 0.991304 0.128702 15.862300 -0.026620 -0.129429 0.991231 -1.675800 0.000000 0.000000 0.000000 1.000000
0.999148 0.027136 0.031111 0.024400 -0.031357 0.989025 0.144380 15.862300 -0.026851 -0.145233 0.989033 -1.675800 0.000000 0.000000 0.000000 1.000000
0.997666 0.061026 0.030636 0.024400 -0.064621 0.988763 0.134800 15.862300 -0.022066 -0.136465 0.990399 -1.675800 0.000000 0.000000 0.000000 1.000000
0.993967 0.106475 0.026333 0.024400 -0.108616 0.988915 0.101245 15.862300 -0.015261 -0.103494 0.994513 -1.675800 0.000000 0.000000 0.000000 1.000000
0.990502 0.136466 0.016826 0.024400 -0.137227 0.988810 0.058505 15.862300 -0.008654 -0.060258 0.998145 -1.675800 0.000000 0.000000 0.000000 1.000000
0.990624 0.136553 0.004152 0.024400 -0.136614 0.990288 0.025814 15.862300 -0.000587 -0.026139 0.999658 -1.675800 0.000000 0.000000 0.000000 1.000000
0.993204 0.116237 -0.005878 0.024400 -0.116175 0.993178 0.010032 15.862300 0.007004 -0.009281 0.999932 -1.675800 0.000000 0.000000 0.000000 1.000000
0.995412 0.095377 -0.007627 0.024400 -0.095351 0.995437 0.003765 15.862300 0.007952 -0.003020 0.999964 -1.675800 0.000000 0.000000 0.000000 1.000000
0.996419 0.084553 -0.000902 0.024400 -0.084555 0.996415 -0.002760 15.862300 0.000666 0.002827 0.999996 -1.675800 0.000000 0.000000 0.000000 1.000000
0.996744 0.080179 0.008575 0.024400 -0.080077 0.996721 -0.011611 15.862300 -0.009478 0.010886 0.999896 -1.675800 0.000000 0.000000 0.000000 1.000000
0.997130 0.074362 0.014208 0.024400 -0.074092 0.997077 -0.018634 15.862300 -0.015552 0.017528 0.999725 -1.675800 0.000000 0.000000 0.000000 1.000000
0.997808 0.064737 0.013742 0.024400 -0.064433 0.997689 -0.021544 15.862300 -0.015105 0.020612 0.999673 -1.675800 0.000000 0.000000 0.000000 1.000000
0.998433 0.055097 0.009813 0.024400 -0.054849 0.998207 -0.023959 15.862300 -0.011116 0.023383 0.999665 -1.675800 0.000000 0.000000 0.000000 1.000000
0.998770 0.049129 0.006639 0.024400 -0.048856 0.998142 -0.036410 15.862300 -0.008415 0.036041 0.999315 -1.675800 0.000000 0.000000 0.000000 1.000000
0.998895 0.046670 0.005501 0.024400 -0.046196 0.996666 -0.067247 15.862300 -0.008621 0.066918 0.997721 -1.675800 0.000000 0.000000 0.000000 1.000000
0.999006 0.044389 0.004017 0.024400 -0.043611 0.992113 -0.117515 15.862300 -0.009201 0.117223 0.993063 -1.675800 0.000000 0.000000 0.000000 1.000000
0.999198 0.040046 -0.000714 0.024400 -0.039523 0.982948 -0.179589 15.862300 -0.006490 0.179473 0.983742 -1.675800 0.000000 0.000000 0.000000 1.000000
0.999269 0.037124 -0.009083 0.024400 -0.038219 0.970934 -0.236278 15.862300 0.000047 0.236452 0.971643 -1.675800 0.000000 0.000000 0.000000 1.000000
0.998889 0.043437 -0.018298 0.024400 -0.046753 0.962356 -0.267739 15.862300 0.005979 0.268297 0.963318 -1.675800 0.000000 0.000000 0.000000 1.000000
0.997707 0.063128 -0.024424 0.024400 -0.067329 0.962670 -0.262170 15.862300 0.006962 0.263213 0.964713 -1.675800 0.000000 0.000000 0.000000 1.000000
0.995647 0.089649 -0.025502 0.024400 -0.093076 0.970752 -0.221310 15.862300 0.004916 0.222721 0.974870 -1.675800 0.000000 0.000000 0.000000 1.000000
0.993822 0.108516 -0.023263 0.024400 -0.110823 0.981569 -0.155695 15.862300 0.005939 0.157311 0.987531 -1.675800 0.000000 0.000000 0.000000 1.000000
0.993779 0.109257 -0.021598 0.024400 -0.110540 0.991283 -0.071685 15.862300 0.013577 0.073626 0.997193 -1.675800 0.000000 0.000000 0.000000 1.000000
0.995328 0.093910 -0.022417 0.024400 -0.093204 0.995173 0.030706 15.862300 0.025192 -0.028473 0.999277 -1.675800 0.000000 0.000000 0.000000 1.000000
0.996968 0.074119 -0.023670 0.024400 -0.069937 0.986976 0.144869 15.862300 0.034099 -0.142774 0.989168 -1.675800 0.000000 0.000000 0.000000 1.000000
0.997928 0.060572 -0.021717 0.024400 -0.053397 0.967847 0.245806 15.862300 0.035907 -0.244137 0.969076 -1.675800 0.000000 0.000000 0.000000 1.000000
0.998350 0.055445 -0.014913 0.024400 -0.048431 0.952725 0.299950 15.862300 0.030839 -0.298733 0.953838 -1.675800 0.000000 0.000000 0.000000 1.000000
0.998556 0.053542 -0.004409 0.024400 -0.049952 0.955526 0.290647 15.862300 0.019775 -0.290007 0.956820 -1.675800 0.000000 0.000000 0.000000 1.000000
0.998767 0.049098 0.007308 0.024400 -0.049435 0.970470 0.236104 15.862300 0.004500 -0.236174 0.971700 -1.675800 0.000000 0.000000 0.000000 1.000000
0.999056 0.039125 0.018860 0.024400 -0.041794 0.984165 0.172256 15.862300 -0.011822 -0.172882 0.984872 -1.675800 0.000000 0.000000 0.000000 1.000000
0.999269 0.023759 0.029938 0.024400 -0.027425 0.991304 0.128702 15.862300 -0.026620 -0.129429 0.991231 -1.675800 0.000000 0.000000 0.000000 1.000000</float_array>
        <technique_common>
          <accessor source="#mixamorig_Neck-Matrix-animation-output-transform-array" count="31" stride="16">
            <param type="float4x4"/>
          </accessor>
        </technique_common>
      </source>
      <source id="mixamorig_Neck-Interpolations">
        <Name_array id="mixamorig_Neck-Interpolations-array" count="31">
 LINEAR LINEAR LINEAR LINEAR LINEAR LINEAR LINEAR LINEAR LINEAR LINEAR LINEAR
LINEAR LINEAR LINEAR LINEAR LINEAR LINEAR LINEAR LINEAR LINEAR LINEAR LINEAR LINEAR
LINEAR LINEAR LINEAR LINEAR LINEAR LINEAR LINEAR LINEAR</Name_array>
        <technique_common>
          <accessor source="#mixamorig_Neck-Interpolations-array" count="31">
            <param type="name"/>
          </accessor>
        </technique_common>
      </source>
      <sampler id="mixamorig_Neck-Matrix-animation-transform">
        <input semantic="INPUT" source="#mixamorig_Neck-Matrix-animation-input"/>
        <input semantic="OUTPUT" source="#mixamorig_Neck-Matrix-animation-output-transform"/>
        <input semantic="INTERPOLATION" source="#mixamorig_Neck-Interpolations"/>
      </sampler>
      <channel source="#mixamorig_Neck-Matrix-animation-transform" target="mixamorig_Neck/matrix"/>
    </animation>
    <animation id="mixamorig_Head-anim" name="mixamorig_Head">
      <source id="mixamorig_Head-Matrix-animation-input">
        <float_array id="mixamorig_Head-Matrix-animation-input-array" count="31">

0.000000 0.033333 0.066667 0.100000 0.133333 0.166667 0.200000 0.233333 0.266667 0.300000 0.333333 0.366667 0.400000 0.433333 0.466667 0.500000
0.533333 0.566667 0.600000 0.633333 0.666667 0.700000 0.733333 0.766667 0.800000 0.833333 0.866667 0.900000 0.933333 0.966667 1.000000</float_array>
        <technique_common>
          <accessor source="#mixamorig_Head-Matrix-animation-input-array" count="31">
            <param name="TIME" type="float"/>
          </accessor>
        </technique_common>
      </source>
      <source id="mixamorig_Head-Matrix-animation-output-transform">
        <float_array id="mixamorig_Head-Matrix-animation-output-transform-array" count="496">

0.994802 -0.066506 -0.077111 0.000000 0.092577 0.906073 0.412871 5.564000 0.042410 -0.417863 0.907520 0.988100 0.000000 0.000000 0.000000 1.000000
0.997932 -0.062916 0.013144 0.000000 0.057469 0.964991 0.255910 5.564000 -0.028785 -0.254625 0.966611 0.988100 0.000000 0.000000 0.000000 1.000000
0.996109 -0.003321 0.088069 0.000000 0.001470 0.999777 0.021074 5.564000 -0.088119 -0.020863 0.995891 0.988100 0.000000 0.000000 0.000000 1.000000
0.988681 0.084438 0.124016 0.000000 -0.055122 0.973217 -0.223181 5.564000 -0.139540 0.213819 0.966856 0.988100 0.000000 0.000000 0.000000 1.000000
0.980533 0.156913 0.118037 0.000000 -0.100728 0.917992 -0.383594 5.564000 -0.168548 0.364237 0.915928 0.988100 0.000000 0.000000 0.000000 1.000000
0.977504 0.189563 0.092479 -0.000000 -0.133161 0.894681 -0.426396 5.564000 -0.163568 0.404489 0.899797 0.988100 0.000000 0.000000 0.000000 1.000000
0.978524 0.193001 0.072395 -0.000000 -0.151828 0.912374 -0.380162 5.564000 -0.139423 0.361006 0.922082 0.988100 0.000000 0.000000 0.000000 1.000000
0.979147 0.190798 0.069764 -0.000000 -0.163369 0.943637 -0.287853 5.564000 -0.120753 0.270453 0.955130 0.988100 0.000000 0.000000 0.000000 1.000000
0.977751 0.193500 0.081002 -0.000000 -0.176957 0.968197 -0.176864 5.564000 -0.112649 0.158595 0.980897 0.988100 0.000000 0.000000 0.000000 1.000000
0.976333 0.195427 0.092641 0.000000 -0.190616 0.979932 -0.058291 5.564000 -0.102173 0.039253 0.993992 0.988100 0.000000 0.000000 0.000000 1.000000
0.977646 0.189107 0.091910 0.000000 -0.194686 0.979265 0.056010 5.564000 -0.079412 -0.072651 0.994191 0.988100 0.000000 0.000000 0.000000 1.000000
0.981746 0.174662 0.075286 -0.000000 -0.184212 0.971707 0.147822 5.564000 -0.047338 -0.158992 0.986144 0.988100 0.000000 0.000000 0.000000 1.000000
0.986552 0.156120 0.048394 0.000000 -0.162801 0.964915 0.205995 5.564000 -0.014536 -0.211103 0.977356 0.988100 0.000000 0.000000 0.000000 1.000000
0.990705 0.134801 0.018232 0.000000 -0.135391 0.964203 0.227994 5.564000 0.013154 -0.228343 0.973492 0.988100 0.000000 0.000000 0.000000 1.000000
0.993859 0.109368 -0.016796 0.000000 -0.102920 0.969455 0.222630 5.564000 0.040632 -0.219534 0.974758 0.988100 0.000000 0.000000 0.000000 1.000000
0.994555 0.080682 -0.065955 -0.000000 -0.065998 0.977465 0.200516 5.564000 0.080647 -0.195071 0.977468 0.988100 0.000000 0.000000 0.000000 1.000000
0.989278 0.055591 -0.135051 0.000000 -0.031970 0.984726 0.171153 5.564000 0.142503 -0.165000 0.975945 0.988100 0.000000 0.000000 0.000000 1.000000
0.975091 0.045349 -0.217119 -0.000000 -0.012176 0.988344 0.151752 5.564000 0.221470 -0.145328 0.964277 0.988100 0.000000 0.000000 0.000000 1.000000
0.954404 0.054286 -0.293540 0.000000 -0.009348 0.988279 0.152375 5.564000 0.298371 -0.142683 0.943725 0.988100 0.000000 0.000000 0.000000 1.000000
0.934981 0.067638 -0.348190 0.000000 -0.016223 0.988777 0.148513 5.564000 0.354327 -0.133208 0.925585 0.988100 0.000000 0.000000 0.000000 1.000000
0.922090 0.057576 -0.382668 -0.000000 -0.024480 0.995568 0.090806 5.564000 0.386201 -0.074363 0.919412 0.988100 0.000000 0.000000 0.000000 1.000000
0.912371 0.005093 -0.409333 -0.000000 -0.024474 0.998813 -0.042125 5.564000 0.408632 0.048452 0.911412 0.988100 0.000000 0.000000 0.000000 1.000000
0.900117 -0.080770 -0.428096 0.000000 -0.008433 0.979249 -0.202488 5.564000 0.435567 0.185872 0.880757 0.988100 0.000000 0.000000 0.000000 1.000000
0.888005 -0.165491 -0.429021 -0.000000 0.024029 0.948419 -0.316108 5.564000 0.459205 0.270396 0.846178 0.988100 0.000000 0.000000 0.000000 1.000000
0.883330 -0.220726 -0.413531 0.000000 0.068485 0.933500 -0.351976 5.564000 0.463721 0.282591 0.839706 0.988100 0.000000 0.000000 0.000000 1.000000
0.887804 -0.242561 -0.391112 0.000000 0.115107 0.939855 -0.321594 5.564000 0.445594 0.240493 0.862328 0.988100 0.000000 0.000000 0.000000 1.000000
0.900386 -0.236396 -0.365269 0.000000 0.155309 0.958839 -0.237711 5.564000 0.406428 0.157302 0.900040 0.988100 0.000000 0.000000 0.000000 1.000000
0.922143 -0.205541 -0.327726 -0.000000 0.182767 0.978139 -0.099199 5.564000 0.340951 0.031578 0.939550 0.988100 0.000000 0.000000 0.000000 1.000000
0.950629 -0.156964 -0.267705 0.000000 0.186313 0.978555 0.087848 5.564000 0.248176 -0.133388 0.959488 0.988100 0.000000 0.000000 0.000000 1.000000
0.977564 -0.106155 -0.181934 -0.000000 0.154402 0.948642 0.276114 5.564000 0.143280 -0.298010 0.943748 0.988100 0.000000 0.000000 0.000000 1.000000
0.994802 -0.066506 -0.077111 0.000000 0.092577 0.906072 0.412871 5.564000 0.042410 -0.417863 0.907520 0.988100 0.000000 0.000000 0.000000 1.000000</float_array>
        <technique_common>
