<?xml version="1.0" encoding="utf-8"?>
<COLLADA xmlns="http://www.collada.org/2005/11/COLLADASchema" version="1.4.1">
  <asset>
    <contributor>
      <author>Mixamo</author>
      <authoring_tool>COLLADA Mixamo exporter</authoring_tool>
      <comments/>
    </contributor>
    <created>2023-02-23T20:59:48Z</created>
    <modified>2023-02-23T20:59:48Z</modified>
    <revision/>
    <title/>
    <unit meter="0.010000"/>
    <up_axis>Y_UP</up_axis>
  </asset>
  <library_animations>
    <animation id="mixamorig_Hips-anim" name="mixamorig_Hips">
      <source id="mixamorig_Hips-Matrix-animation-input">
        <float_array id="mixamorig_Hips-Matrix-animation-input-array" count="137">

0.000000 0.033333 0.066667 0.100000 0.133333 0.166667 0.200000 0.233333 0.266667 0.300000 0.333333 0.366667 0.400000 0.433333 0.466667 0.500000
0.533333 0.566667 0.600000 0.633333 0.666667 0.700000 0.733333 0.766667 0.800000 0.833333 0.866667 0.900000 0.933333 0.966667 1.000000 1.033333
1.066667 1.100000 1.133333 1.166667 1.200000 1.233333 1.266667 1.300000 1.333333 1.366667 1.400000 1.433333 1.466667 1.500000 1.533333 1.566667
1.600000 1.633333 1.666667 1.700000 1.733333 1.766667 1.800000 1.833333 1.866667 1.900000 1.933333 1.966667 2.000000 2.033333 2.066667 2.100000
2.133333 2.166667 2.200000 2.233333 2.266667 2.300000 2.333333 2.366667 2.400000 2.433333 2.466667 2.500000 2.533333 2.566667 2.600000 2.633333
2.666667 2.700000 2.733333 2.766667 2.800000 2.833333 2.866667 2.900000 2.933333 2.966667 3.000000 3.033333 3.066667 3.100000 3.133333 3.166667
3.200000 3.233333 3.266667 3.300000 3.333333 3.366667 3.400000 3.433333 3.466667 3.500000 3.533333 3.566667 3.600000 3.633333 3.666667 3.700000
3.733333 3.766667 3.800000 3.833333 3.866667 3.900000 3.933333 3.966667 4.000000 4.033333 4.066667 4.100000 4.133333 4.166667 4.200000 4.233333
4.266667 4.300000 4.333333 4.366667 4.400000 4.433333 4.466667 4.500000 4.533333</float_array>
        <technique_common>
          <accessor source="#mixamorig_Hips-Matrix-animation-input-array" count="137">
            <param name="TIME" type="float"/>
          </accessor>
        </technique_common>
      </source>
      <source id="mixamorig_Hips-Matrix-animation-output-transform">
        <float_array id="mixamorig_Hips-Matrix-animation-output-transform-array" count="2192">

0.996383 -0.020799 -0.082386 -6.579168 0.014614 0.997078 -0.074974 99.136482 0.083705 0.073499 0.993776 -8.733328 0.000000 0.000000 0.000000 1.000000
0.995117 -0.023986 -0.095745 -6.116061 0.016345 0.996677 -0.079803 99.229179 0.097341 0.077848 0.992202 -5.764977 0.000000 0.000000 0.000000 1.000000
0.994112 -0.025823 -0.105238 -5.608284 0.016312 0.995785 -0.090256 99.155800 0.107125 0.088008 0.990343 -2.779371 0.000000 0.000000 0.000000 1.000000
0.994014 -0.025876 -0.106146 -5.135002 0.015534 0.995151 -0.097128 98.913383 0.108144 0.094898 0.989596 0.434744 0.000000 0.000000 0.000000 1.000000
0.994313 -0.024759 -0.103575 -4.591440 0.014801 0.995288 -0.095828 98.475693 0.105459 0.093750 0.989995 3.950324 0.000000 0.000000 0.000000 1.000000
0.994286 -0.022102 -0.104432 -3.846166 0.012723 0.995894 -0.089630 97.791512 0.105984 0.087789 0.990485 7.839757 0.000000 0.000000 0.000000 1.000000
0.993984 -0.022647 -0.107157 -3.016700 0.013412 0.996194 -0.086130 97.115913 0.108699 0.084174 0.990505 11.963634 0.000000 0.000000 0.000000 1.000000
0.993110 -0.027710 -0.113866 -2.120486 0.017897 0.996107 -0.086315 96.599953 0.115815 0.083682 0.989739 16.328476 0.000000 0.000000 0.000000 1.000000
0.991133 -0.037317 -0.127525 -1.054103 0.026346 0.995889 -0.086662 96.214775 0.130235 0.082534 0.988042 21.003056 0.000000 0.000000 0.000000 1.000000
0.989346 -0.050974 -0.136367 0.060038 0.039970 0.995810 -0.082246 95.955070 0.139988 0.075919 0.987238 25.797745 0.000000 0.000000 0.000000 1.000000
0.989059 -0.061578 -0.134055 1.171741 0.052828 0.996294 -0.067880 95.812752 0.137738 0.060055 0.988646 30.555676 0.000000 0.000000 0.000000 1.000000
0.988297 -0.072919 -0.133984 2.329057 0.066677 0.996496 -0.050502 96.015976 0.137197 0.040977 0.989696 34.953529 0.000000 0.000000 0.000000 1.000000
0.985969 -0.088237 -0.141698 3.401206 0.082933 0.995630 -0.042926 96.348938 0.144867 0.030573 0.988979 38.817345 0.000000 0.000000 0.000000 1.000000
0.984760 -0.096255 -0.144854 4.157742 0.091053 0.994954 -0.042140 96.783455 0.148179 0.028308 0.988555 42.352207 0.000000 0.000000 0.000000 1.000000
0.986701 -0.090669 -0.134908 4.583896 0.086510 0.995586 -0.036389 97.427628 0.137612 0.024234 0.990190 45.786480 0.000000 0.000000 0.000000 1.000000
0.990205 -0.080974 -0.113743 4.892229 0.078419 0.996561 -0.026769 98.107544 0.115519 0.017587 0.993150 49.145313 0.000000 0.000000 0.000000 1.000000
0.993479 -0.074575 -0.086239 5.179116 0.073488 0.997172 -0.015714 98.652184 0.087167 0.009274 0.996151 52.384171 0.000000 0.000000 0.000000 1.000000
0.995854 -0.069297 -0.058923 5.438351 0.069205 0.997596 -0.003605 99.029953 0.059031 -0.000488 0.998256 55.523575 0.000000 0.000000 0.000000 1.000000
0.997167 -0.063524 -0.040281 5.708244 0.063729 0.997960 0.003825 99.202385 0.039955 -0.006381 0.999181 58.600262 0.000000 0.000000 0.000000 1.000000
0.997703 -0.059507 -0.032378 5.952806 0.059637 0.998215 0.003067 99.178329 0.032138 -0.004991 0.999471 61.678226 0.000000 0.000000 0.000000 1.000000
0.997824 -0.058533 -0.030353 6.117010 0.058374 0.998276 -0.006091 98.997147 0.030658 0.004306 0.999521 64.804237 0.000000 0.000000 0.000000 1.000000
0.997711 -0.060538 -0.030140 6.252110 0.059888 0.997962 -0.022037 98.587189 0.031412 0.020182 0.999303 68.025612 0.000000 0.000000 0.000000 1.000000
0.997457 -0.064631 -0.030032 6.392428 0.063546 0.997337 -0.035777 98.014557 0.032264 0.033777 0.998908 71.473923 0.000000 0.000000 0.000000 1.000000
0.997283 -0.070199 -0.022319 6.421982 0.069251 0.996767 -0.040738 97.292374 0.025107 0.039082 0.998921 75.348366 0.000000 0.000000 0.000000 1.000000
0.997061 -0.076503 -0.004041 6.265164 0.076287 0.996315 -0.039209 96.428246 0.007025 0.038785 0.999223 79.617477 0.000000 0.000000 0.000000 1.000000
0.997179 -0.074372 0.010133 5.999238 0.074682 0.996601 -0.034768 95.827271 -0.007513 0.035427 0.999344 84.071426 0.000000 0.000000 0.000000 1.000000
0.997163 -0.068754 0.030626 5.541285 0.069661 0.997132 -0.029595 95.264481 -0.028503 0.031645 0.999093 88.989166 0.000000 0.000000 0.000000 1.000000
0.996402 -0.052774 0.066313 4.977369 0.054794 0.998076 -0.029011 94.978722 -0.064654 0.032540 0.997377 93.875969 0.000000 0.000000 0.000000 1.000000
0.996092 -0.028009 0.083768 4.436722 0.030185 0.999236 -0.024819 94.765312 -0.083009 0.027250 0.996176 98.359291 0.000000 0.000000 0.000000 1.000000
0.997354 -0.001622 0.072683 3.852697 0.002356 0.999947 -0.010014 94.454720 -0.072662 0.010158 0.997305 102.677788 0.000000 0.000000 0.000000 1.000000
0.997028 0.023654 0.073322 3.225268 -0.023845 0.999714 0.001728 94.429703 -0.073260 -0.003471 0.997307 106.772392 0.000000 0.000000 0.000000 1.000000
0.996289 0.034614 0.078804 2.858547 -0.034814 0.999393 0.001164 94.791763 -0.078716 -0.003903 0.996889 110.549370 0.000000 0.000000 0.000000 1.000000
0.997832 0.029533 0.058816 2.847277 -0.029165 0.999549 -0.007100 95.346519 -0.058999 0.005369 0.998244 114.034782 0.000000 0.000000 0.000000 1.000000
0.999420 0.022241 0.025787 2.958561 -0.021972 0.999702 -0.010679 95.977707 -0.026017 0.010106 0.999610 117.523926 0.000000 0.000000 0.000000 1.000000
0.999744 0.020190 -0.010203 3.067294 -0.020286 0.999750 -0.009363 96.554512 0.010011 0.009568 0.999904 121.102440 0.000000 0.000000 0.000000 1.000000
0.997824 0.018503 -0.063281 3.166421 -0.019352 0.999730 -0.012833 96.993080 0.063027 0.014030 0.997913 124.550049 0.000000 0.000000 0.000000 1.000000
0.989172 0.014329 -0.146060 3.385569 -0.017077 0.999700 -0.017579 97.287949 0.145765 0.019883 0.989119 127.660896 0.000000 0.000000 0.000000 1.000000
0.968405 0.005812 -0.249315 4.302635 -0.010875 0.999762 -0.018937 97.445915 0.249145 0.021050 0.968237 130.715012 0.000000 0.000000 0.000000 1.000000
0.923414 -0.019142 -0.383327 6.204926 0.008999 0.999561 -0.028237 97.528580 0.383699 0.022624 0.923181 134.012360 0.000000 0.000000 0.000000 1.000000
0.813680 -0.051404 -0.579036 8.679401 0.024353 0.998222 -0.054397 97.088806 0.580803 0.030161 0.813486 136.660919 0.000000 0.000000 0.000000 1.000000
0.617816 -0.095852 -0.780459 11.423083 0.028854 0.994638 -0.099316 96.058533 0.785793 0.038840 0.617268 138.693405 0.000000 0.000000 0.000000 1.000000
0.371189 -0.158963 -0.914850 13.917755 0.048964 0.987218 -0.151671 94.471436 0.927266 0.011503 0.374227 140.713745 0.000000 0.000000 0.000000 1.000000
0.127411 -0.191768 -0.973135 16.621510 0.020862 0.981432 -0.190671 94.258156 0.991631 0.003993 0.129046 143.189056 0.000000 0.000000 0.000000 1.000000
-0.070056 -0.220002 -0.972981 19.679340 -0.063021 0.974405 -0.215787 95.587463 0.995550 0.046201 -0.082128 146.208145 0.000000 0.000000 0.000000 1.000000
-0.211421 -0.246000 -0.945931 22.030558 -0.118889 0.967094 -0.224932 96.463776 0.970137 0.064906 -0.233711 149.528702 0.000000 0.000000 0.000000 1.000000
-0.323195 -0.238342 -0.915826 23.318962 -0.107906 0.970734 -0.214552 96.109207 0.940160 0.029481 -0.339455 152.756058 0.000000 0.000000 0.000000 1.000000
-0.425589 -0.207079 -0.880904 24.174557 -0.089640 0.978324 -0.186672 95.931061 0.900466 -0.000481 -0.434927 156.088104 0.000000 0.000000 0.000000 1.000000
-0.517951 -0.191785 -0.833634 24.544041 -0.108292 0.981403 -0.158497 96.774506 0.848528 0.008182 -0.529087 159.976562 0.000000 0.000000 0.000000 1.000000
-0.592348 -0.185643 -0.784003 24.192631 -0.128787 0.982397 -0.135316 97.495148 0.795322 0.020816 -0.605830 163.483765 0.000000 0.000000 0.000000 1.000000
-0.655492 -0.172414 -0.735257 23.662554 -0.132157 0.984755 -0.113100 97.673683 0.743548 0.023034 -0.668285 166.061829 0.000000 0.000000 0.000000 1.000000
-0.714349 -0.147637 -0.684039 23.543646 -0.116440 0.988942 -0.091846 97.363205 0.690035 0.014039 -0.723640 167.696823 0.000000 0.000000 0.000000 1.000000
-0.768484 -0.122532 -0.628028 23.779953 -0.102799 0.992387 -0.067831 97.166779 0.631558 0.012434 -0.775229 168.917297 0.000000 0.000000 0.000000 1.000000
-0.813498 -0.104453 -0.572111 24.120445 -0.099523 0.994231 -0.040007 97.365089 0.572989 0.024393 -0.819200 170.014755 0.000000 0.000000 0.000000 1.000000
-0.851585 -0.090939 -0.516269 24.622454 -0.096571 0.995197 -0.016008 97.700691 0.515245 0.036224 -0.856277 171.127869 0.000000 0.000000 0.000000 1.000000
-0.886989 -0.075746 -0.455536 25.465555 -0.085578 0.996331 0.000965 97.804810 0.453792 0.039839 -0.890217 172.551559 0.000000 0.000000 0.000000 1.000000
-0.917542 -0.053854 -0.393975 26.797974 -0.063603 0.997906 0.011720 97.466896 0.392519 0.035812 -0.919047 174.469208 0.000000 0.000000 0.000000 1.000000
-0.944357 -0.024077 -0.328040 28.546576 -0.029449 0.999501 0.011417 96.613548 0.327601 0.020442 -0.944595 177.094757 0.000000 0.000000 0.000000 1.000000
-0.968530 -0.002112 -0.248889 30.141897 -0.001489 0.999995 -0.002691 95.642082 0.248894 -0.002236 -0.968528 180.418625 0.000000 0.000000 0.000000 1.000000
-0.988699 0.010539 -0.149543 31.471369 0.015033 0.999468 -0.028949 94.741241 0.149159 -0.030870 -0.988331 184.269028 0.000000 0.000000 0.000000 1.000000
-0.999088 0.029503 -0.030878 32.770611 0.031651 0.996934 -0.071564 93.245659 0.028672 -0.072476 -0.996958 188.933731 0.000000 0.000000 0.000000 1.000000
-0.994672 0.045808 0.092357 33.486679 0.032479 0.989480 -0.140975 91.699821 -0.097843 -0.137225 -0.985696 194.062531 0.000000 0.000000 0.000000 1.000000
-0.974708 0.091549 0.203872 33.748199 0.044549 0.973529 -0.224178 90.230759 -0.218999 -0.209426 -0.952985 199.050903 0.000000 0.000000 0.000000 1.000000
-0.947082 0.160588 0.277934 33.909557 0.078595 0.955517 -0.284272 89.556335 -0.311221 -0.247385 -0.917574 203.012772 0.000000 0.000000 0.000000 1.000000
-0.922184 0.204819 0.328062 33.579369 0.092168 0.940202 -0.327912 90.093651 -0.375607 -0.272158 -0.885917 205.984039 0.000000 0.000000 0.000000 1.000000
-0.893612 0.231385 0.384602 32.972794 0.080612 0.925683 -0.369612 90.909264 -0.441542 -0.299286 -0.845854 208.548889 0.000000 0.000000 0.000000 1.000000
-0.861494 0.254808 0.439205 32.514091 0.060471 0.910301 -0.409506 91.712555 -0.504154 -0.326228 -0.799627 210.876282 0.000000 0.000000 0.000000 1.000000
-0.840225 0.273690 0.468097 32.386192 0.044183 0.894956 -0.443961 92.243217 -0.540434 -0.352345 -0.764058 212.743484 0.000000 0.000000 0.000000 1.000000
-0.830112 0.284851 0.479347 32.451683 0.036157 0.885356 -0.463506 92.483322 -0.556422 -0.367430 -0.745244 214.055054 0.000000 0.000000 0.000000 1.000000
-0.824798 0.287945 0.486617 32.687763 0.041479 0.889112 -0.455807 92.582382 -0.563904 -0.355764 -0.745281 214.844147 0.000000 0.000000 0.000000 1.000000
-0.824256 0.279953 0.492167 33.131866 0.057009 0.905835 -0.419778 92.597061 -0.563340 -0.317947 -0.762600 215.147995 0.000000 0.000000 0.000000 1.000000
-0.833415 0.256956 0.489277 33.729305 0.066018 0.925285 -0.373484 92.540749 -0.548690 -0.278966 -0.788110 215.222519 0.000000 0.000000 0.000000 1.000000
-0.848487 0.225765 0.478644 34.460899 0.065787 0.942420 -0.327897 92.529160 -0.525111 -0.246728 -0.814484 215.125198 0.000000 0.000000 0.000000 1.000000
-0.861661 0.196498 0.467899 35.257790 0.062484 0.956059 -0.286437 92.656860 -0.503624 -0.217575 -0.836077 214.794968 0.000000 0.000000 0.000000 1.000000
-0.871137 0.172831 0.459618 36.011826 0.059116 0.966117 -0.251245 92.935249 -0.487468 -0.191698 -0.851837 214.286911 0.000000 0.000000 0.000000 1.000000
-0.878870 0.153707 0.451622 36.724380 0.057082 0.973754 -0.220328 93.326950 -0.473635 -0.167860 -0.864577 213.694077 0.000000 0.000000 0.000000 1.000000
-0.886767 0.135159 0.442013 37.427406 0.054654 0.980244 -0.190093 93.821251 -0.458973 -0.144411 -0.876635 213.047256 0.000000 0.000000 0.000000 1.000000
-0.894022 0.118427 0.432089 38.062866 0.052477 0.985473 -0.161521 94.307320 -0.444940 -0.121729 -0.887249 212.358353 0.000000 0.000000 0.000000 1.000000
-0.899870 0.104275 0.423511 38.610458 0.051839 0.989688 -0.133530 94.722900 -0.433067 -0.098205 -0.895996 211.618698 0.000000 0.000000 0.000000 1.000000
-0.905077 0.091647 0.415254 39.086765 0.052697 0.993145 -0.104332 95.085815 -0.421969 -0.072546 -0.903703 210.829742 0.000000 0.000000 0.000000 1.000000
-0.909926 0.079441 0.407092 39.484646 0.054158 0.995840 -0.073278 95.418274 -0.411220 -0.044630 -0.910443 210.015320 0.000000 0.000000 0.000000 1.000000
-0.914397 0.068865 0.398917 39.824543 0.057833 0.997539 -0.039641 95.723907 -0.400665 -0.013177 -0.916130 209.187073 0.000000 0.000000 0.000000 1.000000
-0.918116 0.060564 0.391658 40.128323 0.063450 0.997969 -0.005583 95.995834 -0.391201 0.019725 -0.920094 208.329788 0.000000 0.000000 0.000000 1.000000
-0.921722 0.052664 0.384260 40.388687 0.067862 0.997354 0.026090 96.230286 -0.381869 0.050125 -0.922856 207.453018 0.000000 0.000000 0.000000 1.000000
-0.927058 0.045123 0.372193 40.654503 0.069797 0.996148 0.053082 96.405960 -0.368364 0.075188 -0.926636 206.671051 0.000000 0.000000 0.000000 1.000000
-0.933247 0.040122 0.356989 40.976833 0.071031 0.994733 0.073892 96.520782 -0.352144 0.094317 -0.931182 206.055435 0.000000 0.000000 0.000000 1.000000
-0.937973 0.037952 0.344624 41.345924 0.072617 0.993449 0.088241 96.608887 -0.339017 0.107793 -0.934584 205.598877 0.000000 0.000000 0.000000 1.000000
-0.941313 0.036877 0.335515 41.735855 0.073422 0.992583 0.096894 96.672501 -0.329454 0.115841 -0.937038 205.318726 0.000000 0.000000 0.000000 1.000000
-0.944753 0.035935 0.325807 42.133255 0.072625 0.992216 0.101156 96.700165 -0.319636 0.119229 -0.940009 205.210678 0.000000 0.000000 0.000000 1.000000
-0.949330 0.035889 0.312224 42.530849 0.070880 0.992312 0.101452 96.724648 -0.306183 0.118442 -0.944576 205.208832 0.000000 0.000000 0.000000 1.000000
-0.955164 0.036740 0.293789 42.895813 0.068676 0.992701 0.099133 96.742981 -0.288002 0.114865 -0.950716 205.284683 0.000000 0.000000 0.000000 1.000000
-0.961320 0.039031 0.272655 43.170387 0.067587 0.993071 0.096137 96.714043 -0.267013 0.110846 -0.957297 205.458176 0.000000 0.000000 0.000000 1.000000
-0.966565 0.043140 0.252767 43.324425 0.068504 0.993361 0.092416 96.627625 -0.247102 0.106642 -0.963103 205.708176 0.000000 0.000000 0.000000 1.000000
-0.970594 0.047303 0.236031 43.397373 0.069565 0.993786 0.086896 96.513885 -0.230454 0.100760 -0.967853 205.956161 0.000000 0.000000 0.000000 1.000000
-0.973500 0.051059 0.222914 43.437122 0.070564 0.994260 0.080427 96.419128 -0.217528 0.094026 -0.971515 206.134781 0.000000 0.000000 0.000000 1.000000
-0.975111 0.055197 0.214736 43.431652 0.072851 0.994505 0.075181 96.386703 -0.209406 0.088953 -0.973774 206.212433 0.000000 0.000000 0.000000 1.000000
-0.975508 0.059074 0.211883 43.361362 0.075722 0.994574 0.071332 96.433426 -0.206520 0.085630 -0.974688 206.177460 0.000000 0.000000 0.000000 1.000000
-0.974838 0.064312 0.213434 43.198658 0.080325 0.994500 0.067210 96.533508 -0.207938 0.082663 -0.974643 206.050552 0.000000 0.000000 0.000000 1.000000
-0.973584 0.071437 0.216867 42.957066 0.086644 0.994344 0.061429 96.642250 -0.211252 0.078597 -0.974267 205.890686 0.000000 0.000000 0.000000 1.000000
-0.972221 0.077264 0.220943 42.663330 0.091256 0.994372 0.053823 96.722855 -0.215541 0.072491 -0.973800 205.699356 0.000000 0.000000 0.000000 1.000000
-0.970637 0.081851 0.226195 42.346779 0.094400 0.994507 0.045212 96.794785 -0.221252 0.065237 -0.973032 205.426483 0.000000 0.000000 0.000000 1.000000
-0.968782 0.086339 0.232395 42.025265 0.097643 0.994512 0.037566 96.867371 -0.227876 0.059085 -0.971896 205.065979 0.000000 0.000000 0.000000 1.000000
-0.966882 0.090004 0.238827 41.697109 0.100626 0.994389 0.032635 96.945511 -0.234549 0.055587 -0.970514 204.651993 0.000000 0.000000 0.000000 1.000000
-0.964972 0.092606 0.245466 41.355778 0.102952 0.994245 0.029629 97.035065 -0.241309 0.053862 -0.968952 204.218781 0.000000 0.000000 0.000000 1.000000
-0.962568 0.094944 0.253865 41.017876 0.105360 0.994048 0.027720 97.126213 -0.249722 0.053430 -0.966842 203.744476 0.000000 0.000000 0.000000 1.000000
-0.959504 0.097293 0.264361 40.667473 0.108454 0.993709 0.027920 97.220154 -0.259981 0.055460 -0.964020 203.222366 0.000000 0.000000 0.000000 1.000000
-0.956938 0.097939 0.273271 40.290558 0.109803 0.993547 0.028424 97.364975 -0.268723 0.057206 -0.961517 202.709625 0.000000 0.000000 0.000000 1.000000
-0.954623 0.097376 0.281449 39.949459 0.109633 0.993575 0.028097 97.517380 -0.276905 0.057679 -0.959165 202.235489 0.000000 0.000000 0.000000 1.000000
-0.951628 0.097472 0.291383 39.642235 0.110098 0.993548 0.027214 97.627632 -0.286850 0.057979 -0.956219 201.806107 0.000000 0.000000 0.000000 1.000000
-0.948672 0.097105 0.300984 39.360847 0.110004 0.993587 0.026167 97.716148 -0.296513 0.057933 -0.953270 201.421677 0.000000 0.000000 0.000000 1.000000
-0.946180 0.095484 0.309235 39.115280 0.108556 0.993768 0.025301 97.801849 -0.304892 0.057508 -0.950649 201.076859 0.000000 0.000000 0.000000 1.000000
-0.942231 0.094603 0.321326 38.868610 0.108021 0.993855 0.024148 97.886604 -0.317067 0.057463 -0.946661 200.752350 0.000000 0.000000 0.000000 1.000000
-0.936982 0.094335 0.336400 38.631458 0.108442 0.993829 0.023350 97.958099 -0.332122 0.058358 -0.941430 200.441818 0.000000 0.000000 0.000000 1.000000
-0.932752 0.093832 0.348093 38.430244 0.108314 0.993866 0.022332 98.005066 -0.343862 0.058534 -0.937194 200.202072 0.000000 0.000000 0.000000 1.000000
-0.929108 0.092913 0.357947 38.254341 0.107413 0.993997 0.020792 98.030266 -0.353867 0.057766 -0.933510 200.046448 0.000000 0.000000 0.000000 1.000000
-0.925445 0.091444 0.367681 38.108429 0.105622 0.994233 0.018579 98.045120 -0.363861 0.056029 -0.929766 199.962662 0.000000 0.000000 0.000000 1.000000
-0.922035 0.090345 0.376417 38.004959 0.103834 0.994471 0.015655 98.059456 -0.372922 0.053519 -0.926318 199.928223 0.000000 0.000000 0.000000 1.000000
-0.919068 0.089386 0.383828 37.926353 0.102312 0.994663 0.013346 98.077362 -0.380586 0.051536 -0.923308 199.928665 0.000000 0.000000 0.000000 1.000000
-0.916793 0.087630 0.389631 37.881035 0.100264 0.994887 0.012163 98.095108 -0.386573 0.050217 -0.920891 199.966873 0.000000 0.000000 0.000000 1.000000
-0.915017 0.085010 0.394357 37.892818 0.097396 0.995180 0.011460 98.109291 -0.391482 0.048895 -0.918886 200.042130 0.000000 0.000000 0.000000 1.000000
-0.913839 0.082191 0.397672 37.942585 0.094267 0.995488 0.010875 98.112518 -0.394984 0.047426 -0.917463 200.149033 0.000000 0.000000 0.000000 1.000000
-0.913435 0.080430 0.398957 38.004353 0.092197 0.995687 0.010360 98.109879 -0.396403 0.046246 -0.916911 200.282455 0.000000 0.000000 0.000000 1.000000
-0.913302 0.080147 0.399319 38.082935 0.091454 0.995766 0.009308 98.098190 -0.396882 0.045021 -0.916765 200.458023 0.000000 0.000000 0.000000 1.000000
-0.913245 0.080055 0.399468 38.167995 0.090637 0.995855 0.007636 98.060509 -0.397200 0.043180 -0.916716 200.671356 0.000000 0.000000 0.000000 1.000000
-0.914197 0.079070 0.397481 38.275101 0.088593 0.996052 0.005621 98.041443 -0.395467 0.040353 -0.917593 200.837082 0.000000 0.000000 0.000000 1.000000
-0.915835 0.078094 0.393888 38.409130 0.086035 0.996289 0.002514 98.054672 -0.392230 0.036190 -0.919155 200.965271 0.000000 0.000000 0.000000 1.000000
-0.916296 0.078001 0.392832 38.493732 0.084037 0.996461 -0.001840 98.039391 -0.391585 0.031326 -0.919608 201.149796 0.000000 0.000000 0.000000 1.000000
-0.916189 0.077571 0.393166 38.557808 0.082044 0.996614 -0.005443 98.019806 -0.392257 0.027270 -0.919451 201.322556 0.000000 0.000000 0.000000 1.000000
-0.916808 0.076517 0.391929 38.660851 0.079905 0.996773 -0.007686 98.021156 -0.391252 0.024271 -0.919963 201.434067 0.000000 0.000000 0.000000 1.000000
-0.917430 0.075906 0.390590 38.733082 0.078078 0.996894 -0.010341 98.027237 -0.390162 0.021009 -0.920507 201.533966 0.000000 0.000000 0.000000 1.000000
-0.917799 0.076001 0.389705 38.736214 0.076831 0.996953 -0.013481 98.031441 -0.389542 0.017569 -0.920841 201.600906 0.000000 0.000000 0.000000 1.000000
-0.918042 0.076760 0.388983 38.722794 0.076045 0.996955 -0.017261 98.037155 -0.389123 0.013733 -0.921083 201.616104 0.000000 0.000000 0.000000 1.000000
-0.918224 0.077341 0.388437 38.711216 0.075035 0.996957 -0.021129 98.041847 -0.388890 0.009745 -0.921233 201.620987 0.000000 0.000000 0.000000 1.000000
-0.918385 0.077920 0.387940 38.674629 0.074157 0.996941 -0.024686 98.046303 -0.388677 0.006097 -0.921354 201.620621 0.000000 0.000000 0.000000 1.000000
-0.917919 0.080849 0.388443 38.597641 0.074835 0.996726 -0.030614 98.045876 -0.389647 0.000968 -0.920964 201.607407 0.000000 0.000000 0.000000 1.000000
-0.917820 0.081895 0.388458 38.552200 0.074030 0.996635 -0.035199 98.037170 -0.390033 -0.003549 -0.920794 201.563278 0.000000 0.000000 0.000000 1.000000
-0.920368 0.072183 0.384333 38.672592 0.065813 0.997389 -0.029720 98.043259 -0.385475 -0.002059 -0.922716 201.456207 0.000000 0.000000 0.000000 1.000000
-0.923030 0.062583 0.379604 38.769482 0.058024 0.998040 -0.023452 98.059395 -0.380328 0.000379 -0.924852 201.306808 0.000000 0.000000 0.000000 1.000000</float_array>
        <technique_common>
          <accessor source="#mixamorig_Hips-Matrix-animation-output-transform-array" count="137" stride="16">
            <param type="float4x4"/>
          </accessor>
        </technique_common>
      </source>
      <source id="mixamorig_Hips-Interpolations">
        <Name_array id="mixamorig_Hips-Interpolations-array" count="137">
 LINEAR LINEAR LINEAR LINEAR LINEAR LINEAR LINEAR LINEAR LINEAR LINEAR LINEAR
LINEAR LINEAR LINEAR LINEAR LINEAR LINEAR LINEAR LINEAR LINEAR LINEAR LINEAR LINEAR
LINEAR LINEAR LINEAR LINEAR LINEAR LINEAR LINEAR LINEAR LINEAR LINEAR LINEAR LINEAR
LINEAR LINEAR LINEAR LINEAR LINEAR LINEAR LINEAR LINEAR LINEAR LINEAR LINEAR LINEAR
LINEAR LINEAR LINEAR LINEAR LINEAR LINEAR LINEAR LINEAR LINEAR LINEAR LINEAR LINEAR
LINEAR LINEAR LINEAR LINEAR LINEAR LINEAR LINEAR LINEAR LINEAR LINEAR LINEAR LINEAR
LINEAR LINEAR LINEAR LINEAR LINEAR LINEAR LINEAR LINEAR LINEAR LINEAR LINEAR LINEAR
LINEAR LINEAR LINEAR LINEAR LINEAR LINEAR LINEAR LINEAR LINEAR LINEAR LINEAR LINEAR
LINEAR LINEAR LINEAR LINEAR LINEAR LINEAR LINEAR LINEAR LINEAR LINEAR LINEAR LINEAR
LINEAR LINEAR LINEAR LINEAR LINEAR LINEAR LINEAR LINEAR LINEAR LINEAR LINEAR LINEAR
LINEAR LINEAR LINEAR LINEAR LINEAR LINEAR LINEAR LINEAR LINEAR LINEAR LINEAR LINEAR
LINEAR LINEAR LINEAR LINEAR LINEAR LINEAR</Name_array>
        <technique_common>
          <accessor source="#mixamorig_Hips-Interpolations-array" count="137">
            <param type="name"/>
          </accessor>
        </technique_common>
      </source>
      <sampler id="mixamorig_Hips-Matrix-animation-transform">
        <input semantic="INPUT" source="#mixamorig_Hips-Matrix-animation-input"/>
        <input semantic="OUTPUT" source="#mixamorig_Hips-Matrix-animation-output-transform"/>
        <input semantic="INTERPOLATION" source="#mixamorig_Hips-Interpolations"/>
      </sampler>
      <channel source="#mixamorig_Hips-Matrix-animation-transform" target="mixamorig_Hips/matrix"/>
    </animation>
    <animation id="mixamorig_Spine-anim" name="mixamorig_Spine">
      <source id="mixamorig_Spine-Matrix-animation-input">
        <float_array id="mixamorig_Spine-Matrix-animation-input-array" count="137">

0.000000 0.033333 0.066667 0.100000 0.133333 0.166667 0.200000 0.233333 0.266667 0.300000 0.333333 0.366667 0.400000 0.433333 0.466667 0.500000
0.533333 0.566667 0.600000 0.633333 0.666667 0.700000 0.733333 0.766667 0.800000 0.833333 0.866667 0.900000 0.933333 0.966667 1.000000 1.033333
1.066667 1.100000 1.133333 1.166667 1.200000 1.233333 1.266667 1.300000 1.333333 1.366667 1.400000 1.433333 1.466667 1.500000 1.533333 1.566667
1.600000 1.633333 1.666667 1.700000 1.733333 1.766667 1.800000 1.833333 1.866667 1.900000 1.933333 1.966667 2.000000 2.033333 2.066667 2.100000
2.133333 2.166667 2.200000 2.233333 2.266667 2.300000 2.333333 2.366667 2.400000 2.433333 2.466667 2.500000 2.533333 2.566667 2.600000 2.633333
2.666667 2.700000 2.733333 2.766667 2.800000 2.833333 2.866667 2.900000 2.933333 2.966667 3.000000 3.033333 3.066667 3.100000 3.133333 3.166667
3.200000 3.233333 3.266667 3.300000 3.333333 3.366667 3.400000 3.433333 3.466667 3.500000 3.533333 3.566667 3.600000 3.633333 3.666667 3.700000
3.733333 3.766667 3.800000 3.833333 3.866667 3.900000 3.933333 3.966667 4.000000 4.033333 4.066667 4.100000 4.133333 4.166667 4.200000 4.233333
4.266667 4.300000 4.333333 4.366667 4.400000 4.433333 4.466667 4.500000 4.533333</float_array>
        <technique_common>
          <accessor source="#mixamorig_Spine-Matrix-animation-input-array" count="137">
            <param name="TIME" type="float"/>
          </accessor>
        </technique_common>
      </source>
      <source id="mixamorig_Spine-Matrix-animation-output-transform">
        <float_array id="mixamorig_Spine-Matrix-animation-output-transform-array" count="2192">

0.997721 -0.002209 0.067434 0.000900 0.000007 0.999467 0.032634 9.923500 -0.067470 -0.032559 0.997190 -1.227300 0.000000 0.000000 0.000000 1.000000
0.997086 0.004264 0.076161 0.000900 -0.006859 0.999404 0.033841 9.923500 -0.075972 -0.034265 0.996521 -1.227300 0.000000 0.000000 0.000000 1.000000
0.996656 0.006361 0.081468 0.000900 -0.009462 0.999243 0.037725 9.923500 -0.081166 -0.038370 0.995962 -1.227300 0.000000 0.000000 0.000000 1.000000
0.996595 0.009930 0.081851 0.000900 -0.013288 0.999088 0.040587 9.923500 -0.081374 -0.041536 0.995818 -1.227300 0.000000 0.000000 0.000000 1.000000
0.996731 0.015468 0.079299 0.000900 -0.018689 0.999023 0.040044 9.923500 -0.078602 -0.041395 0.996046 -1.227300 0.000000 0.000000 0.000000 1.000000
0.997024 0.014119 0.075791 0.000900 -0.017209 0.999040 0.040283 9.923500 -0.075150 -0.041468 0.996310 -1.227300 0.000000 0.000000 0.000000 1.000000
0.997354 0.012186 0.071669 0.000900 -0.015297 0.998957 0.043018 9.923500 -0.071070 -0.044001 0.996500 -1.227300 0.000000 0.000000 0.000000 1.000000
0.997369 0.015490 0.070823 0.000900 -0.018888 0.998690 0.047566 9.923500 -0.069993 -0.048778 0.996354 -1.227300 0.000000 0.000000 0.000000 1.000000
0.996874 0.023208 0.075521 0.000900 -0.027299 0.998189 0.053603 9.923500 -0.074140 -0.055497 0.995702 -1.227300 0.000000 0.000000 0.000000 1.000000
0.996039 0.035718 0.081427 0.000900 -0.040546 0.997468 0.058431 9.923500 -0.079134 -0.061501 0.994965 -1.227300 0.000000 0.000000 0.000000 1.000000
0.995471 0.044732 0.083886 0.000900 -0.049840 0.996964 0.059826 9.923500 -0.080955 -0.063736 0.994678 -1.227300 0.000000 0.000000 0.000000 1.000000
0.995292 0.050256 0.082876 0.000900 -0.055264 0.996710 0.059282 9.923500 -0.079624 -0.063583 0.994795 -1.227300 0.000000 0.000000 0.000000 1.000000
0.995117 0.056482 0.080946 0.000900 -0.061472 0.996272 0.060533 9.923500 -0.077225 -0.065213 0.994879 -1.227300 0.000000 0.000000 0.000000 1.000000
0.995532 0.058543 0.074081 0.000900 -0.063200 0.996063 0.062162 9.923500 -0.070151 -0.066566 0.995313 -1.227300 0.000000 0.000000 0.000000 1.000000
0.996597 0.055755 0.060705 0.000900 -0.059381 0.996451 0.059663 9.923500 -0.057163 -0.063065 0.996371 -1.227300 0.000000 0.000000 0.000000 1.000000
0.997565 0.053107 0.045213 0.000900 -0.055502 0.997026 0.053463 9.923500 -0.042239 -0.055843 0.997546 -1.227300 0.000000 0.000000 0.000000 1.000000
0.998304 0.051314 0.027489 0.000900 -0.052553 0.997539 0.046423 9.923500 -0.025039 -0.047789 0.998544 -1.227300 0.000000 0.000000 0.000000 1.000000
0.998821 0.047943 0.007558 0.000900 -0.048202 0.998075 0.039019 9.923500 -0.005673 -0.039337 0.999210 -1.227300 0.000000 0.000000 0.000000 1.000000
0.999007 0.043977 -0.007114 0.000900 -0.043733 0.998547 0.031482 9.923500 0.008488 -0.031140 0.999479 -1.227300 0.000000 0.000000 0.000000 1.000000
0.999029 0.041355 -0.015184 0.000900 -0.040950 0.998821 0.026063 9.923500 0.016244 -0.025416 0.999545 -1.227300 0.000000 0.000000 0.000000 1.000000
0.998969 0.040348 -0.020808 0.000900 -0.039812 0.998881 0.025548 9.923500 0.021816 -0.024693 0.999457 -1.227300 0.000000 0.000000 0.000000 1.000000
0.998824 0.041217 -0.025547 0.000900 -0.040422 0.998705 0.030887 9.923500 0.026787 -0.029818 0.999196 -1.227300 0.000000 0.000000 0.000000 1.000000
0.998760 0.039019 -0.030933 0.000900 -0.037852 0.998581 0.037464 9.923500 0.032351 -0.036246 0.998819 -1.227300 0.000000 0.000000 0.000000 1.000000
0.998651 0.037210 -0.036210 0.000900 -0.035720 0.998522 0.040963 9.923500 0.037681 -0.039614 0.998504 -1.227300 0.000000 0.000000 0.000000 1.000000
0.998319 0.041108 -0.040861 0.000900 -0.039366 0.998318 0.042551 9.923500 0.042541 -0.040871 0.998258 -1.227300 0.000000 0.000000 0.000000 1.000000
0.998507 0.035276 -0.041713 0.000900 -0.033551 0.998581 0.041359 9.923500 0.043113 -0.039898 0.998273 -1.227300 0.000000 0.000000 0.000000 1.000000
0.998604 0.027371 -0.045184 0.000900 -0.025323 0.998652 0.045301 9.923500 0.046363 -0.044093 0.997951 -1.227300 0.000000 0.000000 0.000000 1.000000
0.998567 0.012980 -0.051921 0.000900 -0.010258 0.998577 0.052340 9.923500 0.052527 -0.051733 0.997279 -1.227300 0.000000 0.000000 0.000000 1.000000
0.998678 -0.006796 -0.050944 0.000900 0.009552 0.998493 0.054050 9.923500 0.050500 -0.054466 0.997238 -1.227300 0.000000 0.000000 0.000000 1.000000
0.998849 -0.023608 -0.041762 0.000900 0.025662 0.998451 0.049363 9.923500 0.040532 -0.050377 0.997907 -1.227300 0.000000 0.000000 0.000000 1.000000
0.998474 -0.038881 -0.039210 0.000900 0.040557 0.998256 0.042897 9.923500 0.037474 -0.044422 0.998310 -1.227300 0.000000 0.000000 0.000000 1.000000
0.998295 -0.045844 -0.036118 0.000900 0.047257 0.998110 0.039275 9.923500 0.034249 -0.040914 0.998575 -1.227300 0.000000 0.000000 0.000000 1.000000
0.998873 -0.042212 -0.021715 0.000900 0.043047 0.998289 0.039563 9.923500 0.020008 -0.040453 0.998981 -1.227300 0.000000 0.000000 0.000000 1.000000
0.999175 -0.040221 -0.005560 0.000900 0.040409 0.998406 0.039393 9.923500 0.003966 -0.039585 0.999208 -1.227300 0.000000 0.000000 0.000000 1.000000
0.999099 -0.041743 0.007622 0.000900 0.041419 0.998396 0.038604 9.923500 -0.009221 -0.038254 0.999226 -1.227300 0.000000 0.000000 0.000000 1.000000
0.999155 -0.040559 0.006718 0.000900 0.040266 0.998422 0.039151 9.923500 -0.008295 -0.038848 0.999211 -1.227300 0.000000 0.000000 0.000000 1.000000
0.999080 -0.038820 -0.018212 0.000900 0.039523 0.998419 0.039968 9.923500 0.016632 -0.040651 0.999035 -1.227300 0.000000 0.000000 0.000000 1.000000
0.997994 -0.040530 -0.048634 0.000900 0.042412 0.998366 0.038307 9.923500 0.047002 -0.040293 0.998082 -1.227300 0.000000 0.000000 0.000000 1.000000
0.996628 -0.036923 -0.073272 0.000900 0.039133 0.998814 0.028958 9.923500 0.072116 -0.031728 0.996892 -1.227300 0.000000 0.000000 0.000000 1.000000
0.995730 -0.026414 -0.088454 0.000900 0.027364 0.999580 0.009535 9.923500 0.088165 -0.011914 0.996035 -1.227300 0.000000 0.000000 0.000000 1.000000
0.995570 0.008292 -0.093656 0.000900 -0.008458 0.999963 -0.001372 9.923500 0.093642 0.002158 0.995604 -1.227300 0.000000 0.000000 0.000000 1.000000
0.990715 0.088936 -0.102834 0.000900 -0.087669 0.996008 0.016788 9.923500 0.103917 -0.007616 0.994557 -1.227300 0.000000 0.000000 0.000000 1.000000
0.986266 0.117298 -0.116274 0.000900 -0.113875 0.992854 0.035679 9.923500 0.119629 -0.021949 0.992576 -1.227300 0.000000 0.000000 0.000000 1.000000
0.988939 0.086213 -0.120697 0.000900 -0.082954 0.996046 0.031785 9.923500 0.122960 -0.021422 0.992180 -1.227300 0.000000 0.000000 0.000000 1.000000
0.989389 0.076739 -0.123371 0.000900 -0.073947 0.996895 0.027061 9.923500 0.125064 -0.017651 0.991992 -1.227300 0.000000 0.000000 0.000000 1.000000
0.984247 0.119905 -0.129926 0.000900 -0.116192 0.992581 0.035817 9.923500 0.133257 -0.020156 0.990877 -1.227300 0.000000 0.000000 0.000000 1.000000
0.980439 0.152718 -0.124164 0.000900 -0.149223 0.988110 0.037031 9.923500 0.128343 -0.017779 0.991570 -1.227300 0.000000 0.000000 0.000000 1.000000
0.986972 0.121514 -0.105451 0.000900 -0.119661 0.992531 0.023747 9.923500 0.107549 -0.010820 0.994141 -1.227300 0.000000 0.000000 0.000000 1.000000
0.993185 0.077647 -0.086912 0.000900 -0.076283 0.996907 0.018915 9.923500 0.088112 -0.012157 0.996036 -1.227300 0.000000 0.000000 0.000000 1.000000
0.996179 0.054791 -0.068017 0.000900 -0.053035 0.998218 0.027358 9.923500 0.069395 -0.023646 0.997309 -1.227300 0.000000 0.000000 0.000000 1.000000
0.997809 0.043604 -0.049762 0.000900 -0.041310 0.998076 0.046229 9.923500 0.051682 -0.044072 0.997691 -1.227300 0.000000 0.000000 0.000000 1.000000
0.999148 0.024795 -0.032997 0.000900 -0.022586 0.997582 0.065725 9.923500 0.034547 -0.064924 0.997292 -1.227300 0.000000 0.000000 0.000000 1.000000
0.999678 0.010538 -0.023066 0.000900 -0.008662 0.996762 0.079945 9.923500 0.023834 -0.079720 0.996532 -1.227300 0.000000 0.000000 0.000000 1.000000
0.999829 -0.000240 -0.018500 0.000900 0.001997 0.995473 0.095022 9.923500 0.018393 -0.095043 0.995303 -1.227300 0.000000 0.000000 0.000000 1.000000
0.999934 -0.001659 -0.011387 0.000900 0.002897 0.993968 0.109632 9.923500 0.011136 -0.109658 0.993907 -1.227300 0.000000 0.000000 0.000000 1.000000
0.999933 0.011520 -0.000879 0.000900 -0.011342 0.993245 0.115477 9.923500 0.002204 -0.115459 0.993310 -1.227300 0.000000 0.000000 0.000000 1.000000
0.999440 0.031501 0.011297 0.000900 -0.032574 0.993111 0.112562 9.923500 -0.007673 -0.112867 0.993580 -1.227300 0.000000 0.000000 0.000000 1.000000
0.999014 0.036453 0.025360 0.000900 -0.038895 0.993854 0.103640 9.923500 -0.021426 -0.104525 0.994291 -1.227300 0.000000 0.000000 0.000000 1.000000
0.998580 0.026581 0.046175 0.000900 -0.030397 0.996002 0.084002 9.923500 -0.043757 -0.085287 0.995395 -1.227300 0.000000 0.000000 0.000000 1.000000
0.996889 0.026012 0.074401 0.000900 -0.029920 0.998203 0.051916 9.923500 -0.072917 -0.053980 0.995876 -1.227300 0.000000 0.000000 0.000000 1.000000
0.995046 0.013966 0.098426 0.000900 -0.016389 0.999581 0.023854 9.923500 -0.098051 -0.025349 0.994858 -1.227300 0.000000 0.000000 0.000000 1.000000
0.993167 0.019944 0.114983 0.000900 -0.019496 0.999797 -0.005017 9.923500 -0.115060 0.002741 0.993355 -1.227300 0.000000 0.000000 0.000000 1.000000
0.993272 0.046111 0.106230 0.000900 -0.041623 0.998160 -0.044086 9.923500 -0.108068 0.039368 0.993364 -1.227300 0.000000 0.000000 0.000000 1.000000
0.995094 0.047743 0.086650 0.000900 -0.040622 0.995790 -0.082166 9.923500 -0.090208 0.078243 0.992845 -1.227300 0.000000 0.000000 0.000000 1.000000
0.995990 0.049332 0.074635 0.000900 -0.040451 0.992408 -0.116143 9.923500 -0.079798 0.112659 0.990424 -1.227300 0.000000 0.000000 0.000000 1.000000
0.996320 0.062479 0.058682 0.000900 -0.053521 0.988208 -0.143457 9.923500 -0.066953 0.139788 0.987915 -1.227300 0.000000 0.000000 0.000000 1.000000
0.997140 0.066566 0.035788 0.000900 -0.060348 0.986355 -0.153175 9.923500 -0.045496 0.150578 0.987551 -1.227300 0.000000 0.000000 0.000000 1.000000
0.997933 0.060721 0.021033 0.000900 -0.056842 0.986771 -0.151831 9.923500 -0.029974 0.150322 0.988183 -1.227300 0.000000 0.000000 0.000000 1.000000
0.998294 0.055988 0.016586 0.000900 -0.052858 0.987150 -0.150799 9.923500 -0.024816 0.149665 0.988425 -1.227300 0.000000 0.000000 0.000000 1.000000
0.998602 0.050950 0.014049 0.000900 -0.048226 0.987173 -0.152198 9.923500 -0.021623 0.151308 0.988250 -1.227300 0.000000 0.000000 0.000000 1.000000
0.999172 0.039332 0.010431 0.000900 -0.037357 0.988271 -0.148070 9.923500 -0.016133 0.147558 0.988922 -1.227300 0.000000 0.000000 0.000000 1.000000
0.999640 0.025669 0.007781 0.000900 -0.024375 0.990429 -0.135851 9.923500 -0.011194 0.135613 0.990699 -1.227300 0.000000 0.000000 0.000000 1.000000
0.999855 0.015536 0.006905 0.000900 -0.014592 0.992624 -0.120349 9.923500 -0.008724 0.120231 0.992708 -1.227300 0.000000 0.000000 0.000000 1.000000
0.999915 0.009662 0.008757 0.000900 -0.008700 0.994550 -0.103893 9.923500 -0.009714 0.103808 0.994550 -1.227300 0.000000 0.000000 0.000000 1.000000
0.999916 0.004621 0.012144 0.000900 -0.003559 0.996281 -0.086094 9.923500 -0.012497 0.086044 0.996213 -1.227300 0.000000 0.000000 0.000000 1.000000
0.999896 -0.003487 0.014012 0.000900 0.004437 0.997652 -0.068349 9.923500 -0.013740 0.068404 0.997563 -1.227300 0.000000 0.000000 0.000000 1.000000
0.999818 -0.010636 0.015863 0.000900 0.011420 0.998678 -0.050125 9.923500 -0.015309 0.050297 0.998617 -1.227300 0.000000 0.000000 0.000000 1.000000
0.999697 -0.016796 0.017968 0.000900 0.017373 0.999321 -0.032479 9.923500 -0.017411 0.032782 0.999311 -1.227300 0.000000 0.000000 0.000000 1.000000
0.999522 -0.024261 0.019138 0.000900 0.024578 0.999561 -0.016520 9.923500 -0.018729 0.016982 0.999680 -1.227300 0.000000 0.000000 0.000000 1.000000
0.999265 -0.031727 0.021509 0.000900 0.031803 0.999489 -0.003220 9.923500 -0.021395 0.003902 0.999763 -1.227300 0.000000 0.000000 0.000000 1.000000
0.998958 -0.038408 0.024649 0.000900 0.038234 0.999241 0.007489 9.923500 -0.024918 -0.006539 0.999668 -1.227300 0.000000 0.000000 0.000000 1.000000
0.998651 -0.044383 0.026961 0.000900 0.043880 0.998857 0.018978 9.923500 -0.027772 -0.017769 0.999456 -1.227300 0.000000 0.000000 0.000000 1.000000
0.998533 -0.046638 0.027502 0.000900 0.045765 0.998453 0.031574 9.923500 -0.028932 -0.030269 0.999123 -1.227300 0.000000 0.000000 0.000000 1.000000
0.998549 -0.047969 0.024474 0.000900 0.046851 0.997916 0.044378 9.923500 -0.026552 -0.043167 0.998715 -1.227300 0.000000 0.000000 0.000000 1.000000
0.998378 -0.053972 0.018097 0.000900 0.052879 0.997018 0.056196 9.923500 -0.021076 -0.055148 0.998256 -1.227300 0.000000 0.000000 0.000000 1.000000
0.998087 -0.060880 0.010808 0.000900 0.060076 0.996174 0.063471 9.923500 -0.014631 -0.062700 0.997925 -1.227300 0.000000 0.000000 0.000000 1.000000
0.997865 -0.064770 0.008352 0.000900 0.064074 0.995724 0.066543 9.923500 -0.012626 -0.065866 0.997749 -1.227300 0.000000 0.000000 0.000000 1.000000
0.997694 -0.066498 0.013576 0.000900 0.065410 0.995465 0.069067 9.923500 -0.018107 -0.068020 0.997520 -1.227300 0.000000 0.000000 0.000000 1.000000
