<?xml version="1.0" encoding="utf-8"?>
<COLLADA xmlns="http://www.collada.org/2005/11/COLLADASchema" version="1.4.1">
  <asset>
    <contributor>
      <author>Mixamo</author>
      <authoring_tool>COLLADA Mixamo exporter</authoring_tool>
      <comments/>
    </contributor>
    <created>2024-03-07T14:07:32Z</created>
    <modified>2024-03-07T14:07:32Z</modified>
    <revision/>
    <title/>
    <unit meter="0.010000"/>
    <up_axis>Y_UP</up_axis>
  </asset>
  <library_animations>
    <animation id="mixamorig_Hips-anim" name="mixamorig_Hips">
      <source id="mixamorig_Hips-Matrix-animation-input">
        <float_array id="mixamorig_Hips-Matrix-animation-input-array" count="64">

0.000000 0.033333 0.066667 0.100000 0.133333 0.166667 0.200000 0.233333 0.266667 0.300000 0.333333 0.366667 0.400000 0.433333 0.466667 0.500000
0.533333 0.566667 0.600000 0.633333 0.666667 0.700000 0.733333 0.766667 0.800000 0.833333 0.866667 0.900000 0.933333 0.966667 1.000000 1.033333
1.066667 1.100000 1.133333 1.166667 1.200000 1.233333 1.266667 1.300000 1.333333 1.366667 1.400000 1.433333 1.466667 1.500000 1.533333 1.566667
1.600000 1.633333 1.666667 1.700000 1.733333 1.766667 1.800000 1.833333 1.866667 1.900000 1.933333 1.966667 2.000000 2.033333 2.066667 2.100000</float_array>
        <technique_common>
          <accessor source="#mixamorig_Hips-Matrix-animation-input-array" count="64">
            <param name="TIME" type="float"/>
          </accessor>
        </technique_common>
      </source>
      <source id="mixamorig_Hips-Matrix-animation-output-transform">
        <float_array id="mixamorig_Hips-Matrix-animation-output-transform-array" count="1024">

0.570745 0.256330 -0.780093 -0.022783 -0.077937 0.962648 0.259295 90.594933 0.817420 -0.087194 0.569405 0.019798 0.000000 0.000000 0.000000 1.000000
0.570728 0.256825 -0.779942 -0.022084 -0.077922 0.962483 0.259914 90.594719 0.817434 -0.087566 0.569328 0.019142 0.000000 0.000000 0.000000 1.000000
0.570704 0.257355 -0.779786 -0.020182 -0.077907 0.962305 0.260574 90.594467 0.817452 -0.087960 0.569241 0.017503 0.000000 0.000000 0.000000 1.000000
0.570655 0.257927 -0.779632 -0.016907 -0.077896 0.962114 0.261282 90.594200 0.817487 -0.088372 0.569127 0.014841 0.000000 0.000000 0.000000 1.000000
0.570580 0.258540 -0.779484 -0.012353 -0.077888 0.961911 0.262034 90.593933 0.817540 -0.088799 0.568984 0.011201 0.000000 0.000000 0.000000 1.000000
0.570491 0.259186 -0.779334 -0.006638 -0.077882 0.961695 0.262824 90.593651 0.817603 -0.089243 0.568825 0.006671 0.000000 0.000000 0.000000 1.000000
0.570402 0.259861 -0.779175 0.000159 -0.077875 0.961470 0.263649 90.593430 0.817665 -0.089708 0.568662 0.001214 0.000000 0.000000 0.000000 1.000000
0.570315 0.260563 -0.779004 0.008014 -0.077868 0.961235 0.264508 90.593086 0.817727 -0.090194 0.568496 -0.005112 0.000000 0.000000 0.000000 1.000000
0.570227 0.261288 -0.778826 0.016797 -0.077859 0.960991 0.265396 90.592773 0.817789 -0.090697 0.568327 -0.012198 0.000000 0.000000 0.000000 1.000000
0.570137 0.262035 -0.778641 0.026460 -0.077851 0.960738 0.266311 90.592468 0.817853 -0.091216 0.568152 -0.019942 0.000000 0.000000 0.000000 1.000000
0.570045 0.262802 -0.778449 0.036944 -0.077843 0.960478 0.267250 90.592186 0.817917 -0.091748 0.567973 -0.028322 0.000000 0.000000 0.000000 1.000000
0.569954 0.263585 -0.778252 0.048173 -0.077835 0.960211 0.268210 90.591843 0.817982 -0.092292 0.567792 -0.037267 0.000000 0.000000 0.000000 1.000000
0.569862 0.264381 -0.778049 0.060045 -0.077826 0.959939 0.269186 90.591515 0.818047 -0.092846 0.567608 -0.046754 0.000000 0.000000 0.000000 1.000000
0.569770 0.265189 -0.777841 0.072535 -0.077818 0.959661 0.270175 90.591194 0.818111 -0.093408 0.567423 -0.056740 0.000000 0.000000 0.000000 1.000000
0.569679 0.266004 -0.777630 0.085569 -0.077809 0.959380 0.271174 90.590851 0.818176 -0.093976 0.567236 -0.067198 0.000000 0.000000 0.000000 1.000000
0.569587 0.266829 -0.777414 0.099137 -0.077800 0.959095 0.272185 90.590515 0.818241 -0.094550 0.567047 -0.078093 0.000000 0.000000 0.000000 1.000000
0.569495 0.267661 -0.777195 0.113183 -0.077791 0.958805 0.273205 90.590202 0.818305 -0.095130 0.566857 -0.089357 0.000000 0.000000 0.000000 1.000000
0.569405 0.268489 -0.776976 0.127455 -0.077782 0.958517 0.274219 90.589844 0.818369 -0.095707 0.566667 -0.100763 0.000000 0.000000 0.000000 1.000000
0.569317 0.269298 -0.776760 0.141676 -0.077773 0.958233 0.275211 90.589508 0.818431 -0.096272 0.566483 -0.112140 0.000000 0.000000 0.000000 1.000000
0.569229 0.270115 -0.776541 0.156326 -0.077763 0.957946 0.276212 90.589142 0.818493 -0.096841 0.566296 -0.123817 0.000000 0.000000 0.000000 1.000000
0.569134 0.271010 -0.776299 0.172689 -0.077753 0.957629 0.277310 90.588745 0.818560 -0.097467 0.566092 -0.136919 0.000000 0.000000 0.000000 1.000000
0.569027 0.272025 -0.776022 0.191576 -0.077742 0.957269 0.278553 90.588341 0.818635 -0.098175 0.565860 -0.152052 0.000000 0.000000 0.000000 1.000000
0.568915 0.273102 -0.775726 0.211976 -0.077729 0.956885 0.279875 90.587845 0.818715 -0.098928 0.565614 -0.168381 0.000000 0.000000 0.000000 1.000000
0.568806 0.274160 -0.775433 0.232350 -0.077717 0.956505 0.281172 90.587410 0.818792 -0.099668 0.565372 -0.184682 0.000000 0.000000 0.000000 1.000000
0.568701 0.275166 -0.775154 0.252054 -0.077706 0.956143 0.282405 90.586983 0.818866 -0.100370 0.565141 -0.200418 0.000000 0.000000 0.000000 1.000000
0.568599 0.276124 -0.774887 0.271094 -0.077694 0.955796 0.283579 90.586533 0.818937 -0.101039 0.564918 -0.215651 0.000000 0.000000 0.000000 1.000000
0.568505 0.277038 -0.774631 0.289463 -0.077684 0.955464 0.284699 90.586128 0.819004 -0.101677 0.564707 -0.230369 0.000000 0.000000 0.000000 1.000000
0.568422 0.277898 -0.774383 0.306968 -0.077672 0.955150 0.285755 90.585739 0.819063 -0.102282 0.564513 -0.244421 0.000000 0.000000 0.000000 1.000000
0.568352 0.278696 -0.774148 0.323411 -0.077662 0.954857 0.286736 90.585350 0.819112 -0.102845 0.564338 -0.257581 0.000000 0.000000 0.000000 1.000000
0.568290 0.279425 -0.773930 0.338640 -0.077651 0.954588 0.287632 90.585037 0.819156 -0.103362 0.564181 -0.269774 0.000000 0.000000 0.000000 1.000000
0.568235 0.280080 -0.773734 0.352427 -0.077643 0.954346 0.288437 90.584724 0.819195 -0.103825 0.564039 -0.280815 0.000000 0.000000 0.000000 1.000000
0.568185 0.280654 -0.773562 0.364617 -0.077634 0.954132 0.289144 90.584473 0.819230 -0.104233 0.563912 -0.290557 0.000000 0.000000 0.000000 1.000000
0.568143 0.281144 -0.773416 0.375084 -0.077627 0.953950 0.289746 90.584221 0.819261 -0.104579 0.563804 -0.298907 0.000000 0.000000 0.000000 1.000000
0.568109 0.281541 -0.773297 0.383650 -0.077621 0.953803 0.290234 90.584030 0.819285 -0.104860 0.563717 -0.305742 0.000000 0.000000 0.000000 1.000000
0.568083 0.281836 -0.773207 0.390100 -0.077620 0.953693 0.290595 90.583908 0.819303 -0.105066 0.563653 -0.310916 0.000000 0.000000 0.000000 1.000000
0.568067 0.282023 -0.773151 0.394253 -0.077622 0.953623 0.290821 90.583809 0.819314 -0.105192 0.563613 -0.314250 0.000000 0.000000 0.000000 1.000000
0.568060 0.282095 -0.773130 0.395964 -0.077622 0.953597 0.290909 90.583763 0.819318 -0.105242 0.563597 -0.315613 0.000000 0.000000 0.000000 1.000000
0.568064 0.282044 -0.773146 0.395150 -0.077619 0.953615 0.290849 90.583794 0.819316 -0.105210 0.563607 -0.314974 0.000000 0.000000 0.000000 1.000000
0.568080 0.281853 -0.773204 0.391851 -0.077618 0.953686 0.290616 90.583908 0.819305 -0.105078 0.563647 -0.312365 0.000000 0.000000 0.000000 1.000000
0.568106 0.281515 -0.773308 0.386230 -0.077624 0.953813 0.290200 90.584106 0.819286 -0.104837 0.563719 -0.307865 0.000000 0.000000 0.000000 1.000000
0.568144 0.281038 -0.773453 0.378471 -0.077633 0.953991 0.289612 90.584328 0.819259 -0.104496 0.563822 -0.301618 0.000000 0.000000 0.000000 1.000000
0.568200 0.280436 -0.773631 0.368650 -0.077643 0.954215 0.288870 90.584656 0.819219 -0.104069 0.563959 -0.293690 0.000000 0.000000 0.000000 1.000000
0.568276 0.279721 -0.773834 0.356964 -0.077653 0.954479 0.287994 90.585060 0.819166 -0.103570 0.564128 -0.284271 0.000000 0.000000 0.000000 1.000000
0.568366 0.278916 -0.774058 0.343812 -0.077663 0.954775 0.287008 90.585419 0.819102 -0.103010 0.564323 -0.273723 0.000000 0.000000 0.000000 1.000000
0.568466 0.278030 -0.774304 0.329342 -0.077675 0.955099 0.285923 90.585869 0.819032 -0.102393 0.564537 -0.262160 0.000000 0.000000 0.000000 1.000000
0.568578 0.277025 -0.774581 0.312992 -0.077688 0.955466 0.284691 90.586365 0.818953 -0.101694 0.564778 -0.249135 0.000000 0.000000 0.000000 1.000000
0.568710 0.275841 -0.774906 0.293781 -0.077703 0.955896 0.283241 90.586945 0.818859 -0.100870 0.565062 -0.233768 0.000000 0.000000 0.000000 1.000000
0.568863 0.274480 -0.775278 0.271660 -0.077720 0.956387 0.281573 90.587585 0.818752 -0.099922 0.565386 -0.216077 0.000000 0.000000 0.000000 1.000000
0.569028 0.273010 -0.775676 0.247766 -0.077737 0.956914 0.279772 90.588348 0.818636 -0.098899 0.565734 -0.196928 0.000000 0.000000 0.000000 1.000000
0.569197 0.271498 -0.776082 0.223145 -0.077756 0.957452 0.277919 90.588959 0.818516 -0.097846 0.566090 -0.177186 0.000000 0.000000 0.000000 1.000000
0.569369 0.269967 -0.776490 0.198246 -0.077773 0.957994 0.276043 90.589676 0.818395 -0.096780 0.566448 -0.157257 0.000000 0.000000 0.000000 1.000000
0.569541 0.268425 -0.776898 0.173248 -0.077791 0.958534 0.274154 90.590309 0.818273 -0.095706 0.566806 -0.137286 0.000000 0.000000 0.000000 1.000000
0.569713 0.266890 -0.777301 0.148368 -0.077808 0.959069 0.272273 90.590927 0.818152 -0.094637 0.567161 -0.117402 0.000000 0.000000 0.000000 1.000000
0.569881 0.265384 -0.777693 0.123937 -0.077824 0.959590 0.270426 90.591576 0.818033 -0.093587 0.567506 -0.097836 0.000000 0.000000 0.000000 1.000000
0.570043 0.263927 -0.778070 0.100308 -0.077840 0.960090 0.268641 90.592178 0.817919 -0.092572 0.567837 -0.078894 0.000000 0.000000 0.000000 1.000000
0.570199 0.262539 -0.778426 0.077818 -0.077854 0.960563 0.266940 90.592697 0.817809 -0.091606 0.568152 -0.060894 0.000000 0.000000 0.000000 1.000000
0.570348 0.261240 -0.778754 0.056812 -0.077866 0.961003 0.265349 90.593178 0.817704 -0.090702 0.568448 -0.044094 0.000000 0.000000 0.000000 1.000000
0.570479 0.260051 -0.779055 0.037585 -0.077878 0.961403 0.263892 90.593620 0.817612 -0.089873 0.568713 -0.028730 0.000000 0.000000 0.000000 1.000000
0.570575 0.258995 -0.779337 0.020447 -0.077892 0.961758 0.262592 90.594002 0.817543 -0.089125 0.568928 -0.014988 0.000000 0.000000 0.000000 1.000000
0.570629 0.258086 -0.779598 0.005648 -0.077908 0.962063 0.261467 90.594330 0.817504 -0.088464 0.569088 -0.003054 0.000000 0.000000 0.000000 1.000000
0.570657 0.257342 -0.779824 -0.006430 -0.077923 0.962313 0.260541 90.594574 0.817483 -0.087913 0.569203 0.006714 0.000000 0.000000 0.000000 1.000000
0.570674 0.256800 -0.779991 -0.015258 -0.077935 0.962494 0.259866 90.594772 0.817470 -0.087510 0.569284 0.013851 0.000000 0.000000 0.000000 1.000000
0.570690 0.256489 -0.780081 -0.020557 -0.077941 0.962598 0.259481 90.594872 0.817459 -0.087283 0.569336 0.018130 0.000000 0.000000 0.000000 1.000000
0.570745 0.256330 -0.780093 -0.022784 -0.077937 0.962648 0.259295 90.594849 0.817420 -0.087194 0.569405 0.019796 0.000000 0.000000 0.000000 1.000000</float_array>
        <technique_common>
          <accessor source="#mixamorig_Hips-Matrix-animation-output-transform-array" count="64" stride="16">
            <param type="float4x4"/>
          </accessor>
        </technique_common>
      </source>
      <source id="mixamorig_Hips-Interpolations">
        <Name_array id="mixamorig_Hips-Interpolations-array" count="64">
 LINEAR LINEAR LINEAR LINEAR LINEAR LINEAR LINEAR LINEAR LINEAR LINEAR LINEAR
LINEAR LINEAR LINEAR LINEAR LINEAR LINEAR LINEAR LINEAR LINEAR LINEAR LINEAR LINEAR
LINEAR LINEAR LINEAR LINEAR LINEAR LINEAR LINEAR LINEAR LINEAR LINEAR LINEAR LINEAR
LINEAR LINEAR LINEAR LINEAR LINEAR LINEAR LINEAR LINEAR LINEAR LINEAR LINEAR LINEAR
LINEAR LINEAR LINEAR LINEAR LINEAR LINEAR LINEAR LINEAR LINEAR LINEAR LINEAR LINEAR
LINEAR LINEAR LINEAR LINEAR LINEAR</Name_array>
        <technique_common>
          <accessor source="#mixamorig_Hips-Interpolations-array" count="64">
            <param type="name"/>
          </accessor>
        </technique_common>
      </source>
      <sampler id="mixamorig_Hips-Matrix-animation-transform">
        <input semantic="INPUT" source="#mixamorig_Hips-Matrix-animation-input"/>
        <input semantic="OUTPUT" source="#mixamorig_Hips-Matrix-animation-output-transform"/>
        <input semantic="INTERPOLATION" source="#mixamorig_Hips-Interpolations"/>
      </sampler>
      <channel source="#mixamorig_Hips-Matrix-animation-transform" target="mixamorig_Hips/matrix"/>
    </animation>
    <animation id="mixamorig_Spine-anim" name="mixamorig_Spine">
      <source id="mixamorig_Spine-Matrix-animation-input">
        <float_array id="mixamorig_Spine-Matrix-animation-input-array" count="64">

0.000000 0.033333 0.066667 0.100000 0.133333 0.166667 0.200000 0.233333 0.266667 0.300000 0.333333 0.366667 0.400000 0.433333 0.466667 0.500000
0.533333 0.566667 0.600000 0.633333 0.666667 0.700000 0.733333 0.766667 0.800000 0.833333 0.866667 0.900000 0.933333 0.966667 1.000000 1.033333
1.066667 1.100000 1.133333 1.166667 1.200000 1.233333 1.266667 1.300000 1.333333 1.366667 1.400000 1.433333 1.466667 1.500000 1.533333 1.566667
1.600000 1.633333 1.666667 1.700000 1.733333 1.766667 1.800000 1.833333 1.866667 1.900000 1.933333 1.966667 2.000000 2.033333 2.066667 2.100000</float_array>
        <technique_common>
          <accessor source="#mixamorig_Spine-Matrix-animation-input-array" count="64">
            <param name="TIME" type="float"/>
          </accessor>
        </technique_common>
      </source>
      <source id="mixamorig_Spine-Matrix-animation-output-transform">
        <float_array id="mixamorig_Spine-Matrix-animation-output-transform-array" count="1024">

0.995453 -0.094315 0.013310 0.000800 0.095100 0.976285 -0.194482 9.226300 0.005349 0.194863 0.980816 1.577100 0.000000 0.000000 0.000000 1.000000
0.995450 -0.094355 0.013279 0.000800 0.095131 0.976243 -0.194680 9.226300 0.005406 0.195058 0.980777 1.577100 0.000000 0.000000 0.000000 1.000000
0.995447 -0.094394 0.013237 0.000800 0.095160 0.976180 -0.194981 9.226300 0.005484 0.195353 0.980718 1.577100 0.000000 0.000000 0.000000 1.000000
0.995443 -0.094440 0.013193 0.000800 0.095194 0.976096 -0.195382 9.226300 0.005574 0.195748 0.980638 1.577100 0.000000 0.000000 0.000000 1.000000
0.995439 -0.094489 0.013135 0.000800 0.095227 0.975990 -0.195898 9.226300 0.005691 0.196255 0.980536 1.577100 0.000000 0.000000 0.000000 1.000000
0.995435 -0.094538 0.013070 0.000800 0.095260 0.975878 -0.196439 9.226300 0.005816 0.196787 0.980429 1.577100 0.000000 0.000000 0.000000 1.000000
0.995432 -0.094583 0.013008 0.000800 0.095288 0.975747 -0.197073 9.226300 0.005948 0.197412 0.980303 1.577100 0.000000 0.000000 0.000000 1.000000
0.995429 -0.094623 0.012945 0.000800 0.095310 0.975594 -0.197819 9.226300 0.006089 0.198148 0.980153 1.577100 0.000000 0.000000 0.000000 1.000000
0.995426 -0.094664 0.012886 0.000800 0.095334 0.975422 -0.198655 9.226300 0.006237 0.198975 0.979985 1.577100 0.000000 0.000000 0.000000 1.000000
0.995422 -0.094693 0.012942 0.000800 0.095368 0.975250 -0.199481 9.226300 0.006267 0.199802 0.979816 1.577100 0.000000 0.000000 0.000000 1.000000
0.995419 -0.094716 0.013026 0.000800 0.095401 0.975054 -0.200421 9.226300 0.006282 0.200745 0.979623 1.577100 0.000000 0.000000 0.000000 1.000000
0.995416 -0.094736 0.013116 0.000800 0.095433 0.974856 -0.201365 9.226300 0.006290 0.201694 0.979428 1.577100 0.000000 0.000000 0.000000 1.000000
0.995415 -0.094737 0.013213 0.000800 0.095447 0.974641 -0.202398 9.226300 0.006297 0.202731 0.979214 1.577100 0.000000 0.000000 0.000000 1.000000
0.995425 -0.094610 0.013309 0.000800 0.095335 0.974425 -0.203487 9.226300 0.006283 0.203825 0.978987 1.577100 0.000000 0.000000 0.000000 1.000000
0.995437 -0.094471 0.013423 0.000800 0.095215 0.974211 -0.204564 9.226300 0.006248 0.204909 0.978761 1.577100 0.000000 0.000000 0.000000 1.000000
0.995450 -0.094317 0.013564 0.000800 0.095086 0.973987 -0.205689 9.226300 0.006189 0.206042 0.978523 1.577100 0.000000 0.000000 0.000000 1.000000
0.995463 -0.094157 0.013702 0.000800 0.094950 0.973745 -0.206893 9.226300 0.006138 0.207256 0.978268 1.577100 0.000000 0.000000 0.000000 1.000000
0.995477 -0.093992 0.013849 0.000800 0.094812 0.973504 -0.208088 9.226300 0.006076 0.208460 0.978012 1.577100 0.000000 0.000000 0.000000 1.000000
0.995491 -0.093820 0.014004 0.000800 0.094669 0.973265 -0.209265 9.226300 0.006004 0.209647 0.977759 1.577100 0.000000 0.000000 0.000000 1.000000
0.995505 -0.093643 0.014156 0.000800 0.094520 0.973016 -0.210491 9.226300 0.005937 0.210883 0.977493 1.577100 0.000000 0.000000 0.000000 1.000000
0.995522 -0.093432 0.014355 0.000800 0.094348 0.972735 -0.211862 9.226300 0.005831 0.212267 0.977194 1.577100 0.000000 0.000000 0.000000 1.000000
0.995542 -0.093175 0.014619 0.000800 0.094144 0.972402 -0.213476 9.226300 0.005675 0.213901 0.976839 1.577100 0.000000 0.000000 0.000000 1.000000
0.995564 -0.092895 0.014903 0.000800 0.093922 0.972050 -0.215169 9.226300 0.005502 0.215615 0.976463 1.577100 0.000000 0.000000 0.000000 1.000000
0.995587 -0.092602 0.015222 0.000800 0.093696 0.971685 -0.216908 9.226300 0.005295 0.217377 0.976073 1.577100 0.000000 0.000000 0.000000 1.000000
0.995609 -0.092308 0.015534 0.000800 0.093468 0.971341 -0.218543 9.226300 0.005085 0.219036 0.975704 1.577100 0.000000 0.000000 0.000000 1.000000
0.995632 -0.092009 0.015876 0.000800 0.093242 0.970988 -0.220199 9.226300 0.004845 0.220718 0.975326 1.577100 0.000000 0.000000 0.000000 1.000000
0.995654 -0.091702 0.016239 0.000800 0.093016 0.970642 -0.221814 9.226300 0.004579 0.222361 0.974954 1.577100 0.000000 0.000000 0.000000 1.000000
0.995676 -0.091406 0.016581 0.000800 0.092797 0.970314 -0.223337 9.226300 0.004326 0.223909 0.974600 1.577100 0.000000 0.000000 0.000000 1.000000
0.995696 -0.091117 0.016934 0.000800 0.092589 0.969998 -0.224791 9.226300 0.004056 0.225391 0.974260 1.577100 0.000000 0.000000 0.000000 1.000000
0.995716 -0.090830 0.017295 0.000800 0.092385 0.969702 -0.226147 9.226300 0.003770 0.226776 0.973940 1.577100 0.000000 0.000000 0.000000 1.000000
0.995735 -0.090556 0.017645 0.000800 0.092193 0.969428 -0.227398 9.226300 0.003487 0.228055 0.973642 1.577100 0.000000 0.000000 0.000000 1.000000
0.995752 -0.090302 0.017968 0.000800 0.092016 0.969180 -0.228524 9.226300 0.003222 0.229207 0.973372 1.577100 0.000000 0.000000 0.000000 1.000000
0.995767 -0.090077 0.018298 0.000800 0.091869 0.968958 -0.229521 9.226300 0.002945 0.230231 0.973132 1.577100 0.000000 0.000000 0.000000 1.000000
0.995779 -0.089881 0.018611 0.000800 0.091749 0.968762 -0.230397 9.226300 0.002679 0.231132 0.972919 1.577100 0.000000 0.000000 0.000000 1.000000
0.995788 -0.089711 0.018902 0.000800 0.091649 0.968601 -0.231113 9.226300 0.002425 0.231872 0.972743 1.577100 0.000000 0.000000 0.000000 1.000000
0.995797 -0.089559 0.019158 0.000800 0.091559 0.968478 -0.231661 9.226300 0.002193 0.232442 0.972608 1.577100 0.000000 0.000000 0.000000 1.000000
0.995805 -0.089431 0.019352 0.000800 0.091479 0.968403 -0.232007 9.226300 0.002009 0.232804 0.972522 1.577100 0.000000 0.000000 0.000000 1.000000
0.995811 -0.089324 0.019528 0.000800 0.091415 0.968374 -0.232153 9.226300 0.001826 0.232966 0.972483 1.577100 0.000000 0.000000 0.000000 1.000000
0.995816 -0.089242 0.019649 0.000800 0.091364 0.968399 -0.232068 9.226300 0.001682 0.232892 0.972501 1.577100 0.000000 0.000000 0.000000 1.000000
0.995819 -0.089183 0.019760 0.000800 0.091333 0.968479 -0.231748 9.226300 0.001531 0.232584 0.972575 1.577100 0.000000 0.000000 0.000000 1.000000
0.995819 -0.089165 0.019851 0.000800 0.091337 0.968605 -0.231218 9.226300 0.001388 0.232064 0.972700 1.577100 0.000000 0.000000 0.000000 1.000000
0.995815 -0.089202 0.019895 0.000800 0.091385 0.968770 -0.230509 9.226300 0.001288 0.231362 0.972867 1.577100 0.000000 0.000000 0.000000 1.000000
0.995808 -0.089286 0.019875 0.000800 0.091463 0.968988 -0.229559 9.226300 0.001238 0.230414 0.973092 1.577100 0.000000 0.000000 0.000000 1.000000
0.995800 -0.089395 0.019794 0.000800 0.091552 0.969236 -0.228475 9.226300 0.001240 0.229327 0.973349 1.577100 0.000000 0.000000 0.000000 1.000000
0.995790 -0.089523 0.019676 0.000800 0.091651 0.969497 -0.227324 9.226300 0.001274 0.228170 0.973620 1.577100 0.000000 0.000000 0.000000 1.000000
0.995779 -0.089687 0.019529 0.000800 0.091778 0.969795 -0.225998 9.226300 0.001330 0.226837 0.973932 1.577100 0.000000 0.000000 0.000000 1.000000
0.995763 -0.089907 0.019314 0.000800 0.091947 0.970156 -0.224374 9.226300 0.001435 0.225200 0.974312 1.577100 0.000000 0.000000 0.000000 1.000000
0.995743 -0.090180 0.019045 0.000800 0.092156 0.970578 -0.222455 9.226300 0.001576 0.223263 0.974757 1.577100 0.000000 0.000000 0.000000 1.000000
0.995721 -0.090487 0.018734 0.000800 0.092390 0.971033 -0.220363 9.226300 0.001748 0.221151 0.975238 1.577100 0.000000 0.000000 0.000000 1.000000
0.995698 -0.090818 0.018380 0.000800 0.092639 0.971499 -0.218193 9.226300 0.001960 0.218957 0.975733 1.577100 0.000000 0.000000 0.000000 1.000000
0.995673 -0.091167 0.017994 0.000800 0.092900 0.971967 -0.215984 9.226300 0.002201 0.216721 0.976231 1.577100 0.000000 0.000000 0.000000 1.000000
0.995647 -0.091527 0.017590 0.000800 0.093170 0.972440 -0.213730 9.226300 0.002457 0.214439 0.976734 1.577100 0.000000 0.000000 0.000000 1.000000
0.995620 -0.091900 0.017174 0.000800 0.093452 0.972916 -0.211429 9.226300 0.002722 0.212108 0.977243 1.577100 0.000000 0.000000 0.000000 1.000000
0.995593 -0.092275 0.016745 0.000800 0.093734 0.973367 -0.209215 9.226300 0.003006 0.209862 0.977726 1.577100 0.000000 0.000000 0.000000 1.000000
0.995565 -0.092649 0.016311 0.000800 0.094016 0.973809 -0.207021 9.226300 0.003297 0.207636 0.978201 1.577100 0.000000 0.000000 0.000000 1.000000
0.995538 -0.093017 0.015881 0.000800 0.094294 0.974228 -0.204910 9.226300 0.003589 0.205493 0.978652 1.577100 0.000000 0.000000 0.000000 1.000000
0.995511 -0.093382 0.015449 0.000800 0.094571 0.974631 -0.202859 9.226300 0.003886 0.203409 0.979086 1.577100 0.000000 0.000000 0.000000 1.000000
0.995484 -0.093730 0.015044 0.000800 0.094838 0.974985 -0.201020 9.226300 0.004174 0.201539 0.979472 1.577100 0.000000 0.000000 0.000000 1.000000
0.995460 -0.094046 0.014655 0.000800 0.095077 0.975308 -0.199334 9.226300 0.004453 0.199823 0.979822 1.577100 0.000000 0.000000 0.000000 1.000000
0.995440 -0.094310 0.014286 0.000800 0.095269 0.975599 -0.197814 9.226300 0.004719 0.198273 0.980135 1.577100 0.000000 0.000000 0.000000 1.000000
0.995425 -0.094520 0.013938 0.000800 0.095412 0.975834 -0.196580 9.226300 0.004980 0.197010 0.980389 1.577100 0.000000 0.000000 0.000000 1.000000
0.995413 -0.094695 0.013627 0.000800 0.095528 0.976027 -0.195562 9.226300 0.005218 0.195967 0.980597 1.577100 0.000000 0.000000 0.000000 1.000000
0.995406 -0.094778 0.013541 0.000800 0.095596 0.976162 -0.194858 9.226300 0.005250 0.195258 0.980738 1.577100 0.000000 0.000000 0.000000 1.000000
0.995431 -0.094536 0.013384 0.000800 0.095330 0.976256 -0.194514 9.226300 0.005322 0.194902 0.980808 1.577100 0.000000 0.000000 0.000000 1.000000</float_array>
        <technique_common>
          <accessor source="#mixamorig_Spine-Matrix-animation-output-transform-array" count="64" stride="16">
            <param type="float4x4"/>
          </accessor>
        </technique_common>
      </source>
      <source id="mixamorig_Spine-Interpolations">
        <Name_array id="mixamorig_Spine-Interpolations-array" count="64">
 LINEAR LINEAR LINEAR LINEAR LINEAR LINEAR LINEAR LINEAR LINEAR LINEAR LINEAR
LINEAR LINEAR LINEAR LINEAR LINEAR LINEAR LINEAR LINEAR LINEAR LINEAR LINEAR LINEAR
LINEAR LINEAR LINEAR LINEAR LINEAR LINEAR LINEAR LINEAR LINEAR LINEAR LINEAR LINEAR
LINEAR LINEAR LINEAR LINEAR LINEAR LINEAR LINEAR LINEAR LINEAR LINEAR LINEAR LINEAR
LINEAR LINEAR LINEAR LINEAR LINEAR LINEAR LINEAR LINEAR LINEAR LINEAR LINEAR LINEAR
LINEAR LINEAR LINEAR LINEAR LINEAR</Name_array>
        <technique_common>
          <accessor source="#mixamorig_Spine-Interpolations-array" count="64">
            <param type="name"/>
          </accessor>
        </technique_common>
      </source>
      <sampler id="mixamorig_Spine-Matrix-animation-transform">
        <input semantic="INPUT" source="#mixamorig_Spine-Matrix-animation-input"/>
        <input semantic="OUTPUT" source="#mixamorig_Spine-Matrix-animation-output-transform"/>
        <input semantic="INTERPOLATION" source="#mixamorig_Spine-Interpolations"/>
      </sampler>
      <channel source="#mixamorig_Spine-Matrix-animation-transform" target="mixamorig_Spine/matrix"/>
    </animation>
    <animation id="mixamorig_Spine1-anim" name="mixamorig_Spine1">
      <source id="mixamorig_Spine1-Matrix-animation-input">
        <float_array id="mixamorig_Spine1-Matrix-animation-input-array" count="64">

0.000000 0.033333 0.066667 0.100000 0.133333 0.166667 0.200000 0.233333 0.266667 0.300000 0.333333 0.366667 0.400000 0.433333 0.466667 0.500000
0.533333 0.566667 0.600000 0.633333 0.666667 0.700000 0.733333 0.766667 0.800000 0.833333 0.866667 0.900000 0.933333 0.966667 1.000000 1.033333
1.066667 1.100000 1.133333 1.166667 1.200000 1.233333 1.266667 1.300000 1.333333 1.366667 1.400000 1.433333 1.466667 1.500000 1.533333 1.566667
1.600000 1.633333 1.666667 1.700000 1.733333 1.766667 1.800000 1.833333 1.866667 1.900000 1.933333 1.966667 2.000000 2.033333 2.066667 2.100000</float_array>
        <technique_common>
          <accessor source="#mixamorig_Spine1-Matrix-animation-input-array" count="64">
            <param name="TIME" type="float"/>
          </accessor>
        </technique_common>
      </source>
      <source id="mixamorig_Spine1-Matrix-animation-output-transform">
        <float_array id="mixamorig_Spine1-Matrix-animation-output-transform-array" count="1024">

0.996370 -0.082852 0.019564 0.000000 0.084457 0.990881 -0.104983 16.254801 -0.010687 0.106254 0.994282 0.000000 0.000000 0.000000 0.000000 1.000000
0.996389 -0.082647 0.019475 0.000000 0.084241 0.990930 -0.104692 16.254801 -0.010646 0.105955 0.994314 0.000000 0.000000 0.000000 0.000000 1.000000
0.996404 -0.082482 0.019367 -0.000000 0.084063 0.990974 -0.104425 16.254801 -0.010579 0.105677 0.994344 0.000000 0.000000 0.000000 0.000000 1.000000
0.996416 -0.082368 0.019254 0.000000 0.083934 0.991007 -0.104210 16.254801 -0.010497 0.105453 0.994369 -0.000000 0.000000 0.000000 0.000000 1.000000
0.996423 -0.082315 0.019117 0.000000 0.083866 0.991030 -0.104051 16.254801 -0.010381 0.105282 0.994388 -0.000000 0.000000 0.000000 0.000000 1.000000
0.996426 -0.082308 0.018974 -0.000000 0.083844 0.991032 -0.104046 16.254801 -0.010240 0.105265 0.994392 0.000000 0.000000 0.000000 0.000000 1.000000
0.996427 -0.082328 0.018838 0.000000 0.083849 0.991028 -0.104077 16.254801 -0.010100 0.105285 0.994391 -0.000000 0.000000 0.000000 0.000000 1.000000
0.996425 -0.082382 0.018705 0.000000 0.083890 0.991022 -0.104109 16.254801 -0.009960 0.105306 0.994390 0.000000 0.000000 0.000000 0.000000 1.000000
0.996419 -0.082486 0.018586 0.000000 0.083981 0.991007 -0.104170 16.254801 -0.009826 0.105358 0.994386 0.000000 0.000000 0.000000 0.000000 1.000000
0.996408 -0.082652 0.018441 0.000000 0.084133 0.990968 -0.104422 16.254801 -0.009644 0.105598 0.994362 0.000000 0.000000 0.000000 0.000000 1.000000
0.996392 -0.082863 0.018339 0.000000 0.084334 0.990929 -0.104626 16.254801 -0.009503 0.105795 0.994343 0.000000 0.000000 0.000000 0.000000 1.000000
0.996373 -0.083115 0.018215 0.000000 0.084575 0.990873 -0.104969 16.254801 -0.009324 0.106129 0.994309 0.000000 0.000000 0.000000 0.000000 1.000000
0.996352 -0.083378 0.018205 0.000000 0.084838 0.990814 -0.105306 16.254801 -0.009257 0.106466 0.994273 0.000000 0.000000 0.000000 0.000000 1.000000
0.996327 -0.083668 0.018237 -0.000000 0.085134 0.990750 -0.105669 16.254801 -0.009227 0.106834 0.994234 0.000000 0.000000 0.000000 0.000000 1.000000
0.996299 -0.083989 0.018291 0.000000 0.085463 0.990670 -0.106157 16.254801 -0.009205 0.107327 0.994181 -0.000000 0.000000 0.000000 0.000000 1.000000
0.996267 -0.084337 0.018399 0.000000 0.085825 0.990584 -0.106669 16.254801 -0.009230 0.107850 0.994124 -0.000000 0.000000 0.000000 0.000000 1.000000
0.996234 -0.084710 0.018493 0.000000 0.086212 0.990496 -0.107169 16.254801 -0.009239 0.108359 0.994069 -0.000000 0.000000 0.000000 0.000000 1.000000
0.996199 -0.085103 0.018602 -0.000000 0.086619 0.990398 -0.107740 16.254801 -0.009254 0.108942 0.994005 0.000000 0.000000 0.000000 0.000000 1.000000
0.996162 -0.085505 0.018736 -0.000000 0.087040 0.990295 -0.108350 16.254801 -0.009290 0.109564 0.993936 0.000000 0.000000 0.000000 0.000000 1.000000
0.996123 -0.085930 0.018868 -0.000000 0.087482 0.990187 -0.108976 16.254801 -0.009319 0.110204 0.993865 0.000000 0.000000 0.000000 0.000000 1.000000
0.996076 -0.086417 0.019078 0.000000 0.087996 0.990062 -0.109701 16.254801 -0.009408 0.110950 0.993781 0.000000 0.000000 0.000000 0.000000 1.000000
0.996020 -0.086995 0.019381 0.000000 0.088612 0.989918 -0.110503 16.254801 -0.009573 0.111780 0.993687 0.000000 0.000000 0.000000 0.000000 1.000000
0.995958 -0.087634 0.019709 0.000000 0.089294 0.989744 -0.111505 16.254801 -0.009736 0.112814 0.993568 0.000000 0.000000 0.000000 0.000000 1.000000
0.995892 -0.088287 0.020110 0.000000 0.089998 0.989571 -0.112468 16.254801 -0.009971 0.113816 0.993452 0.000000 0.000000 0.000000 0.000000 1.000000
0.995826 -0.088940 0.020515 0.000000 0.090704 0.989385 -0.113538 16.254801 -0.010200 0.114925 0.993322 0.000000 0.000000 0.000000 0.000000 1.000000
0.995758 -0.089585 0.020989 0.000000 0.091410 0.989208 -0.114504 16.254801 -0.010505 0.115937 0.993201 0.000000 0.000000 0.000000 0.000000 1.000000
0.995689 -0.090228 0.021514 -0.000000 0.092120 0.989030 -0.115468 16.254801 -0.010859 0.116952 0.993078 0.000000 0.000000 0.000000 0.000000 1.000000
0.995620 -0.090861 0.022011 0.000000 0.092818 0.988844 -0.116498 16.254801 -0.011180 0.118031 0.992947 0.000000 0.000000 0.000000 0.000000 1.000000
0.995552 -0.091476 0.022546 -0.000000 0.093503 0.988664 -0.117475 16.254801 -0.011544 0.119061 0.992820 0.000000 0.000000 0.000000 0.000000 1.000000
0.995484 -0.092069 0.023120 0.000000 0.094173 0.988487 -0.118425 16.254801 -0.011950 0.120068 0.992694 -0.000000 0.000000 0.000000 0.000000 1.000000
0.995419 -0.092636 0.023674 -0.000000 0.094813 0.988314 -0.119354 16.254801 -0.012341 0.121052 0.992570 0.000000 0.000000 0.000000 0.000000 1.000000
0.995356 -0.093172 0.024207 -0.000000 0.095421 0.988147 -0.120254 16.254801 -0.012716 0.122006 0.992448 0.000000 0.000000 0.000000 0.000000 1.000000
0.995295 -0.093670 0.024761 0.000000 0.095995 0.987988 -0.121095 16.254801 -0.013120 0.122903 0.992332 -0.000000 0.000000 0.000000 0.000000 1.000000
0.995238 -0.094129 0.025303 0.000000 0.096527 0.987844 -0.121844 16.254801 -0.013527 0.123706 0.992227 0.000000 0.000000 0.000000 0.000000 1.000000
0.995186 -0.094538 0.025824 -0.000000 0.097007 0.987714 -0.122522 16.254801 -0.013924 0.124437 0.992130 0.000000 0.000000 0.000000 0.000000 1.000000
0.995139 -0.094893 0.026326 0.000000 0.097431 0.987597 -0.123126 16.254801 -0.014316 0.125092 0.992042 0.000000 0.000000 0.000000 0.000000 1.000000
0.995099 -0.095193 0.026767 -0.000000 0.097792 0.987493 -0.123672 16.254801 -0.014660 0.125683 0.991962 0.000000 0.000000 0.000000 0.000000 1.000000
0.995064 -0.095433 0.027205 0.000000 0.098092 0.987411 -0.124088 16.254801 -0.015020 0.126144 0.991898 0.000000 0.000000 0.000000 0.000000 1.000000
0.995038 -0.095611 0.027515 -0.000000 0.098312 0.987344 -0.124441 16.254801 -0.015269 0.126529 0.991845 0.000000 0.000000 0.000000 0.000000 1.000000
0.995020 -0.095717 0.027793 -0.000000 0.098457 0.987298 -0.124697 16.254801 -0.015504 0.126813 0.991806 0.000000 0.000000 0.000000 0.000000 1.000000
0.995011 -0.095739 0.028046 -0.000000 0.098513 0.987279 -0.124800 16.254801 -0.015741 0.126940 0.991786 0.000000 0.000000 0.000000 0.000000 1.000000
0.995012 -0.095667 0.028258 -0.000000 0.098467 0.987298 -0.124684 16.254801 -0.015971 0.126845 0.991794 0.000000 0.000000 0.000000 0.000000 1.000000
0.995023 -0.095506 0.028407 -0.000000 0.098322 0.987334 -0.124514 16.254801 -0.016155 0.126687 0.991811 0.000000 0.000000 0.000000 0.000000 1.000000
0.995042 -0.095286 0.028487 0.000000 0.098111 0.987384 -0.124289 16.254801 -0.016285 0.126468 0.991837 0.000000 0.000000 0.000000 0.000000 1.000000
0.995067 -0.095026 0.028507 0.000000 0.097850 0.987451 -0.123956 16.254801 -0.016370 0.126134 0.991878 0.000000 0.000000 0.000000 0.000000 1.000000
0.995099 -0.094698 0.028465 -0.000000 0.097511 0.987543 -0.123491 16.254801 -0.016416 0.125661 0.991937 0.000000 0.000000 0.000000 0.000000 1.000000
0.995145 -0.094264 0.028298 0.000000 0.097050 0.987666 -0.122870 16.254801 -0.016367 0.125020 0.992019 0.000000 0.000000 0.000000 0.000000 1.000000
0.995204 -0.093717 0.028043 -0.000000 0.096462 0.987823 -0.122067 16.254801 -0.016262 0.124186 0.992126 0.000000 0.000000 0.000000 0.000000 1.000000
0.995272 -0.093091 0.027718 0.000000 0.095785 0.988004 -0.121131 16.254801 -0.016110 0.123213 0.992249 0.000000 0.000000 0.000000 0.000000 1.000000
0.995346 -0.092414 0.027330 0.000000 0.095048 0.988201 -0.120102 16.254801 -0.015909 0.122141 0.992385 0.000000 0.000000 0.000000 0.000000 1.000000
0.995425 -0.091696 0.026857 0.000000 0.094260 0.988410 -0.118997 16.254801 -0.015634 0.120984 0.992531 0.000000 0.000000 0.000000 0.000000 1.000000
0.995507 -0.090945 0.026349 -0.000000 0.093435 0.988628 -0.117836 16.254801 -0.015332 0.119769 0.992683 0.000000 0.000000 0.000000 0.000000 1.000000
0.995592 -0.090166 0.025810 0.000000 0.092580 0.988845 -0.116678 16.254801 -0.015002 0.118553 0.992834 -0.000000 0.000000 0.000000 0.000000 1.000000
0.995679 -0.089373 0.025231 -0.000000 0.091705 0.989078 -0.115390 16.254801 -0.014643 0.117205 0.993000 0.000000 0.000000 0.000000 0.000000 1.000000
0.995765 -0.088577 0.024628 0.000000 0.090826 0.989304 -0.114141 16.254801 -0.014254 0.115895 0.993159 0.000000 0.000000 0.000000 0.000000 1.000000
0.995850 -0.087786 0.024014 0.000000 0.089951 0.989527 -0.112892 16.254801 -0.013852 0.114584 0.993317 0.000000 0.000000 0.000000 0.000000 1.000000
0.995933 -0.087010 0.023374 0.000000 0.089091 0.989735 -0.111748 16.254801 -0.013411 0.113376 0.993462 0.000000 0.000000 0.000000 0.000000 1.000000
0.996013 -0.086259 0.022765 0.000000 0.088259 0.989947 -0.110520 16.254801 -0.013003 0.112089 0.993613 0.000000 0.000000 0.000000 0.000000 1.000000
0.996088 -0.085546 0.022159 -0.000000 0.087468 0.990145 -0.109374 16.254801 -0.012584 0.110884 0.993754 0.000000 0.000000 0.000000 0.000000 1.000000
0.996158 -0.084876 0.021568 0.000000 0.086724 0.990325 -0.108326 16.254801 -0.012166 0.109780 0.993881 -0.000000 0.000000 0.000000 0.000000 1.000000
0.996223 -0.084262 0.020989 0.000000 0.086039 0.990498 -0.107289 16.254801 -0.011749 0.108689 0.994006 0.000000 0.000000 0.000000 0.000000 1.000000
0.996279 -0.083720 0.020457 0.000000 0.085432 0.990642 -0.106440 16.254801 -0.011355 0.107792 0.994109 0.000000 0.000000 0.000000 0.000000 1.000000
0.996328 -0.083254 0.019983 0.000000 0.084908 0.990773 -0.105634 16.254801 -0.011004 0.106943 0.994204 -0.000000 0.000000 0.000000 0.000000 1.000000
0.996370 -0.082861 0.019530 0.000000 0.084463 0.990882 -0.104968 16.254801 -0.010654 0.106236 0.994284 0.000000 0.000000 0.000000 0.000000 1.000000</float_array>
        <technique_common>
          <accessor source="#mixamorig_Spine1-Matrix-animation-output-transform-array" count="64" stride="16">
            <param type="float4x4"/>
          </accessor>
        </technique_common>
      </source>
      <source id="mixamorig_Spine1-Interpolations">
        <Name_array id="mixamorig_Spine1-Interpolations-array" count="64">
 LINEAR LINEAR LINEAR LINEAR LINEAR LINEAR LINEAR LINEAR LINEAR LINEAR LINEAR
LINEAR LINEAR LINEAR LINEAR LINEAR LINEAR LINEAR LINEAR LINEAR LINEAR LINEAR LINEAR
LINEAR LINEAR LINEAR LINEAR LINEAR LINEAR LINEAR LINEAR LINEAR LINEAR LINEAR LINEAR
LINEAR LINEAR LINEAR LINEAR LINEAR LINEAR LINEAR LINEAR LINEAR LINEAR LINEAR LINEAR
LINEAR LINEAR LINEAR LINEAR LINEAR LINEAR LINEAR LINEAR LINEAR LINEAR LINEAR LINEAR
LINEAR LINEAR LINEAR LINEAR LINEAR</Name_array>
        <technique_common>
          <accessor source="#mixamorig_Spine1-Interpolations-array" count="64">
            <param type="name"/>
          </accessor>
        </technique_common>
      </source>
      <sampler id="mixamorig_Spine1-Matrix-animation-transform">
        <input semantic="INPUT" source="#mixamorig_Spine1-Matrix-animation-input"/>
        <input semantic="OUTPUT" source="#mixamorig_Spine1-Matrix-animation-output-transform"/>
        <input semantic="INTERPOLATION" source="#mixamorig_Spine1-Interpolations"/>
      </sampler>
      <channel source="#mixamorig_Spine1-Matrix-animation-transform" target="mixamorig_Spine1/matrix"/>
    </animation>
    <animation id="mixamorig_Spine2-anim" name="mixamorig_Spine2">
      <source id="mixamorig_Spine2-Matrix-animation-input">
        <float_array id="mixamorig_Spine2-Matrix-animation-input-array" count="64">

0.000000 0.033333 0.066667 0.100000 0.133333 0.166667 0.200000 0.233333 0.266667 0.300000 0.333333 0.366667 0.400000 0.433333 0.466667 0.500000
0.533333 0.566667 0.600000 0.633333 0.666667 0.700000 0.733333 0.766667 0.800000 0.833333 0.866667 0.900000 0.933333 0.966667 1.000000 1.033333
1.066667 1.100000 1.133333 1.166667 1.200000 1.233333 1.266667 1.300000 1.333333 1.366667 1.400000 1.433333 1.466667 1.500000 1.533333 1.566667
1.600000 1.633333 1.666667 1.700000 1.733333 1.766667 1.800000 1.833333 1.866667 1.900000 1.933333 1.966667 2.000000 2.033333 2.066667 2.100000</float_array>
        <technique_common>
          <accessor source="#mixamorig_Spine2-Matrix-animation-input-array" count="64">
            <param name="TIME" type="float"/>
          </accessor>
        </technique_common>
      </source>
      <source id="mixamorig_Spine2-Matrix-animation-output-transform">
        <float_array id="mixamorig_Spine2-Matrix-animation-output-transform-array" count="1024">

0.996438 -0.083446 0.012174 -0.000000 0.083878 0.995640 -0.040820 13.700700 -0.008714 0.041696 0.999092 0.000000 0.000000 0.000000 0.000000 1.000000
0.996419 -0.083735 0.011770 0.000000 0.084142 0.995657 -0.039850 13.700700 -0.008382 0.040697 0.999136 0.000000 0.000000 0.000000 0.000000 1.000000
0.996401 -0.084002 0.011374 -0.000000 0.084385 0.995672 -0.038950 13.700700 -0.008053 0.039770 0.999176 0.000000 0.000000 0.000000 0.000000 1.000000
0.996385 -0.084232 0.011002 0.000000 0.084594 0.995685 -0.038158 13.700700 -0.007741 0.038951 0.999211 0.000000 0.000000 0.000000 0.000000 1.000000
0.996373 -0.084426 0.010642 -0.000000 0.084769 0.995696 -0.037478 13.700700 -0.007432 0.038244 0.999241 -0.000000 0.000000 0.000000 0.000000 1.000000
0.996363 -0.084577 0.010328 -0.000000 0.084904 0.995701 -0.037017 13.700700 -0.007152 0.037759 0.999261 0.000000 0.000000 0.000000 0.000000 1.000000
0.996358 -0.084666 0.010083 0.000000 0.084982 0.995707 -0.036672 13.700700 -0.006935 0.037395 0.999276 0.000000 0.000000 0.000000 0.000000 1.000000
0.996356 -0.084712 0.009898 0.000000 0.085019 0.995714 -0.036413 13.700700 -0.006771 0.037122 0.999288 0.000000 0.000000 0.000000 0.000000 1.000000
0.996356 -0.084727 0.009748 0.000000 0.085028 0.995718 -0.036269 13.700700 -0.006634 0.036966 0.999295 0.000000 0.000000 0.000000 0.000000 1.000000
0.996358 -0.084725 0.009589 -0.000000 0.085021 0.995714 -0.036404 13.700700 -0.006464 0.037087 0.999291 0.000000 0.000000 0.000000 0.000000 1.000000
0.996362 -0.084694 0.009496 0.000000 0.084987 0.995710 -0.036586 13.700700 -0.006357 0.037260 0.999285 0.000000 0.000000 0.000000 0.000000 1.000000
0.996369 -0.084620 0.009434 0.000000 0.084914 0.995701 -0.036999 13.700700 -0.006263 0.037666 0.999271 0.000000 0.000000 0.000000 0.000000 1.000000
