<?xml version="1.0" encoding="utf-8"?>
<COLLADA xmlns="http://www.collada.org/2005/11/COLLADASchema" version="1.4.1">
  <asset>
    <contributor>
      <author>Mixamo</author>
      <authoring_tool>COLLADA Mixamo exporter</authoring_tool>
      <comments/>
    </contributor>
    <created>2024-03-07T14:05:36Z</created>
    <modified>2024-03-07T14:05:36Z</modified>
    <revision/>
    <title/>
    <unit meter="0.010000"/>
    <up_axis>Y_UP</up_axis>
  </asset>
  <library_animations>
    <animation id="mixamorig_Hips-anim" name="mixamorig_Hips">
      <source id="mixamorig_Hips-Matrix-animation-input">
        <float_array id="mixamorig_Hips-Matrix-animation-input-array" count="52">

0.000000 0.033333 0.066667 0.100000 0.133333 0.166667 0.200000 0.233333 0.266667 0.300000 0.333333 0.366667 0.400000 0.433333 0.466667 0.500000
0.533333 0.566667 0.600000 0.633333 0.666667 0.700000 0.733333 0.766667 0.800000 0.833333 0.866667 0.900000 0.933333 0.966667 1.000000 1.033333
1.066667 1.100000 1.133333 1.166667 1.200000 1.233333 1.266667 1.300000 1.333333 1.366667 1.400000 1.433333 1.466667 1.500000 1.533333 1.566667
1.600000 1.633333 1.666667 1.700000</float_array>
        <technique_common>
          <accessor source="#mixamorig_Hips-Matrix-animation-input-array" count="52">
            <param name="TIME" type="float"/>
          </accessor>
        </technique_common>
      </source>
      <source id="mixamorig_Hips-Matrix-animation-output-transform">
        <float_array id="mixamorig_Hips-Matrix-animation-output-transform-array" count="832">

0.979903 -0.077841 -0.183662 0.175355 0.062155 0.994029 -0.089678 36.237568 0.189546 0.076460 0.978890 0.337553 0.000000 0.000000 0.000000 1.000000
0.979881 -0.077903 -0.183752 0.166615 0.062260 0.994046 -0.089425 36.237846 0.189624 0.076185 0.978897 0.328285 0.000000 0.000000 0.000000 1.000000
0.979858 -0.077963 -0.183850 0.157129 0.062367 0.994064 -0.089144 36.238060 0.189708 0.075882 0.978904 0.318122 0.000000 0.000000 0.000000 1.000000
0.979833 -0.078022 -0.183955 0.147001 0.062478 0.994085 -0.088839 36.238235 0.189798 0.075554 0.978912 0.307192 0.000000 0.000000 0.000000 1.000000
0.979808 -0.078079 -0.184067 0.136325 0.062590 0.994106 -0.088515 36.238388 0.189893 0.075206 0.978920 0.295603 0.000000 0.000000 0.000000 1.000000
0.979781 -0.078136 -0.184184 0.125202 0.062705 0.994129 -0.088174 36.238495 0.189992 0.074842 0.978929 0.283481 0.000000 0.000000 0.000000 1.000000
0.979754 -0.078192 -0.184305 0.113737 0.062821 0.994153 -0.087820 36.238571 0.190094 0.074464 0.978938 0.270929 0.000000 0.000000 0.000000 1.000000
0.979726 -0.078247 -0.184429 0.102017 0.062938 0.994178 -0.087458 36.238644 0.190198 0.074077 0.978947 0.258095 0.000000 0.000000 0.000000 1.000000
0.979698 -0.078302 -0.184555 0.090153 0.063055 0.994203 -0.087090 36.238693 0.190304 0.073685 0.978956 0.245076 0.000000 0.000000 0.000000 1.000000
0.979670 -0.078357 -0.184681 0.078241 0.063173 0.994228 -0.086720 36.238743 0.190410 0.073291 0.978965 0.231999 0.000000 0.000000 0.000000 1.000000
0.979642 -0.078412 -0.184806 0.066372 0.063291 0.994252 -0.086353 36.238796 0.190515 0.072898 0.978974 0.218974 0.000000 0.000000 0.000000 1.000000
0.979614 -0.078466 -0.184930 0.054656 0.063408 0.994276 -0.085990 36.238865 0.190619 0.072511 0.978982 0.206147 0.000000 0.000000 0.000000 1.000000
0.979587 -0.078522 -0.185051 0.043186 0.063524 0.994299 -0.085637 36.238953 0.190720 0.072133 0.978991 0.193600 0.000000 0.000000 0.000000 1.000000
0.979560 -0.078578 -0.185168 0.032058 0.063638 0.994321 -0.085296 36.239048 0.190819 0.071768 0.978998 0.181467 0.000000 0.000000 0.000000 1.000000
0.979535 -0.078634 -0.185279 0.021377 0.063751 0.994342 -0.084971 36.239201 0.190913 0.071420 0.979005 0.169887 0.000000 0.000000 0.000000 1.000000
0.979510 -0.078692 -0.185385 0.011244 0.063861 0.994361 -0.084666 36.239380 0.191002 0.071093 0.979012 0.158956 0.000000 0.000000 0.000000 1.000000
0.979487 -0.078751 -0.185483 0.001747 0.063968 0.994378 -0.084385 36.239620 0.191085 0.070789 0.979018 0.148796 0.000000 0.000000 0.000000 1.000000
0.979465 -0.078811 -0.185572 -0.007002 0.064073 0.994393 -0.084131 36.239891 0.191162 0.070514 0.979022 0.139530 0.000000 0.000000 0.000000 1.000000
0.979445 -0.078874 -0.185651 -0.014913 0.064174 0.994405 -0.083908 36.240242 0.191230 0.070270 0.979027 0.131280 0.000000 0.000000 0.000000 1.000000
0.979427 -0.078938 -0.185719 -0.021879 0.064271 0.994415 -0.083719 36.240662 0.191290 0.070061 0.979030 0.124159 0.000000 0.000000 0.000000 1.000000
0.979411 -0.079004 -0.185775 -0.027809 0.064363 0.994421 -0.083569 36.241154 0.191341 0.069891 0.979032 0.118286 0.000000 0.000000 0.000000 1.000000
0.979397 -0.079072 -0.185818 -0.032594 0.064451 0.994425 -0.083459 36.241722 0.191381 0.069764 0.979033 0.113794 0.000000 0.000000 0.000000 1.000000
0.979386 -0.079143 -0.185847 -0.036146 0.064533 0.994425 -0.083395 36.242378 0.191411 0.069683 0.979033 0.110785 0.000000 0.000000 0.000000 1.000000
0.979378 -0.079217 -0.185859 -0.038358 0.064610 0.994421 -0.083380 36.243149 0.191428 0.069652 0.979032 0.109390 0.000000 0.000000 0.000000 1.000000
0.979372 -0.079294 -0.185856 -0.039139 0.064681 0.994413 -0.083418 36.244030 0.191432 0.069676 0.979030 0.109713 0.000000 0.000000 0.000000 1.000000
0.979370 -0.079374 -0.185834 -0.038382 0.064746 0.994401 -0.083511 36.245003 0.191422 0.069756 0.979026 0.111887 0.000000 0.000000 0.000000 1.000000
0.979382 -0.079467 -0.185733 -0.030833 0.064782 0.994370 -0.083853 36.246475 0.191351 0.070092 0.979016 0.122226 0.000000 0.000000 0.000000 1.000000
0.979407 -0.079568 -0.185556 -0.017494 0.064790 0.994324 -0.084397 36.248138 0.191218 0.070637 0.979003 0.138996 0.000000 0.000000 0.000000 1.000000
0.979436 -0.079662 -0.185365 -0.003976 0.064794 0.994277 -0.084936 36.249508 0.191070 0.071179 0.978992 0.155196 0.000000 0.000000 0.000000 1.000000
0.979467 -0.079747 -0.185159 0.009578 0.064794 0.994232 -0.085461 36.250500 0.190907 0.071710 0.978985 0.170590 0.000000 0.000000 0.000000 1.000000
0.979503 -0.079824 -0.184940 0.023041 0.064789 0.994189 -0.085968 36.251080 0.190728 0.072224 0.978982 0.184903 0.000000 0.000000 0.000000 1.000000
0.979541 -0.079890 -0.184708 0.036268 0.064780 0.994148 -0.086450 36.251209 0.190533 0.072716 0.978984 0.197925 0.000000 0.000000 0.000000 1.000000
0.979583 -0.079945 -0.184462 0.049132 0.064767 0.994109 -0.086900 36.250816 0.190323 0.073178 0.978990 0.209398 0.000000 0.000000 0.000000 1.000000
0.979628 -0.079988 -0.184204 0.061487 0.064750 0.994074 -0.087312 36.249912 0.190097 0.073606 0.979002 0.219068 0.000000 0.000000 0.000000 1.000000
0.979676 -0.080018 -0.183934 0.073213 0.064730 0.994043 -0.087680 36.248409 0.189854 0.073992 0.979020 0.226712 0.000000 0.000000 0.000000 1.000000
0.979752 -0.080003 -0.183537 0.088375 0.064667 0.994012 -0.088084 36.244808 0.189485 0.074432 0.979058 0.232988 0.000000 0.000000 0.000000 1.000000
0.979882 -0.080089 -0.182802 0.106674 0.064703 0.993960 -0.088642 36.239079 0.188797 0.075031 0.979146 0.240266 0.000000 0.000000 0.000000 1.000000
0.979953 -0.079972 -0.182476 0.124690 0.064559 0.993945 -0.088907 36.234741 0.188481 0.075345 0.979182 0.247344 0.000000 0.000000 0.000000 1.000000
0.979900 -0.079450 -0.182987 0.142546 0.064036 0.994001 -0.088666 36.232738 0.188934 0.075166 0.979109 0.253308 0.000000 0.000000 0.000000 1.000000
0.979780 -0.078740 -0.183935 0.159228 0.063344 0.994092 -0.088136 36.231853 0.189788 0.074703 0.978979 0.258640 0.000000 0.000000 0.000000 1.000000
0.979709 -0.078262 -0.184513 0.173513 0.062883 0.994153 -0.087783 36.229725 0.190304 0.074399 0.978902 0.264449 0.000000 0.000000 0.000000 1.000000
0.979751 -0.078207 -0.184317 0.184988 0.062821 0.994147 -0.087894 36.225395 0.190112 0.074536 0.978929 0.270786 0.000000 0.000000 0.000000 1.000000
0.979861 -0.078294 -0.183692 0.194273 0.062881 0.994108 -0.088287 36.220528 0.189522 0.074959 0.979011 0.276320 0.000000 0.000000 0.000000 1.000000
0.979936 -0.077957 -0.183435 0.202228 0.062536 0.994119 -0.088407 36.217972 0.189248 0.075162 0.979049 0.278377 0.000000 0.000000 0.000000 1.000000
0.979958 -0.077493 -0.183514 0.207815 0.062063 0.994150 -0.088393 36.217945 0.189290 0.075232 0.979035 0.281466 0.000000 0.000000 0.000000 1.000000
0.979952 -0.077167 -0.183682 0.211460 0.061696 0.994163 -0.088505 36.220127 0.189439 0.075398 0.978993 0.290301 0.000000 0.000000 0.000000 1.000000
0.979945 -0.077091 -0.183751 0.214269 0.061543 0.994140 -0.088874 36.223717 0.189525 0.075783 0.978947 0.306365 0.000000 0.000000 0.000000 1.000000
0.979946 -0.077200 -0.183702 0.216327 0.061554 0.994091 -0.089411 36.227760 0.189519 0.076310 0.978907 0.326227 0.000000 0.000000 0.000000 1.000000
0.979948 -0.077386 -0.183614 0.215906 0.061649 0.994039 -0.089925 36.231670 0.189479 0.076802 0.978877 0.344377 0.000000 0.000000 0.000000 1.000000
0.979944 -0.077583 -0.183550 0.210500 0.061794 0.994001 -0.090239 36.235016 0.189450 0.077087 0.978860 0.355647 0.000000 0.000000 0.000000 1.000000
0.979931 -0.077750 -0.183550 0.197672 0.061970 0.993994 -0.090202 36.237259 0.189461 0.077017 0.978863 0.355025 0.000000 0.000000 0.000000 1.000000
0.979903 -0.077841 -0.183662 0.175355 0.062155 0.994029 -0.089678 36.237568 0.189546 0.076460 0.978890 0.337553 0.000000 0.000000 0.000000 1.000000</float_array>
        <technique_common>
          <accessor source="#mixamorig_Hips-Matrix-animation-output-transform-array" count="52" stride="16">
            <param type="float4x4"/>
          </accessor>
        </technique_common>
      </source>
      <source id="mixamorig_Hips-Interpolations">
        <Name_array id="mixamorig_Hips-Interpolations-array" count="52">
 LINEAR LINEAR LINEAR LINEAR LINEAR LINEAR LINEAR LINEAR LINEAR LINEAR LINEAR
LINEAR LINEAR LINEAR LINEAR LINEAR LINEAR LINEAR LINEAR LINEAR LINEAR LINEAR LINEAR
LINEAR LINEAR LINEAR LINEAR LINEAR LINEAR LINEAR LINEAR LINEAR LINEAR LINEAR LINEAR
LINEAR LINEAR LINEAR LINEAR LINEAR LINEAR LINEAR LINEAR LINEAR LINEAR LINEAR LINEAR
LINEAR LINEAR LINEAR LINEAR LINEAR</Name_array>
        <technique_common>
          <accessor source="#mixamorig_Hips-Interpolations-array" count="52">
            <param type="name"/>
          </accessor>
        </technique_common>
      </source>
      <sampler id="mixamorig_Hips-Matrix-animation-transform">
        <input semantic="INPUT" source="#mixamorig_Hips-Matrix-animation-input"/>
        <input semantic="OUTPUT" source="#mixamorig_Hips-Matrix-animation-output-transform"/>
        <input semantic="INTERPOLATION" source="#mixamorig_Hips-Interpolations"/>
      </sampler>
      <channel source="#mixamorig_Hips-Matrix-animation-transform" target="mixamorig_Hips/matrix"/>
    </animation>
    <animation id="mixamorig_Spine-anim" name="mixamorig_Spine">
      <source id="mixamorig_Spine-Matrix-animation-input">
        <float_array id="mixamorig_Spine-Matrix-animation-input-array" count="52">

0.000000 0.033333 0.066667 0.100000 0.133333 0.166667 0.200000 0.233333 0.266667 0.300000 0.333333 0.366667 0.400000 0.433333 0.466667 0.500000
0.533333 0.566667 0.600000 0.633333 0.666667 0.700000 0.733333 0.766667 0.800000 0.833333 0.866667 0.900000 0.933333 0.966667 1.000000 1.033333
1.066667 1.100000 1.133333 1.166667 1.200000 1.233333 1.266667 1.300000 1.333333 1.366667 1.400000 1.433333 1.466667 1.500000 1.533333 1.566667
1.600000 1.633333 1.666667 1.700000</float_array>
        <technique_common>
          <accessor source="#mixamorig_Spine-Matrix-animation-input-array" count="52">
            <param name="TIME" type="float"/>
          </accessor>
        </technique_common>
      </source>
      <source id="mixamorig_Spine-Matrix-animation-output-transform">
        <float_array id="mixamorig_Spine-Matrix-animation-output-transform-array" count="832">

0.977459 0.081768 -0.194648 0.000800 -0.144959 0.930218 -0.337167 9.226300 0.153496 0.357783 0.921103 1.577100 0.000000 0.000000 0.000000 1.000000
0.977470 0.081770 -0.194593 0.000800 -0.144980 0.930127 -0.337408 9.226300 0.153407 0.358018 0.921026 1.577100 0.000000 0.000000 0.000000 1.000000
0.977481 0.081775 -0.194535 0.000800 -0.145005 0.930032 -0.337659 9.226300 0.153311 0.358263 0.920947 1.577100 0.000000 0.000000 0.000000 1.000000
0.977493 0.081784 -0.194472 0.000800 -0.145033 0.929934 -0.337917 9.226300 0.153210 0.358517 0.920865 1.577100 0.000000 0.000000 0.000000 1.000000
0.977505 0.081796 -0.194406 0.000800 -0.145065 0.929832 -0.338184 9.226300 0.153103 0.358778 0.920781 1.577100 0.000000 0.000000 0.000000 1.000000
0.977517 0.081811 -0.194338 0.000800 -0.145099 0.929728 -0.338455 9.226300 0.152992 0.359044 0.920696 1.577100 0.000000 0.000000 0.000000 1.000000
0.977530 0.081828 -0.194267 0.000800 -0.145135 0.929622 -0.338732 9.226300 0.152877 0.359316 0.920609 1.577100 0.000000 0.000000 0.000000 1.000000
0.977542 0.081847 -0.194195 0.000800 -0.145172 0.929514 -0.339011 9.226300 0.152760 0.359590 0.920521 1.577100 0.000000 0.000000 0.000000 1.000000
0.977555 0.081866 -0.194123 0.000800 -0.145211 0.929405 -0.339293 9.226300 0.152643 0.359866 0.920433 1.577100 0.000000 0.000000 0.000000 1.000000
0.977568 0.081886 -0.194050 0.000800 -0.145249 0.929296 -0.339575 9.226300 0.152524 0.360143 0.920344 1.577100 0.000000 0.000000 0.000000 1.000000
0.977581 0.081905 -0.193978 0.000800 -0.145287 0.929187 -0.339857 9.226300 0.152406 0.360420 0.920255 1.577100 0.000000 0.000000 0.000000 1.000000
0.977593 0.081924 -0.193906 0.000800 -0.145324 0.929079 -0.340136 9.226300 0.152289 0.360694 0.920168 1.577100 0.000000 0.000000 0.000000 1.000000
0.977606 0.081941 -0.193836 0.000800 -0.145360 0.928973 -0.340412 9.226300 0.152175 0.360965 0.920080 1.577100 0.000000 0.000000 0.000000 1.000000
0.977618 0.081956 -0.193767 0.000800 -0.145394 0.928868 -0.340684 9.226300 0.152063 0.361231 0.919994 1.577100 0.000000 0.000000 0.000000 1.000000
0.977630 0.081968 -0.193702 0.000800 -0.145425 0.928765 -0.340950 9.226300 0.151957 0.361492 0.919909 1.577100 0.000000 0.000000 0.000000 1.000000
0.977642 0.081977 -0.193639 0.000800 -0.145453 0.928666 -0.341208 9.226300 0.151855 0.361745 0.919826 1.577100 0.000000 0.000000 0.000000 1.000000
0.977653 0.081982 -0.193580 0.000800 -0.145477 0.928570 -0.341459 9.226300 0.151759 0.361990 0.919746 1.577100 0.000000 0.000000 0.000000 1.000000
0.977664 0.081983 -0.193525 0.000800 -0.145497 0.928479 -0.341699 9.226300 0.151670 0.362224 0.919668 1.577100 0.000000 0.000000 0.000000 1.000000
0.977674 0.081979 -0.193475 0.000800 -0.145512 0.928391 -0.341929 9.226300 0.151590 0.362448 0.919593 1.577100 0.000000 0.000000 0.000000 1.000000
0.977684 0.081970 -0.193430 0.000800 -0.145522 0.928310 -0.342147 9.226300 0.151517 0.362660 0.919522 1.577100 0.000000 0.000000 0.000000 1.000000
0.977693 0.081954 -0.193391 0.000800 -0.145527 0.928234 -0.342351 9.226300 0.151455 0.362857 0.919454 1.577100 0.000000 0.000000 0.000000 1.000000
0.977701 0.081932 -0.193359 0.000800 -0.145524 0.928164 -0.342540 9.226300 0.151404 0.363040 0.919391 1.577100 0.000000 0.000000 0.000000 1.000000
0.977709 0.081902 -0.193333 0.000800 -0.145515 0.928102 -0.342713 9.226300 0.151364 0.363206 0.919331 1.577100 0.000000 0.000000 0.000000 1.000000
0.977715 0.081864 -0.193315 0.000800 -0.145498 0.928047 -0.342868 9.226300 0.151337 0.363354 0.919277 1.577100 0.000000 0.000000 0.000000 1.000000
0.977721 0.081818 -0.193306 0.000800 -0.145473 0.928000 -0.343005 9.226300 0.151324 0.363484 0.919228 1.577100 0.000000 0.000000 0.000000 1.000000
0.977726 0.081763 -0.193304 0.000800 -0.145440 0.927962 -0.343122 9.226300 0.151324 0.363594 0.919185 1.577100 0.000000 0.000000 0.000000 1.000000
0.977727 0.081668 -0.193341 0.000800 -0.145368 0.927963 -0.343151 9.226300 0.151389 0.363613 0.919166 1.577100 0.000000 0.000000 0.000000 1.000000
0.977721 0.081547 -0.193421 0.000800 -0.145271 0.928004 -0.343082 9.226300 0.151518 0.363537 0.919175 1.577100 0.000000 0.000000 0.000000 1.000000
0.977712 0.081435 -0.193514 0.000800 -0.145183 0.928055 -0.342980 9.226300 0.151661 0.363430 0.919194 1.577100 0.000000 0.000000 0.000000 1.000000
0.977699 0.081334 -0.193622 0.000800 -0.145105 0.928119 -0.342841 9.226300 0.151819 0.363291 0.919223 1.577100 0.000000 0.000000 0.000000 1.000000
0.977682 0.081247 -0.193744 0.000800 -0.145040 0.928194 -0.342666 9.226300 0.151991 0.363119 0.919262 1.577100 0.000000 0.000000 0.000000 1.000000
0.977661 0.081176 -0.193882 0.000800 -0.144988 0.928280 -0.342453 9.226300 0.152178 0.362914 0.919313 1.577100 0.000000 0.000000 0.000000 1.000000
0.977634 0.081121 -0.194037 0.000800 -0.144953 0.928379 -0.342201 9.226300 0.152380 0.362673 0.919374 1.577100 0.000000 0.000000 0.000000 1.000000
0.977603 0.081086 -0.194209 0.000800 -0.144935 0.928490 -0.341906 9.226300 0.152597 0.362396 0.919447 1.577100 0.000000 0.000000 0.000000 1.000000
0.977567 0.081071 -0.194397 0.000800 -0.144935 0.928614 -0.341570 9.226300 0.152829 0.362083 0.919532 1.577100 0.000000 0.000000 0.000000 1.000000
0.977504 0.081113 -0.194697 0.000800 -0.144986 0.928829 -0.340964 9.226300 0.153183 0.361522 0.919694 1.577100 0.000000 0.000000 0.000000 1.000000
0.977413 0.081122 -0.195149 0.000800 -0.144996 0.929195 -0.339959 9.226300 0.153753 0.360577 0.919970 1.577100 0.000000 0.000000 0.000000 1.000000
0.977381 0.081168 -0.195287 0.000800 -0.144992 0.929413 -0.339365 9.226300 0.153957 0.360004 0.920160 1.577100 0.000000 0.000000 0.000000 1.000000
0.977438 0.081337 -0.194936 0.000800 -0.145046 0.929350 -0.339514 9.226300 0.153549 0.360128 0.920180 1.577100 0.000000 0.000000 0.000000 1.000000
0.977521 0.081559 -0.194423 0.000800 -0.145153 0.929143 -0.340036 9.226300 0.152914 0.360613 0.920095 1.577100 0.000000 0.000000 0.000000 1.000000
0.977544 0.081696 -0.194252 0.000800 -0.145251 0.929059 -0.340223 9.226300 0.152677 0.360799 0.920062 1.577100 0.000000 0.000000 0.000000 1.000000
0.977475 0.081685 -0.194605 0.000800 -0.145288 0.929241 -0.339711 9.226300 0.153085 0.360333 0.920177 1.577100 0.000000 0.000000 0.000000 1.000000
0.977363 0.081584 -0.195208 0.000800 -0.145274 0.929553 -0.338860 9.226300 0.153810 0.359548 0.920363 1.577100 0.000000 0.000000 0.000000 1.000000
0.977296 0.081521 -0.195569 0.000800 -0.145288 0.929680 -0.338507 9.226300 0.154222 0.359235 0.920416 1.577100 0.000000 0.000000 0.000000 1.000000
0.977282 0.081524 -0.195635 0.000800 -0.145312 0.929684 -0.338485 9.226300 0.154284 0.359223 0.920410 1.577100 0.000000 0.000000 0.000000 1.000000
0.977303 0.081551 -0.195519 0.000800 -0.145295 0.929685 -0.338490 9.226300 0.154167 0.359216 0.920433 1.577100 0.000000 0.000000 0.000000 1.000000
0.977336 0.081565 -0.195351 0.000800 -0.145219 0.929756 -0.338327 9.226300 0.154033 0.359028 0.920529 1.577100 0.000000 0.000000 0.000000 1.000000
0.977367 0.081562 -0.195197 0.000800 -0.145106 0.929891 -0.338005 9.226300 0.153944 0.358679 0.920679 1.577100 0.000000 0.000000 0.000000 1.000000
0.977395 0.081561 -0.195056 0.000800 -0.144992 0.930040 -0.337644 9.226300 0.153871 0.358293 0.920842 1.577100 0.000000 0.000000 0.000000 1.000000
0.977421 0.081582 -0.194915 0.000800 -0.144910 0.930162 -0.337342 9.226300 0.153782 0.357971 0.920982 1.577100 0.000000 0.000000 0.000000 1.000000
0.977443 0.081642 -0.194781 0.000800 -0.144888 0.930230 -0.337164 9.226300 0.153665 0.357780 0.921076 1.577100 0.000000 0.000000 0.000000 1.000000
0.977459 0.081768 -0.194648 0.000800 -0.144959 0.930218 -0.337167 9.226300 0.153496 0.357783 0.921103 1.577100 0.000000 0.000000 0.000000 1.000000</float_array>
        <technique_common>
          <accessor source="#mixamorig_Spine-Matrix-animation-output-transform-array" count="52" stride="16">
            <param type="float4x4"/>
          </accessor>
        </technique_common>
      </source>
      <source id="mixamorig_Spine-Interpolations">
        <Name_array id="mixamorig_Spine-Interpolations-array" count="52">
 LINEAR LINEAR LINEAR LINEAR LINEAR LINEAR LINEAR LINEAR LINEAR LINEAR LINEAR
LINEAR LINEAR LINEAR LINEAR LINEAR LINEAR LINEAR LINEAR LINEAR LINEAR LINEAR LINEAR
LINEAR LINEAR LINEAR LINEAR LINEAR LINEAR LINEAR LINEAR LINEAR LINEAR LINEAR LINEAR
LINEAR LINEAR LINEAR LINEAR LINEAR LINEAR LINEAR LINEAR LINEAR LINEAR LINEAR LINEAR
LINEAR LINEAR LINEAR LINEAR LINEAR</Name_array>
        <technique_common>
          <accessor source="#mixamorig_Spine-Interpolations-array" count="52">
            <param type="name"/>
          </accessor>
        </technique_common>
      </source>
      <sampler id="mixamorig_Spine-Matrix-animation-transform">
        <input semantic="INPUT" source="#mixamorig_Spine-Matrix-animation-input"/>
        <input semantic="OUTPUT" source="#mixamorig_Spine-Matrix-animation-output-transform"/>
        <input semantic="INTERPOLATION" source="#mixamorig_Spine-Interpolations"/>
      </sampler>
      <channel source="#mixamorig_Spine-Matrix-animation-transform" target="mixamorig_Spine/matrix"/>
    </animation>
    <animation id="mixamorig_Spine1-anim" name="mixamorig_Spine1">
      <source id="mixamorig_Spine1-Matrix-animation-input">
        <float_array id="mixamorig_Spine1-Matrix-animation-input-array" count="52">

0.000000 0.033333 0.066667 0.100000 0.133333 0.166667 0.200000 0.233333 0.266667 0.300000 0.333333 0.366667 0.400000 0.433333 0.466667 0.500000
0.533333 0.566667 0.600000 0.633333 0.666667 0.700000 0.733333 0.766667 0.800000 0.833333 0.866667 0.900000 0.933333 0.966667 1.000000 1.033333
1.066667 1.100000 1.133333 1.166667 1.200000 1.233333 1.266667 1.300000 1.333333 1.366667 1.400000 1.433333 1.466667 1.500000 1.533333 1.566667
1.600000 1.633333 1.666667 1.700000</float_array>
        <technique_common>
          <accessor source="#mixamorig_Spine1-Matrix-animation-input-array" count="52">
            <param name="TIME" type="float"/>
          </accessor>
        </technique_common>
      </source>
      <source id="mixamorig_Spine1-Matrix-animation-output-transform">
        <float_array id="mixamorig_Spine1-Matrix-animation-output-transform-array" count="832">

0.998680 0.033936 -0.038547 0.000000 -0.034102 0.999412 -0.003665 16.254801 0.038400 0.004975 0.999250 0.000000 0.000000 0.000000 0.000000 1.000000
0.998681 0.033936 -0.038523 0.000000 -0.034105 0.999411 -0.003717 16.254801 0.038374 0.005026 0.999251 -0.000000 0.000000 0.000000 0.000000 1.000000
0.998682 0.033938 -0.038498 0.000000 -0.034108 0.999411 -0.003770 16.254801 0.038347 0.005078 0.999252 0.000000 0.000000 0.000000 0.000000 1.000000
0.998683 0.033940 -0.038470 0.000000 -0.034112 0.999411 -0.003825 16.254801 0.038318 0.005132 0.999252 -0.000000 0.000000 0.000000 0.000000 1.000000
0.998684 0.033943 -0.038442 0.000000 -0.034117 0.999410 -0.003881 16.254801 0.038287 0.005188 0.999253 0.000000 0.000000 0.000000 0.000000 1.000000
0.998685 0.033947 -0.038412 0.000000 -0.034123 0.999410 -0.003939 16.254801 0.038256 0.005244 0.999254 0.000000 0.000000 0.000000 0.000000 1.000000
0.998686 0.033951 -0.038381 -0.000000 -0.034129 0.999409 -0.003997 16.254801 0.038223 0.005302 0.999255 0.000000 0.000000 0.000000 0.000000 1.000000
0.998687 0.033956 -0.038350 0.000000 -0.034136 0.999409 -0.004057 16.254801 0.038189 0.005360 0.999256 -0.000000 0.000000 0.000000 0.000000 1.000000
0.998688 0.033960 -0.038318 -0.000000 -0.034143 0.999408 -0.004116 16.254801 0.038155 0.005419 0.999257 0.000000 0.000000 0.000000 0.000000 1.000000
0.998689 0.033965 -0.038286 0.000000 -0.034150 0.999408 -0.004176 16.254801 0.038121 0.005478 0.999258 0.000000 0.000000 0.000000 0.000000 1.000000
0.998690 0.033970 -0.038254 -0.000000 -0.034157 0.999408 -0.004236 16.254801 0.038088 0.005537 0.999259 -0.000000 0.000000 0.000000 0.000000 1.000000
0.998692 0.033975 -0.038223 0.000000 -0.034163 0.999407 -0.004295 16.254801 0.038054 0.005595 0.999260 0.000000 0.000000 0.000000 0.000000 1.000000
0.998693 0.033979 -0.038192 0.000000 -0.034170 0.999407 -0.004353 16.254801 0.038021 0.005653 0.999261 0.000000 0.000000 0.000000 0.000000 1.000000
0.998694 0.033982 -0.038162 -0.000000 -0.034175 0.999406 -0.004411 16.254801 0.037990 0.005710 0.999262 0.000000 0.000000 0.000000 0.000000 1.000000
0.998695 0.033986 -0.038134 0.000000 -0.034180 0.999406 -0.004467 16.254801 0.037959 0.005765 0.999263 0.000000 0.000000 0.000000 0.000000 1.000000
0.998696 0.033988 -0.038106 -0.000000 -0.034185 0.999405 -0.004522 16.254801 0.037930 0.005819 0.999263 -0.000000 0.000000 0.000000 0.000000 1.000000
0.998696 0.033989 -0.038081 0.000000 -0.034188 0.999405 -0.004576 16.254801 0.037903 0.005871 0.999264 0.000000 0.000000 0.000000 0.000000 1.000000
0.998697 0.033990 -0.038057 -0.000000 -0.034190 0.999405 -0.004627 16.254801 0.037877 0.005922 0.999265 0.000000 0.000000 0.000000 0.000000 1.000000
0.998698 0.033989 -0.038036 0.000000 -0.034191 0.999404 -0.004676 16.254801 0.037854 0.005970 0.999265 0.000000 0.000000 0.000000 0.000000 1.000000
0.998699 0.033987 -0.038017 0.000000 -0.034190 0.999404 -0.004722 16.254801 0.037834 0.006016 0.999266 0.000000 0.000000 0.000000 0.000000 1.000000
0.998700 0.033983 -0.038001 0.000000 -0.034188 0.999404 -0.004766 16.254801 0.037816 0.006059 0.999266 -0.000000 0.000000 0.000000 0.000000 1.000000
0.998700 0.033978 -0.037988 0.000000 -0.034185 0.999404 -0.004806 16.254801 0.037802 0.006098 0.999267 0.000000 0.000000 0.000000 0.000000 1.000000
0.998701 0.033971 -0.037978 0.000000 -0.034179 0.999404 -0.004843 16.254801 0.037791 0.006135 0.999267 -0.000000 0.000000 0.000000 0.000000 1.000000
0.998702 0.033962 -0.037972 0.000000 -0.034172 0.999404 -0.004876 16.254801 0.037783 0.006168 0.999267 -0.000000 0.000000 0.000000 0.000000 1.000000
0.998702 0.033951 -0.037969 -0.000000 -0.034162 0.999404 -0.004906 16.254801 0.037780 0.006197 0.999267 0.000000 0.000000 0.000000 0.000000 1.000000
0.998702 0.033938 -0.037970 0.000000 -0.034150 0.999405 -0.004931 16.254801 0.037780 0.006222 0.999267 -0.000000 0.000000 0.000000 0.000000 1.000000
0.998702 0.033916 -0.037990 0.000000 -0.034128 0.999405 -0.004938 16.254801 0.037800 0.006229 0.999266 0.000000 0.000000 0.000000 0.000000 1.000000
0.998702 0.033888 -0.038027 0.000000 -0.034099 0.999406 -0.004926 16.254801 0.037837 0.006216 0.999265 0.000000 0.000000 0.000000 0.000000 1.000000
0.998701 0.033864 -0.038068 0.000000 -0.034075 0.999407 -0.004907 16.254801 0.037879 0.006198 0.999263 0.000000 0.000000 0.000000 0.000000 1.000000
0.998700 0.033843 -0.038113 0.000000 -0.034054 0.999408 -0.004883 16.254801 0.037925 0.006175 0.999261 -0.000000 0.000000 0.000000 0.000000 1.000000
0.998699 0.033828 -0.038162 0.000000 -0.034038 0.999409 -0.004853 16.254801 0.037976 0.006145 0.999260 -0.000000 0.000000 0.000000 0.000000 1.000000
0.998697 0.033818 -0.038216 0.000000 -0.034026 0.999409 -0.004816 16.254801 0.038030 0.006110 0.999258 0.000000 0.000000 0.000000 0.000000 1.000000
0.998695 0.033814 -0.038273 0.000000 -0.034021 0.999410 -0.004772 16.254801 0.038089 0.006068 0.999256 0.000000 0.000000 0.000000 0.000000 1.000000
0.998693 0.033816 -0.038334 0.000000 -0.034022 0.999410 -0.004722 16.254801 0.038152 0.006020 0.999254 0.000000 0.000000 0.000000 0.000000 1.000000
0.998690 0.033826 -0.038400 0.000000 -0.034030 0.999410 -0.004665 16.254801 0.038219 0.005965 0.999252 -0.000000 0.000000 0.000000 0.000000 1.000000
0.998685 0.033858 -0.038500 0.000000 -0.034058 0.999409 -0.004560 16.254801 0.038323 0.005866 0.999248 -0.000000 0.000000 0.000000 0.000000 1.000000
0.998677 0.033903 -0.038660 0.000000 -0.034098 0.999409 -0.004395 16.254801 0.038489 0.005708 0.999243 0.000000 0.000000 0.000000 0.000000 1.000000
0.998674 0.033927 -0.038721 0.000000 -0.034119 0.999409 -0.004300 16.254801 0.038552 0.005616 0.999241 0.000000 0.000000 0.000000 0.000000 1.000000
0.998678 0.033923 -0.038612 0.000000 -0.034115 0.999409 -0.004323 16.254801 0.038442 0.005634 0.999245 0.000000 0.000000 0.000000 0.000000 1.000000
0.998686 0.033905 -0.038440 0.000000 -0.034099 0.999409 -0.004404 16.254801 0.038268 0.005709 0.999251 0.000000 0.000000 0.000000 0.000000 1.000000
0.998688 0.033897 -0.038379 0.000000 -0.034092 0.999409 -0.004433 16.254801 0.038206 0.005736 0.999253 0.000000 0.000000 0.000000 0.000000 1.000000
0.998683 0.033905 -0.038496 -0.000000 -0.034097 0.999409 -0.004347 16.254801 0.038326 0.005654 0.999249 -0.000000 0.000000 0.000000 0.000000 1.000000
0.998675 0.033914 -0.038700 -0.000000 -0.034102 0.999410 -0.004200 16.254801 0.038535 0.005514 0.999242 0.000000 0.000000 0.000000 0.000000 1.000000
0.998671 0.033901 -0.038816 0.000000 -0.034086 0.999410 -0.004122 16.254801 0.038653 0.005439 0.999238 -0.000000 0.000000 0.000000 0.000000 1.000000
0.998671 0.033882 -0.038831 -0.000000 -0.034067 0.999411 -0.004090 16.254801 0.038670 0.005407 0.999237 0.000000 0.000000 0.000000 0.000000 1.000000
0.998673 0.033867 -0.038792 0.000000 -0.034049 0.999412 -0.004056 16.254801 0.038632 0.005371 0.999239 0.000000 0.000000 0.000000 0.000000 1.000000
0.998675 0.033857 -0.038746 0.000000 -0.034037 0.999413 -0.003991 16.254801 0.038588 0.005304 0.999241 -0.000000 0.000000 0.000000 0.000000 1.000000
0.998677 0.033853 -0.038710 0.000000 -0.034029 0.999413 -0.003899 16.254801 0.038555 0.005211 0.999243 0.000000 0.000000 0.000000 0.000000 1.000000
0.998678 0.033856 -0.038679 0.000000 -0.034028 0.999414 -0.003804 16.254801 0.038527 0.005115 0.999244 0.000000 0.000000 0.000000 0.000000 1.000000
0.998679 0.033868 -0.038643 0.000000 -0.034037 0.999414 -0.003724 16.254801 0.038495 0.005034 0.999246 -0.000000 0.000000 0.000000 0.000000 1.000000
0.998680 0.033894 -0.038601 0.000000 -0.034061 0.999413 -0.003673 16.254801 0.038454 0.004983 0.999248 0.000000 0.000000 0.000000 0.000000 1.000000
0.998680 0.033936 -0.038547 0.000000 -0.034102 0.999412 -0.003665 16.254801 0.038400 0.004975 0.999250 0.000000 0.000000 0.000000 0.000000 1.000000</float_array>
        <technique_common>
          <accessor source="#mixamorig_Spine1-Matrix-animation-output-transform-array" count="52" stride="16">
            <param type="float4x4"/>
          </accessor>
        </technique_common>
      </source>
      <source id="mixamorig_Spine1-Interpolations">
        <Name_array id="mixamorig_Spine1-Interpolations-array" count="52">
 LINEAR LINEAR LINEAR LINEAR LINEAR LINEAR LINEAR LINEAR LINEAR LINEAR LINEAR
LINEAR LINEAR LINEAR LINEAR LINEAR LINEAR LINEAR LINEAR LINEAR LINEAR LINEAR LINEAR
LINEAR LINEAR LINEAR LINEAR LINEAR LINEAR LINEAR LINEAR LINEAR LINEAR LINEAR LINEAR
LINEAR LINEAR LINEAR LINEAR LINEAR LINEAR LINEAR LINEAR LINEAR LINEAR LINEAR LINEAR
LINEAR LINEAR LINEAR LINEAR LINEAR</Name_array>
        <technique_common>
          <accessor source="#mixamorig_Spine1-Interpolations-array" count="52">
            <param type="name"/>
          </accessor>
        </technique_common>
      </source>
      <sampler id="mixamorig_Spine1-Matrix-animation-transform">
        <input semantic="INPUT" source="#mixamorig_Spine1-Matrix-animation-input"/>
        <input semantic="OUTPUT" source="#mixamorig_Spine1-Matrix-animation-output-transform"/>
        <input semantic="INTERPOLATION" source="#mixamorig_Spine1-Interpolations"/>
      </sampler>
      <channel source="#mixamorig_Spine1-Matrix-animation-transform" target="mixamorig_Spine1/matrix"/>
    </animation>
    <animation id="mixamorig_Spine2-anim" name="mixamorig_Spine2">
      <source id="mixamorig_Spine2-Matrix-animation-input">
        <float_array id="mixamorig_Spine2-Matrix-animation-input-array" count="52">

0.000000 0.033333 0.066667 0.100000 0.133333 0.166667 0.200000 0.233333 0.266667 0.300000 0.333333 0.366667 0.400000 0.433333 0.466667 0.500000
0.533333 0.566667 0.600000 0.633333 0.666667 0.700000 0.733333 0.766667 0.800000 0.833333 0.866667 0.900000 0.933333 0.966667 1.000000 1.033333
1.066667 1.100000 1.133333 1.166667 1.200000 1.233333 1.266667 1.300000 1.333333 1.366667 1.400000 1.433333 1.466667 1.500000 1.533333 1.566667
1.600000 1.633333 1.666667 1.700000</float_array>
        <technique_common>
          <accessor source="#mixamorig_Spine2-Matrix-animation-input-array" count="52">
            <param name="TIME" type="float"/>
          </accessor>
        </technique_common>
      </source>
      <source id="mixamorig_Spine2-Matrix-animation-output-transform">
        <float_array id="mixamorig_Spine2-Matrix-animation-output-transform-array" count="832">

0.996835 0.018292 -0.077364 -0.000000 -0.009325 0.993355 0.114712 13.700700 0.078949 -0.113627 0.990382 -0.000000 0.000000 0.000000 0.000000 1.000000
0.996837 0.018287 -0.077341 0.000000 -0.009327 0.993361 0.114662 13.700700 0.078925 -0.113578 0.990389 0.000000 0.000000 0.000000 0.000000 1.000000
0.996839 0.018283 -0.077317 0.000000 -0.009330 0.993367 0.114610 13.700700 0.078899 -0.113526 0.990397 0.000000 0.000000 0.000000 0.000000 1.000000
0.996841 0.018280 -0.077290 0.000000 -0.009334 0.993373 0.114556 13.700700 0.078872 -0.113473 0.990406 0.000000 0.000000 0.000000 0.000000 1.000000
0.996843 0.018277 -0.077261 -0.000000 -0.009339 0.993379 0.114501 13.700700 0.078843 -0.113418 0.990414 0.000000 0.000000 0.000000 0.000000 1.000000
0.996846 0.018275 -0.077232 0.000000 -0.009344 0.993386 0.114445 13.700700 0.078812 -0.113362 0.990423 0.000000 0.000000 0.000000 0.000000 1.000000
0.996848 0.018272 -0.077201 0.000000 -0.009350 0.993392 0.114388 13.700700 0.078781 -0.113305 0.990432 0.000000 0.000000 0.000000 0.000000 1.000000
0.996851 0.018270 -0.077170 -0.000000 -0.009356 0.993399 0.114330 13.700700 0.078749 -0.113248 0.990441 0.000000 0.000000 0.000000 0.000000 1.000000
0.996853 0.018268 -0.077138 0.000000 -0.009363 0.993405 0.114272 13.700700 0.078717 -0.113190 0.990450 0.000000 0.000000 0.000000 0.000000 1.000000
0.996856 0.018267 -0.077106 0.000000 -0.009369 0.993412 0.114214 13.700700 0.078684 -0.113132 0.990459 -0.000000 0.000000 0.000000 0.000000 1.000000
0.996858 0.018265 -0.077074 0.000000 -0.009375 0.993419 0.114156 13.700700 0.078652 -0.113074 0.990469 -0.000000 0.000000 0.000000 0.000000 1.000000
0.996861 0.018263 -0.077043 -0.000000 -0.009382 0.993425 0.114098 13.700700 0.078620 -0.113017 0.990478 0.000000 0.000000 0.000000 0.000000 1.000000
0.996863 0.018260 -0.077012 0.000000 -0.009387 0.993432 0.114041 13.700700 0.078589 -0.112960 0.990487 0.000000 0.000000 0.000000 0.000000 1.000000
0.996865 0.018258 -0.076983 0.000000 -0.009393 0.993438 0.113985 13.700700 0.078558 -0.112904 0.990495 -0.000000 0.000000 0.000000 0.000000 1.000000
0.996868 0.018255 -0.076954 0.000000 -0.009397 0.993444 0.113930 13.700700 0.078529 -0.112849 0.990504 0.000000 0.000000 0.000000 0.000000 1.000000
0.996870 0.018252 -0.076927 0.000000 -0.009401 0.993450 0.113876 13.700700 0.078502 -0.112796 0.990512 0.000000 0.000000 0.000000 0.000000 1.000000
0.996872 0.018248 -0.076903 -0.000000 -0.009404 0.993456 0.113824 13.700700 0.078476 -0.112745 0.990520 0.000000 0.000000 0.000000 0.000000 1.000000
0.996873 0.018243 -0.076880 0.000000 -0.009406 0.993462 0.113774 13.700700 0.078453 -0.112695 0.990528 -0.000000 0.000000 0.000000 0.000000 1.000000
0.996875 0.018238 -0.076859 0.000000 -0.009407 0.993468 0.113726 13.700700 0.078431 -0.112648 0.990535 0.000000 0.000000 0.000000 0.000000 1.000000
0.996877 0.018231 -0.076842 0.000000 -0.009406 0.993473 0.113680 13.700700 0.078413 -0.112603 0.990541 0.000000 0.000000 0.000000 0.000000 1.000000
0.996878 0.018224 -0.076827 0.000000 -0.009404 0.993478 0.113638 13.700700 0.078397 -0.112560 0.990547 0.000000 0.000000 0.000000 0.000000 1.000000
0.996879 0.018216 -0.076816 -0.000000 -0.009401 0.993482 0.113598 13.700700 0.078384 -0.112521 0.990553 0.000000 0.000000 0.000000 0.000000 1.000000
0.996880 0.018207 -0.076808 0.000000 -0.009396 0.993487 0.113561 13.700700 0.078375 -0.112485 0.990558 0.000000 0.000000 0.000000 0.000000 1.000000
0.996880 0.018197 -0.076804 -0.000000 -0.009388 0.993490 0.113528 13.700700 0.078370 -0.112453 0.990562 -0.000000 0.000000 0.000000 0.000000 1.000000
0.996880 0.018185 -0.076804 0.000000 -0.009379 0.993494 0.113499 13.700700 0.078369 -0.112424 0.990565 0.000000 0.000000 0.000000 0.000000 1.000000
0.996880 0.018172 -0.076809 -0.000000 -0.009368 0.993497 0.113473 13.700700 0.078371 -0.112399 0.990568 0.000000 0.000000 0.000000 0.000000 1.000000
0.996879 0.018154 -0.076833 -0.000000 -0.009347 0.993498 0.113465 13.700700 0.078393 -0.112393 0.990567 -0.000000 0.000000 0.000000 0.000000 1.000000
0.996876 0.018133 -0.076876 0.000000 -0.009321 0.993497 0.113475 13.700700 0.078433 -0.112404 0.990562 0.000000 0.000000 0.000000 0.000000 1.000000
0.996873 0.018116 -0.076922 0.000000 -0.009298 0.993495 0.113492 13.700700 0.078477 -0.112422 0.990557 0.000000 0.000000 0.000000 0.000000 1.000000
0.996869 0.018105 -0.076970 0.000000 -0.009279 0.993493 0.113514 13.700700 0.078525 -0.112445 0.990550 -0.000000 0.000000 0.000000 0.000000 1.000000
0.996865 0.018099 -0.077022 0.000000 -0.009265 0.993490 0.113543 13.700700 0.078576 -0.112473 0.990543 -0.000000 0.000000 0.000000 0.000000 1.000000
0.996861 0.018099 -0.077076 -0.000000 -0.009256 0.993486 0.113577 13.700700 0.078630 -0.112507 0.990535 0.000000 0.000000 0.000000 0.000000 1.000000
0.996856 0.018106 -0.077134 0.000000 -0.009253 0.993481 0.113619 13.700700 0.078688 -0.112548 0.990526 0.000000 0.000000 0.000000 0.000000 1.000000
0.996851 0.018120 -0.077193 0.000000 -0.009256 0.993476 0.113666 13.700700 0.078749 -0.112594 0.990516 0.000000 0.000000 0.000000 0.000000 1.000000
0.996846 0.018141 -0.077255 0.000000 -0.009267 0.993469 0.113721 13.700700 0.078814 -0.112647 0.990504 0.000000 0.000000 0.000000 0.000000 1.000000
0.996838 0.018192 -0.077345 0.000000 -0.009299 0.993458 0.113823 13.700700 0.078910 -0.112744 0.990486 -0.000000 0.000000 0.000000 0.000000 1.000000
0.996826 0.018267 -0.077492 -0.000000 -0.009344 0.993439 0.113983 13.700700 0.079065 -0.112897 0.990456 -0.000000 0.000000 0.000000 0.000000 1.000000
0.996821 0.018302 -0.077546 -0.000000 -0.009366 0.993428 0.114075 13.700700 0.079124 -0.112986 0.990441 0.000000 0.000000 0.000000 0.000000 1.000000
0.996829 0.018279 -0.077441 0.000000 -0.009356 0.993430 0.114057 13.700700 0.079017 -0.112971 0.990451 -0.000000 0.000000 0.000000 0.000000 1.000000
0.996843 0.018230 -0.077278 0.000000 -0.009332 0.993439 0.113981 13.700700 0.078849 -0.112900 0.990473 0.000000 0.000000 0.000000 0.000000 1.000000
0.996848 0.018211 -0.077221 0.000000 -0.009322 0.993442 0.113954 13.700700 0.078790 -0.112875 0.990480 0.000000 0.000000 0.000000 0.000000 1.000000
0.996838 0.018241 -0.077335 -0.000000 -0.009332 0.993433 0.114035 13.700700 0.078907 -0.112953 0.990462 0.000000 0.000000 0.000000 0.000000 1.000000
0.996822 0.018288 -0.077532 0.000000 -0.009345 0.993417 0.114176 13.700700 0.079110 -0.113089 0.990431 0.000000 0.000000 0.000000 0.000000 1.000000
0.996813 0.018297 -0.077648 0.000000 -0.009334 0.993408 0.114250 13.700700 0.079226 -0.113161 0.990413 0.000000 0.000000 0.000000 0.000000 1.000000
0.996812 0.018281 -0.077666 0.000000 -0.009315 0.993405 0.114281 13.700700 0.079243 -0.113193 0.990408 0.000000 0.000000 0.000000 0.000000 1.000000
0.996815 0.018260 -0.077631 0.000000 -0.009295 0.993401 0.114315 13.700700 0.079206 -0.113229 0.990407 0.000000 0.000000 0.000000 0.000000 1.000000
0.996819 0.018244 -0.077586 -0.000000 -0.009278 0.993394 0.114381 13.700700 0.079160 -0.113297 0.990403 -0.000000 0.000000 0.000000 0.000000 1.000000
0.996822 0.018235 -0.077550 0.000000 -0.009267 0.993383 0.114473 13.700700 0.079124 -0.113390 0.990395 0.000000 0.000000 0.000000 0.000000 1.000000
0.996824 0.018234 -0.077517 0.000000 -0.009262 0.993372 0.114568 13.700700 0.079092 -0.113486 0.990386 0.000000 0.000000 0.000000 0.000000 1.000000
0.996827 0.018241 -0.077477 0.000000 -0.009267 0.993363 0.114649 13.700700 0.079054 -0.113568 0.990380 -0.000000 0.000000 0.000000 0.000000 1.000000
0.996831 0.018260 -0.077428 0.000000 -0.009287 0.993357 0.114702 13.700700 0.079008 -0.113619 0.990378 0.000000 0.000000 0.000000 0.000000 1.000000
0.996835 0.018292 -0.077364 -0.000000 -0.009325 0.993355 0.114712 13.700700 0.078949 -0.113627 0.990382 -0.000000 0.000000 0.000000 0.000000 1.000000</float_array>
        <technique_common>
