<?xml version="1.0" encoding="utf-8"?>
<COLLADA xmlns="http://www.collada.org/2005/11/COLLADASchema" version="1.4.1">
  <asset>
    <contributor>
      <author>Mixamo</author>
      <authoring_tool>COLLADA Mixamo exporter</authoring_tool>
      <comments/>
    </contributor>
    <created>2024-03-07T14:05:16Z</created>
    <modified>2024-03-07T14:05:16Z</modified>
    <revision/>
    <title/>
    <unit meter="0.010000"/>
    <up_axis>Y_UP</up_axis>
  </asset>
  <library_animations>
    <animation id="mixamorig_Hips-anim" name="mixamorig_Hips">
      <source id="mixamorig_Hips-Matrix-animation-input">
        <float_array id="mixamorig_Hips-Matrix-animation-input-array" count="232">

0.000000 0.033333 0.066667 0.100000 0.133333 0.166667 0.200000 0.233333 0.266667 0.300000 0.333333 0.366667 0.400000 0.433333 0.466667 0.500000
0.533333 0.566667 0.600000 0.633333 0.666667 0.700000 0.733333 0.766667 0.800000 0.833333 0.866667 0.900000 0.933333 0.966667 1.000000 1.033333
1.066667 1.100000 1.133333 1.166667 1.200000 1.233333 1.266667 1.300000 1.333333 1.366667 1.400000 1.433333 1.466667 1.500000 1.533333 1.566667
1.600000 1.633333 1.666667 1.700000 1.733333 1.766667 1.800000 1.833333 1.866667 1.900000 1.933333 1.966667 2.000000 2.033333 2.066667 2.100000
2.133333 2.166667 2.200000 2.233333 2.266667 2.300000 2.333333 2.366667 2.400000 2.433333 2.466667 2.500000 2.533333 2.566667 2.600000 2.633333
2.666667 2.700000 2.733333 2.766667 2.800000 2.833333 2.866667 2.900000 2.933333 2.966667 3.000000 3.033333 3.066667 3.100000 3.133333 3.166667
3.200000 3.233333 3.266667 3.300000 3.333333 3.366667 3.400000 3.433333 3.466667 3.500000 3.533333 3.566667 3.600000 3.633333 3.666667 3.700000
3.733333 3.766667 3.800000 3.833333 3.866667 3.900000 3.933333 3.966667 4.000000 4.033333 4.066667 4.100000 4.133333 4.166667 4.200000 4.233333
4.266667 4.300000 4.333333 4.366667 4.400000 4.433333 4.466667 4.500000 4.533333 4.566667 4.600000 4.633333 4.666667 4.700000 4.733333 4.766667
4.800000 4.833333 4.866667 4.900000 4.933333 4.966667 5.000000 5.033333 5.066667 5.100000 5.133333 5.166667 5.200000 5.233333 5.266667 5.300000
5.333333 5.366667 5.400000 5.433333 5.466667 5.500000 5.533333 5.566667 5.600000 5.633333 5.666667 5.700000 5.733333 5.766667 5.800000 5.833333
5.866667 5.900000 5.933333 5.966667 6.000000 6.033333 6.066667 6.100000 6.133333 6.166667 6.200000 6.233333 6.266667 6.300000 6.333333 6.366667
6.400000 6.433333 6.466667 6.500000 6.533333 6.566667 6.600000 6.633333 6.666667 6.700000 6.733333 6.766667 6.800000 6.833333 6.866667 6.900000
6.933333 6.966667 7.000000 7.033333 7.066667 7.100000 7.133333 7.166667 7.200000 7.233333 7.266667 7.300000 7.333333 7.366667 7.400000 7.433333
7.466667 7.500000 7.533333 7.566667 7.600000 7.633333 7.666667 7.700000</float_array>
        <technique_common>
          <accessor source="#mixamorig_Hips-Matrix-animation-input-array" count="232">
            <param name="TIME" type="float"/>
          </accessor>
        </technique_common>
      </source>
      <source id="mixamorig_Hips-Matrix-animation-output-transform">
        <float_array id="mixamorig_Hips-Matrix-animation-output-transform-array" count="3712">

0.979644 -0.016726 -0.200044 -0.005608 0.029972 0.997540 0.063371 94.953331 0.198492 -0.068077 0.977735 -0.020630 0.000000 0.000000 0.000000 1.000000
0.979643 -0.016772 -0.200047 0.020103 0.029969 0.997556 0.063126 94.959229 0.198499 -0.067836 0.977751 -0.004622 0.000000 0.000000 0.000000 1.000000
0.979642 -0.016818 -0.200049 0.044951 0.029967 0.997571 0.062884 94.966026 0.198505 -0.067599 0.977766 0.011082 0.000000 0.000000 0.000000 1.000000
0.979640 -0.016865 -0.200051 0.069028 0.029967 0.997586 0.062645 94.973610 0.198512 -0.067365 0.977781 0.026517 0.000000 0.000000 0.000000 1.000000
0.979639 -0.016914 -0.200054 0.092416 0.029968 0.997601 0.062409 94.981873 0.198518 -0.067134 0.977795 0.041709 0.000000 0.000000 0.000000 1.000000
0.979638 -0.016963 -0.200056 0.115205 0.029971 0.997615 0.062175 94.990700 0.198524 -0.066905 0.977810 0.056689 0.000000 0.000000 0.000000 1.000000
0.979636 -0.017012 -0.200059 0.137481 0.029975 0.997629 0.061943 95.000008 0.198531 -0.066679 0.977824 0.071485 0.000000 0.000000 0.000000 1.000000
0.979635 -0.017063 -0.200061 0.159322 0.029979 0.997644 0.061713 95.009682 0.198536 -0.066454 0.977838 0.086131 0.000000 0.000000 0.000000 1.000000
0.979633 -0.017114 -0.200063 0.180828 0.029985 0.997658 0.061484 95.019646 0.198543 -0.066231 0.977852 0.100653 0.000000 0.000000 0.000000 1.000000
0.979631 -0.017215 -0.200066 0.202077 0.030042 0.997670 0.061256 95.029755 0.198545 -0.066019 0.977866 0.115087 0.000000 0.000000 0.000000 1.000000
0.979635 -0.017320 -0.200037 0.223154 0.030100 0.997682 0.061029 95.039940 0.198516 -0.065807 0.977886 0.129459 0.000000 0.000000 0.000000 1.000000
0.979648 -0.017428 -0.199967 0.244147 0.030160 0.997694 0.060802 95.050079 0.198447 -0.065595 0.977914 0.143797 0.000000 0.000000 0.000000 1.000000
0.979657 -0.017535 -0.199912 0.265136 0.030219 0.997706 0.060575 95.060104 0.198391 -0.065384 0.977940 0.158137 0.000000 0.000000 0.000000 1.000000
0.979661 -0.017647 -0.199880 0.286219 0.030285 0.997718 0.060347 95.069847 0.198359 -0.065173 0.977960 0.172509 0.000000 0.000000 0.000000 1.000000
0.979665 -0.017755 -0.199855 0.307470 0.030347 0.997730 0.060119 95.079239 0.198333 -0.064962 0.977979 0.186937 0.000000 0.000000 0.000000 1.000000
0.979667 -0.017842 -0.199835 0.328982 0.030388 0.997742 0.059891 95.088181 0.198315 -0.064745 0.977998 0.201458 0.000000 0.000000 0.000000 1.000000
0.979669 -0.017920 -0.199820 0.350837 0.030420 0.997755 0.059660 95.096565 0.198303 -0.064526 0.978015 0.216104 0.000000 0.000000 0.000000 1.000000
0.979669 -0.017993 -0.199812 0.373134 0.030447 0.997768 0.059428 95.104248 0.198296 -0.064304 0.978030 0.230907 0.000000 0.000000 0.000000 1.000000
0.979669 -0.018061 -0.199808 0.395951 0.030468 0.997781 0.059194 95.111115 0.198296 -0.064079 0.978045 0.245901 0.000000 0.000000 0.000000 1.000000
0.979667 -0.018124 -0.199811 0.419375 0.030485 0.997795 0.058958 95.117096 0.198301 -0.063851 0.978059 0.261109 0.000000 0.000000 0.000000 1.000000
0.979664 -0.018182 -0.199818 0.443496 0.030495 0.997809 0.058719 95.122070 0.198312 -0.063619 0.978072 0.276581 0.000000 0.000000 0.000000 1.000000
0.979661 -0.018234 -0.199831 0.468403 0.030501 0.997823 0.058478 95.125900 0.198329 -0.063383 0.978084 0.292328 0.000000 0.000000 0.000000 1.000000
0.979656 -0.018282 -0.199849 0.494179 0.030500 0.997837 0.058232 95.128517 0.198352 -0.063143 0.978095 0.308383 0.000000 0.000000 0.000000 1.000000
0.979640 -0.018320 -0.199923 0.520905 0.030494 0.997852 0.057984 95.129768 0.198431 -0.062900 0.978094 0.324782 0.000000 0.000000 0.000000 1.000000
0.979613 -0.018351 -0.200055 0.548681 0.030482 0.997867 0.057731 95.129608 0.198569 -0.062652 0.978082 0.341561 0.000000 0.000000 0.000000 1.000000
0.979579 -0.018376 -0.200216 0.577576 0.030467 0.997882 0.057474 95.127792 0.198736 -0.062400 0.978065 0.358725 0.000000 0.000000 0.000000 1.000000
0.979539 -0.018397 -0.200412 0.607647 0.030448 0.997898 0.057212 95.124687 0.198938 -0.062144 0.978040 0.376305 0.000000 0.000000 0.000000 1.000000
0.979491 -0.018415 -0.200644 0.638992 0.030426 0.997914 0.056946 95.119820 0.199177 -0.061883 0.978008 0.394328 0.000000 0.000000 0.000000 1.000000
0.979435 -0.018422 -0.200916 0.671762 0.030396 0.997930 0.056674 95.112907 0.199456 -0.061615 0.977968 0.412867 0.000000 0.000000 0.000000 1.000000
0.979371 -0.018395 -0.201230 0.705956 0.030331 0.997948 0.056396 95.104446 0.199780 -0.061337 0.977919 0.431882 0.000000 0.000000 0.000000 1.000000
0.979299 -0.018325 -0.201588 0.741729 0.030225 0.997967 0.056113 95.093895 0.200150 -0.061044 0.977862 0.451539 0.000000 0.000000 0.000000 1.000000
0.979217 -0.018242 -0.201993 0.779119 0.030107 0.997987 0.055823 95.081421 0.200568 -0.060745 0.977795 0.471729 0.000000 0.000000 0.000000 1.000000
0.979125 -0.018139 -0.202447 0.818213 0.029969 0.998007 0.055527 95.066757 0.201036 -0.060435 0.977718 0.492528 0.000000 0.000000 0.000000 1.000000
0.979023 -0.018020 -0.202953 0.859086 0.029818 0.998029 0.055224 95.050056 0.201558 -0.060118 0.977630 0.513924 0.000000 0.000000 0.000000 1.000000
0.978907 -0.017878 -0.203524 0.901580 0.029643 0.998051 0.054910 95.031647 0.202146 -0.059785 0.977529 0.535839 0.000000 0.000000 0.000000 1.000000
0.978775 -0.017719 -0.204169 0.945451 0.029454 0.998075 0.054580 95.012199 0.202809 -0.059435 0.977413 0.558041 0.000000 0.000000 0.000000 1.000000
0.978630 -0.017536 -0.204881 0.990584 0.029240 0.998100 0.054236 94.992722 0.203541 -0.059067 0.977283 0.580694 0.000000 0.000000 0.000000 1.000000
0.978470 -0.017346 -0.205658 1.037015 0.029019 0.998126 0.053879 94.972305 0.204338 -0.058687 0.977140 0.603565 0.000000 0.000000 0.000000 1.000000
0.978298 -0.017135 -0.206493 1.084716 0.028778 0.998152 0.053512 94.951492 0.205194 -0.058293 0.976984 0.626842 0.000000 0.000000 0.000000 1.000000
0.978114 -0.016909 -0.207381 1.133623 0.028522 0.998180 0.053134 94.930634 0.206105 -0.057886 0.976816 0.650478 0.000000 0.000000 0.000000 1.000000
0.977920 -0.016659 -0.208316 1.183767 0.028241 0.998208 0.052749 94.909698 0.207064 -0.057467 0.976638 0.674622 0.000000 0.000000 0.000000 1.000000
0.977715 -0.016406 -0.209295 1.235086 0.027958 0.998237 0.052356 94.887955 0.208067 -0.057041 0.976450 0.698992 0.000000 0.000000 0.000000 1.000000
0.977500 -0.016152 -0.210314 1.287546 0.027675 0.998266 0.051958 94.865608 0.209110 -0.056610 0.976252 0.723609 0.000000 0.000000 0.000000 1.000000
0.977278 -0.015878 -0.211364 1.341120 0.027370 0.998295 0.051556 94.843727 0.210185 -0.056170 0.976047 0.748743 0.000000 0.000000 0.000000 1.000000
0.977049 -0.015595 -0.212443 1.395784 0.027056 0.998324 0.051151 94.821854 0.211289 -0.055725 0.975834 0.774242 0.000000 0.000000 0.000000 1.000000
0.976813 -0.015308 -0.213545 1.451489 0.026739 0.998354 0.050745 94.800133 0.212416 -0.055279 0.975614 0.800092 0.000000 0.000000 0.000000 1.000000
0.976573 -0.015012 -0.214664 1.508248 0.026413 0.998383 0.050339 94.778595 0.213561 -0.054830 0.975390 0.826344 0.000000 0.000000 0.000000 1.000000
0.976327 -0.014713 -0.215797 1.565992 0.026083 0.998412 0.049935 94.756981 0.214719 -0.054381 0.975161 0.852965 0.000000 0.000000 0.000000 1.000000
0.976079 -0.014414 -0.216938 1.624688 0.025753 0.998440 0.049533 94.736023 0.215885 -0.053935 0.974928 0.879951 0.000000 0.000000 0.000000 1.000000
0.975829 -0.014107 -0.218081 1.684366 0.025415 0.998469 0.049136 94.715256 0.217054 -0.053491 0.974693 0.907385 0.000000 0.000000 0.000000 1.000000
0.975577 -0.013800 -0.219222 1.744953 0.025077 0.998496 0.048744 94.694939 0.218220 -0.053051 0.974457 0.935217 0.000000 0.000000 0.000000 1.000000
0.975326 -0.013493 -0.220356 1.806437 0.024739 0.998524 0.048359 94.675026 0.219379 -0.052617 0.974220 0.963450 0.000000 0.000000 0.000000 1.000000
0.975076 -0.013193 -0.221479 1.868752 0.024409 0.998550 0.047982 94.655548 0.220525 -0.052192 0.973984 0.992009 0.000000 0.000000 0.000000 1.000000
0.974828 -0.012891 -0.222584 1.931919 0.024077 0.998576 0.047615 94.636757 0.221653 -0.051776 0.973750 1.021043 0.000000 0.000000 0.000000 1.000000
0.974584 -0.012590 -0.223667 1.995873 0.023747 0.998600 0.047259 94.619095 0.222758 -0.051369 0.973519 1.050511 0.000000 0.000000 0.000000 1.000000
0.974345 -0.012294 -0.224722 2.060616 0.023421 0.998624 0.046915 94.602165 0.223836 -0.050975 0.973293 1.080396 0.000000 0.000000 0.000000 1.000000
0.974112 -0.012002 -0.225745 2.126119 0.023100 0.998647 0.046585 94.585876 0.224881 -0.050594 0.973072 1.110719 0.000000 0.000000 0.000000 1.000000
0.973886 -0.011727 -0.226732 2.192326 0.022798 0.998669 0.046270 94.570198 0.225888 -0.050231 0.972857 1.141351 0.000000 0.000000 0.000000 1.000000
0.973669 -0.011453 -0.227677 2.259238 0.022497 0.998689 0.045971 94.555695 0.226852 -0.049883 0.972651 1.172492 0.000000 0.000000 0.000000 1.000000
0.973462 -0.011184 -0.228574 2.326839 0.022202 0.998709 0.045690 94.542374 0.227768 -0.049552 0.972454 1.204098 0.000000 0.000000 0.000000 1.000000
0.973266 -0.010931 -0.229419 2.395044 0.021926 0.998727 0.045427 94.530212 0.228630 -0.049243 0.972267 1.236111 0.000000 0.000000 0.000000 1.000000
0.973062 -0.010651 -0.230297 2.466763 0.021627 0.998744 0.045188 94.519203 0.229526 -0.048951 0.972071 1.268471 0.000000 0.000000 0.000000 1.000000
0.972834 -0.010338 -0.231275 2.544107 0.021305 0.998761 0.044973 94.508690 0.230523 -0.048679 0.971848 1.300841 0.000000 0.000000 0.000000 1.000000
0.972589 -0.010003 -0.232315 2.625904 0.020968 0.998777 0.044780 94.499168 0.231583 -0.048424 0.971609 1.333269 0.000000 0.000000 0.000000 1.000000
0.972338 -0.009648 -0.233379 2.711038 0.020617 0.998792 0.044608 94.490669 0.232667 -0.048185 0.971362 1.365846 0.000000 0.000000 0.000000 1.000000
0.972088 -0.009294 -0.234431 2.798335 0.020270 0.998806 0.044453 94.483032 0.233738 -0.047964 0.971116 1.398498 0.000000 0.000000 0.000000 1.000000
0.971849 -0.008957 -0.235433 2.886635 0.019941 0.998819 0.044313 94.476540 0.234758 -0.047761 0.970880 1.431216 0.000000 0.000000 0.000000 1.000000
0.971630 -0.008638 -0.236348 2.974862 0.019628 0.998831 0.044186 94.471100 0.235689 -0.047571 0.970663 1.464122 0.000000 0.000000 0.000000 1.000000
0.971440 -0.008352 -0.237138 3.061848 0.019345 0.998841 0.044069 94.466774 0.236495 -0.047397 0.970476 1.497182 0.000000 0.000000 0.000000 1.000000
0.971288 -0.008119 -0.237768 3.146420 0.019110 0.998851 0.043959 94.463814 0.237138 -0.047241 0.970327 1.530321 0.000000 0.000000 0.000000 1.000000
0.971183 -0.007988 -0.238201 3.227418 0.018972 0.998858 0.043854 94.461807 0.237579 -0.047110 0.970225 1.563524 0.000000 0.000000 0.000000 1.000000
0.971135 -0.007937 -0.238397 3.303753 0.018904 0.998864 0.043753 94.461411 0.237779 -0.046996 0.970182 1.596986 0.000000 0.000000 0.000000 1.000000
0.971154 -0.007928 -0.238321 3.374254 0.018866 0.998869 0.043650 94.463150 0.237705 -0.046887 0.970205 1.630752 0.000000 0.000000 0.000000 1.000000
0.971248 -0.007979 -0.237935 3.437752 0.018874 0.998873 0.043546 94.465889 0.237320 -0.046784 0.970304 1.664567 0.000000 0.000000 0.000000 1.000000
0.971387 -0.008067 -0.237364 3.497176 0.018910 0.998877 0.043439 94.470398 0.236747 -0.046685 0.970449 1.698656 0.000000 0.000000 0.000000 1.000000
0.971535 -0.008252 -0.236753 3.556026 0.019044 0.998879 0.043331 94.477104 0.236130 -0.046606 0.970603 1.732967 0.000000 0.000000 0.000000 1.000000
0.971693 -0.008471 -0.236096 3.614228 0.019210 0.998881 0.043223 94.485786 0.235466 -0.046534 0.970768 1.767532 0.000000 0.000000 0.000000 1.000000
0.971862 -0.008719 -0.235389 3.671671 0.019404 0.998882 0.043114 94.496483 0.234750 -0.046468 0.970944 1.802392 0.000000 0.000000 0.000000 1.000000
0.972044 -0.009004 -0.234628 3.728237 0.019633 0.998882 0.043006 94.508835 0.233978 -0.046410 0.971134 1.837493 0.000000 0.000000 0.000000 1.000000
0.972239 -0.009321 -0.233806 3.783832 0.019893 0.998881 0.042899 94.522720 0.233144 -0.046359 0.971337 1.872871 0.000000 0.000000 0.000000 1.000000
0.972448 -0.009664 -0.232918 3.838384 0.020176 0.998880 0.042793 94.538315 0.232244 -0.046313 0.971554 1.908579 0.000000 0.000000 0.000000 1.000000
0.972673 -0.010037 -0.231961 3.891782 0.020488 0.998878 0.042689 94.555351 0.231272 -0.046275 0.971788 1.944598 0.000000 0.000000 0.000000 1.000000
0.972915 -0.010440 -0.230928 3.943909 0.020827 0.998876 0.042588 94.573616 0.230223 -0.046244 0.972038 1.980929 0.000000 0.000000 0.000000 1.000000
0.973174 -0.010867 -0.229814 3.994695 0.021188 0.998872 0.042489 94.593094 0.229093 -0.046219 0.972307 2.017619 0.000000 0.000000 0.000000 1.000000
0.973451 -0.011319 -0.228615 4.044063 0.021571 0.998868 0.042394 94.613777 0.227877 -0.046200 0.972593 2.054681 0.000000 0.000000 0.000000 1.000000
0.973747 -0.011809 -0.227327 4.091805 0.021990 0.998863 0.042303 94.634766 0.226569 -0.046191 0.972899 2.091936 0.000000 0.000000 0.000000 1.000000
0.974063 -0.012308 -0.225942 4.137956 0.022414 0.998857 0.042216 94.657043 0.225164 -0.046185 0.973226 2.129749 0.000000 0.000000 0.000000 1.000000
0.974400 -0.012832 -0.224457 4.182353 0.022860 0.998850 0.042134 94.680222 0.223658 -0.046186 0.973573 2.167945 0.000000 0.000000 0.000000 1.000000
0.974758 -0.013377 -0.222865 4.224918 0.023323 0.998843 0.042054 94.704002 0.222045 -0.046190 0.973942 2.206550 0.000000 0.000000 0.000000 1.000000
0.975137 -0.013946 -0.221163 4.265527 0.023805 0.998835 0.041975 94.728081 0.220320 -0.046196 0.974333 2.245545 0.000000 0.000000 0.000000 1.000000
0.975539 -0.014531 -0.219344 4.304085 0.024305 0.998825 0.041927 94.752556 0.218477 -0.046232 0.974746 2.284961 0.000000 0.000000 0.000000 1.000000
0.975964 -0.015135 -0.217405 4.340494 0.024821 0.998814 0.041890 94.777397 0.216513 -0.046280 0.975182 2.324802 0.000000 0.000000 0.000000 1.000000
0.976412 -0.015754 -0.215338 4.374687 0.025347 0.998802 0.041859 94.802307 0.214421 -0.046330 0.975642 2.365142 0.000000 0.000000 0.000000 1.000000
0.976884 -0.016384 -0.213140 4.406590 0.025879 0.998789 0.041833 94.827881 0.212196 -0.046381 0.976126 2.406031 0.000000 0.000000 0.000000 1.000000
0.977380 -0.017025 -0.210804 4.436080 0.026416 0.998776 0.041812 94.853119 0.209834 -0.046434 0.976634 2.447442 0.000000 0.000000 0.000000 1.000000
0.977899 -0.017698 -0.208328 4.462926 0.026980 0.998762 0.041796 94.877304 0.207330 -0.046493 0.977166 2.489157 0.000000 0.000000 0.000000 1.000000
0.978441 -0.018387 -0.205704 4.487141 0.027553 0.998747 0.041786 94.901680 0.204678 -0.046553 0.977722 2.531406 0.000000 0.000000 0.000000 1.000000
0.979008 -0.019089 -0.202928 4.508626 0.028135 0.998731 0.041782 94.925377 0.201873 -0.046614 0.978302 2.574158 0.000000 0.000000 0.000000 1.000000
0.979597 -0.019803 -0.199993 4.527284 0.028720 0.998714 0.041783 94.948601 0.198909 -0.046675 0.978906 2.617471 0.000000 0.000000 0.000000 1.000000
0.980209 -0.020530 -0.196896 4.542983 0.029312 0.998696 0.041791 94.971344 0.195781 -0.046735 0.979533 2.661314 0.000000 0.000000 0.000000 1.000000
0.980844 -0.021281 -0.193631 4.555602 0.029920 0.998678 0.041805 94.992828 0.192485 -0.046798 0.980183 2.705581 0.000000 0.000000 0.000000 1.000000
0.981500 -0.022033 -0.190191 4.565130 0.030523 0.998659 0.041825 95.013794 0.189014 -0.046856 0.980856 2.750520 0.000000 0.000000 0.000000 1.000000
0.982177 -0.022800 -0.186572 4.571385 0.031135 0.998638 0.041868 95.033676 0.185363 -0.046931 0.981549 2.795978 0.000000 0.000000 0.000000 1.000000
0.982899 -0.023583 -0.182630 4.570636 0.031746 0.998617 0.041903 95.052612 0.181389 -0.046984 0.982288 2.845385 0.000000 0.000000 0.000000 1.000000
0.983682 -0.024411 -0.178253 4.559960 0.032378 0.998596 0.041924 95.070129 0.176979 -0.047012 0.983091 2.900926 0.000000 0.000000 0.000000 1.000000
0.984512 -0.025287 -0.173482 4.540712 0.033039 0.998574 0.041941 95.086342 0.172174 -0.047023 0.983944 2.961206 0.000000 0.000000 0.000000 1.000000
0.985378 -0.026204 -0.168358 4.514287 0.033724 0.998550 0.041960 95.101105 0.167014 -0.047024 0.984833 3.024883 0.000000 0.000000 0.000000 1.000000
0.986265 -0.027159 -0.162921 4.482064 0.034433 0.998524 0.041992 95.114365 0.161540 -0.047025 0.985745 3.090595 0.000000 0.000000 0.000000 1.000000
0.987163 -0.028157 -0.157213 4.445363 0.035177 0.998496 0.042053 95.125748 0.155793 -0.047044 0.986669 3.156870 0.000000 0.000000 0.000000 1.000000
0.988062 -0.029164 -0.151274 4.405735 0.035925 0.998465 0.042150 95.135902 0.149812 -0.047081 0.987593 3.222670 0.000000 0.000000 0.000000 1.000000
0.988949 -0.030214 -0.145147 4.364355 0.036711 0.998431 0.042293 95.143036 0.143641 -0.047154 0.988506 3.286200 0.000000 0.000000 0.000000 1.000000
0.989816 -0.031283 -0.138872 4.322700 0.037519 0.998391 0.042511 95.147224 0.137319 -0.047288 0.989397 3.346307 0.000000 0.000000 0.000000 1.000000
0.990655 -0.032380 -0.132492 4.282082 0.038357 0.998347 0.042809 95.146599 0.130887 -0.047491 0.990259 3.401486 0.000000 0.000000 0.000000 1.000000
0.991459 -0.033485 -0.126048 4.243969 0.039208 0.998297 0.043201 95.142204 0.124387 -0.047774 0.991083 3.450564 0.000000 0.000000 0.000000 1.000000
0.992221 -0.034611 -0.119583 4.209648 0.040087 0.998240 0.043699 95.133736 0.117860 -0.048153 0.991862 3.491980 0.000000 0.000000 0.000000 1.000000
0.992936 -0.035755 -0.113138 4.180520 0.040993 0.998176 0.044316 95.121094 0.111347 -0.048640 0.992591 3.524349 0.000000 0.000000 0.000000 1.000000
0.993613 -0.036894 -0.106635 4.157284 0.041898 0.998105 0.045074 95.105667 0.104770 -0.049254 0.993276 3.547386 0.000000 0.000000 0.000000 1.000000
0.994312 -0.038116 -0.099449 4.135712 0.042862 0.998020 0.046029 95.087540 0.097498 -0.050029 0.993977 3.564385 0.000000 0.000000 0.000000 1.000000
0.995016 -0.039429 -0.091585 4.114963 0.043886 0.997922 0.047167 95.066704 0.089535 -0.050951 0.994680 3.576218 0.000000 0.000000 0.000000 1.000000
0.995700 -0.040806 -0.083171 4.095113 0.044941 0.997813 0.048465 95.043770 0.081011 -0.051994 0.995356 3.583433 0.000000 0.000000 0.000000 1.000000
0.996339 -0.042236 -0.074333 4.076126 0.046016 0.997694 0.049897 95.018600 0.072054 -0.053135 0.995984 3.586332 0.000000 0.000000 0.000000 1.000000
0.996914 -0.043714 -0.065202 4.057931 0.047106 0.997565 0.051438 94.991577 0.062795 -0.054351 0.996545 3.585200 0.000000 0.000000 0.000000 1.000000
0.997411 -0.045227 -0.055907 4.040511 0.048202 0.997427 0.053063 94.962738 0.053363 -0.055620 0.997025 3.580357 0.000000 0.000000 0.000000 1.000000
0.997819 -0.046766 -0.046578 4.023821 0.049296 0.997283 0.054745 94.932503 0.043891 -0.056921 0.997413 3.572122 0.000000 0.000000 0.000000 1.000000
0.998135 -0.048290 -0.037341 4.007983 0.050354 0.997134 0.056457 94.901573 0.034508 -0.058232 0.997706 3.561118 0.000000 0.000000 0.000000 1.000000
0.998355 -0.049837 -0.028334 3.992734 0.051419 0.996981 0.058173 94.868599 0.025349 -0.059534 0.997904 3.547073 0.000000 0.000000 0.000000 1.000000
0.998486 -0.051366 -0.019683 3.978152 0.052461 0.996827 0.059865 94.835121 0.016545 -0.060807 0.998012 3.530623 0.000000 0.000000 0.000000 1.000000
0.998536 -0.052858 -0.011517 3.964273 0.053468 0.996674 0.061506 94.801247 0.008228 -0.062032 0.998040 3.512138 0.000000 0.000000 0.000000 1.000000
0.998516 -0.054306 -0.003967 3.951009 0.054448 0.996523 0.063068 94.767136 0.000528 -0.063190 0.998001 3.491823 0.000000 0.000000 0.000000 1.000000
0.998443 -0.055702 0.002838 3.938316 0.055403 0.996377 0.064521 94.732918 -0.006421 -0.064264 0.997912 3.469912 0.000000 0.000000 0.000000 1.000000
0.998335 -0.057009 0.008770 3.926281 0.056311 0.996240 0.065839 94.699257 -0.012491 -0.065235 0.997792 3.446949 0.000000 0.000000 0.000000 1.000000
0.998210 -0.058224 0.013701 3.914834 0.057182 0.996114 0.066992 94.665695 -0.017549 -0.066088 0.997659 3.423074 0.000000 0.000000 0.000000 1.000000
0.998085 -0.059327 0.017503 3.903970 0.058012 0.996001 0.067951 94.633186 -0.021464 -0.066806 0.997535 3.398652 0.000000 0.000000 0.000000 1.000000
0.997979 -0.060306 0.020047 3.893653 0.058801 0.995904 0.068689 94.601379 -0.024107 -0.067371 0.997437 3.373939 0.000000 0.000000 0.000000 1.000000
0.997905 -0.061127 0.021208 3.883967 0.059530 0.995827 0.069175 94.570740 -0.025348 -0.067768 0.997379 3.349442 0.000000 0.000000 0.000000 1.000000
0.997852 -0.061844 0.021616 3.874381 0.060212 0.995769 0.069414 94.541496 -0.025818 -0.067963 0.997354 3.322919 0.000000 0.000000 0.000000 1.000000
0.997803 -0.062486 0.021992 3.864682 0.060826 0.995730 0.069441 94.514496 -0.026238 -0.067951 0.997344 3.292664 0.000000 0.000000 0.000000 1.000000
0.997761 -0.063047 0.022338 3.855040 0.061366 0.995708 0.069282 94.489693 -0.026611 -0.067756 0.997347 3.259190 0.000000 0.000000 0.000000 1.000000
0.997722 -0.063536 0.022655 3.845582 0.061841 0.995701 0.068962 94.467331 -0.026939 -0.067404 0.997362 3.222850 0.000000 0.000000 0.000000 1.000000
0.997690 -0.063946 0.022943 3.836504 0.062243 0.995707 0.068507 94.447777 -0.027225 -0.066921 0.997387 3.184184 0.000000 0.000000 0.000000 1.000000
0.997661 -0.064290 0.023204 3.827901 0.062585 0.995724 0.067942 94.430931 -0.027473 -0.066331 0.997419 3.143453 0.000000 0.000000 0.000000 1.000000
0.997638 -0.064567 0.023438 3.819950 0.062864 0.995751 0.067293 94.417397 -0.027684 -0.065661 0.997458 3.101181 0.000000 0.000000 0.000000 1.000000
0.997620 -0.064777 0.023648 3.812782 0.063079 0.995785 0.066585 94.407097 -0.027861 -0.064935 0.997501 3.057778 0.000000 0.000000 0.000000 1.000000
0.997608 -0.064893 0.023833 3.806553 0.063204 0.995826 0.065843 94.400505 -0.028007 -0.064179 0.997545 3.013691 0.000000 0.000000 0.000000 1.000000
0.997600 -0.064947 0.023996 3.801344 0.063268 0.995871 0.065093 94.398026 -0.028124 -0.063419 0.997591 2.969263 0.000000 0.000000 0.000000 1.000000
0.997595 -0.064970 0.024135 3.797369 0.063304 0.995917 0.064361 94.399338 -0.028218 -0.062678 0.997635 2.924941 0.000000 0.000000 0.000000 1.000000
0.997594 -0.064952 0.024254 3.794809 0.063298 0.995962 0.063671 94.405083 -0.028292 -0.061983 0.997676 2.881329 0.000000 0.000000 0.000000 1.000000
0.997593 -0.064920 0.024353 3.793704 0.063277 0.996002 0.063051 94.413612 -0.028349 -0.061358 0.997713 2.838520 0.000000 0.000000 0.000000 1.000000
0.997598 -0.064818 0.024434 3.794301 0.063186 0.996041 0.062524 94.424149 -0.028390 -0.060830 0.997744 2.797228 0.000000 0.000000 0.000000 1.000000
0.997608 -0.064640 0.024491 3.796697 0.063016 0.996078 0.062116 94.436401 -0.028410 -0.060424 0.997768 2.757788 0.000000 0.000000 0.000000 1.000000
0.997621 -0.064417 0.024531 3.801027 0.062799 0.996108 0.061854 94.450348 -0.028420 -0.060166 0.997784 2.720580 0.000000 0.000000 0.000000 1.000000
0.997638 -0.064153 0.024560 3.807445 0.062535 0.996129 0.061768 94.465752 -0.028428 -0.060087 0.997788 2.686050 0.000000 0.000000 0.000000 1.000000
0.997657 -0.063844 0.024581 3.816162 0.062222 0.996143 0.061867 94.482132 -0.028436 -0.060192 0.997782 2.654643 0.000000 0.000000 0.000000 1.000000
0.997686 -0.063473 0.024384 3.827767 0.061854 0.996145 0.062204 94.500282 -0.028238 -0.060552 0.997766 2.626409 0.000000 0.000000 0.000000 1.000000
0.997754 -0.062954 0.022874 3.845039 0.061412 0.996133 0.062827 94.519432 -0.026741 -0.061281 0.997762 2.598713 0.000000 0.000000 0.000000 1.000000
0.997855 -0.062306 0.020068 3.867246 0.060917 0.996110 0.063669 94.538574 -0.023957 -0.062310 0.997769 2.571182 0.000000 0.000000 0.000000 1.000000
0.997975 -0.061514 0.016193 3.893338 0.060348 0.996082 0.064649 94.559441 -0.020107 -0.063541 0.997777 2.544362 0.000000 0.000000 0.000000 1.000000
0.998095 -0.060623 0.011472 3.922036 0.059743 0.996050 0.065685 94.580231 -0.015409 -0.064875 0.997774 2.518185 0.000000 0.000000 0.000000 1.000000
0.998202 -0.059630 0.006131 3.952192 0.059090 0.996022 0.066695 94.601624 -0.010084 -0.066213 0.997755 2.493174 0.000000 0.000000 0.000000 1.000000
0.998284 -0.058560 0.000395 3.982551 0.058400 0.996002 0.067596 94.623901 -0.004352 -0.067457 0.997713 2.469530 0.000000 0.000000 0.000000 1.000000
0.998333 -0.057446 -0.005516 4.011913 0.057689 0.995995 0.068307 94.645576 0.001570 -0.068511 0.997649 2.447320 0.000000 0.000000 0.000000 1.000000
0.998350 -0.056261 -0.011480 4.040327 0.056920 0.996008 0.068764 94.668510 0.007565 -0.069304 0.997567 2.427243 0.000000 0.000000 0.000000 1.000000
0.998326 -0.054971 -0.017980 4.073313 0.056089 0.996035 0.069049 94.691811 0.014113 -0.069942 0.997451 2.408673 0.000000 0.000000 0.000000 1.000000
0.998250 -0.053585 -0.025019 4.109906 0.055203 0.996074 0.069208 94.714874 0.021212 -0.070468 0.997288 2.391374 0.000000 0.000000 0.000000 1.000000
0.998112 -0.052123 -0.032493 4.147953 0.054274 0.996120 0.069272 94.737999 0.028757 -0.070904 0.997069 2.375250 0.000000 0.000000 0.000000 1.000000
0.997905 -0.050611 -0.040302 4.185220 0.053321 0.996171 0.069289 94.760918 0.036641 -0.071293 0.996782 2.360092 0.000000 0.000000 0.000000 1.000000
0.997626 -0.049054 -0.048341 4.219600 0.052342 0.996223 0.069287 94.784050 0.044759 -0.071653 0.996425 2.345909 0.000000 0.000000 0.000000 1.000000
0.997273 -0.047474 -0.056508 4.248930 0.051352 0.996275 0.069280 94.806770 0.053008 -0.071993 0.995996 2.332562 0.000000 0.000000 0.000000 1.000000
0.996849 -0.045890 -0.064700 4.271017 0.050363 0.996325 0.069282 94.829010 0.061283 -0.072322 0.995497 2.319897 0.000000 0.000000 0.000000 1.000000
0.996361 -0.044297 -0.072812 4.283828 0.049362 0.996373 0.069310 94.851379 0.069478 -0.072652 0.994934 2.308082 0.000000 0.000000 0.000000 1.000000
0.995809 -0.042737 -0.080863 4.286065 0.048397 0.996416 0.069376 94.871902 0.077609 -0.072999 0.994308 2.296445 0.000000 0.000000 0.000000 1.000000
0.995149 -0.041067 -0.089402 4.282953 0.047369 0.996453 0.069550 94.891960 0.086229 -0.073447 0.993564 2.285426 0.000000 0.000000 0.000000 1.000000
0.994374 -0.039313 -0.098365 4.275150 0.046297 0.996489 0.069756 94.910728 0.095278 -0.073918 0.992703 2.274920 0.000000 0.000000 0.000000 1.000000
0.993490 -0.037506 -0.107570 4.262403 0.045198 0.996524 0.069986 94.928558 0.104571 -0.074392 0.991731 2.264980 0.000000 0.000000 0.000000 1.000000
0.992510 -0.035685 -0.116835 4.244380 0.044098 0.996556 0.070229 94.945404 0.113926 -0.074856 0.990665 2.255576 0.000000 0.000000 0.000000 1.000000
0.991454 -0.033885 -0.125978 4.220822 0.043016 0.996586 0.070476 94.960602 0.123160 -0.075293 0.989526 2.246732 0.000000 0.000000 0.000000 1.000000
0.990349 -0.032137 -0.134819 4.191423 0.041967 0.996613 0.070716 94.974838 0.132090 -0.075691 0.988344 2.238506 0.000000 0.000000 0.000000 1.000000
0.989227 -0.030492 -0.143179 4.155835 0.040988 0.996639 0.070934 94.987770 0.140535 -0.076039 0.987151 2.230755 0.000000 0.000000 0.000000 1.000000
0.988127 -0.028975 -0.150880 4.113823 0.040084 0.996662 0.071121 94.998955 0.148315 -0.076324 0.985990 2.223584 0.000000 0.000000 0.000000 1.000000
0.987094 -0.027625 -0.157742 4.065096 0.039277 0.996686 0.071234 95.008720 0.155251 -0.076510 0.984908 2.216997 0.000000 0.000000 0.000000 1.000000
0.986173 -0.026487 -0.163591 4.009290 0.038596 0.996709 0.071285 95.017105 0.161165 -0.076613 0.983949 2.210886 0.000000 0.000000 0.000000 1.000000
0.985331 -0.025488 -0.168742 3.946054 0.037995 0.996730 0.071310 95.021042 0.166373 -0.076675 0.983077 2.201396 0.000000 0.000000 0.000000 1.000000
0.984504 -0.024552 -0.173634 3.875597 0.037434 0.996751 0.071312 95.017601 0.171319 -0.076707 0.982225 2.184787 0.000000 0.000000 0.000000 1.000000
0.983696 -0.023693 -0.178273 3.798558 0.036929 0.996771 0.071296 95.007278 0.176008 -0.076717 0.981395 2.161331 0.000000 0.000000 0.000000 1.000000
0.982909 -0.022892 -0.182664 3.715720 0.036459 0.996791 0.071266 94.990677 0.180447 -0.076708 0.980589 2.131668 0.000000 0.000000 0.000000 1.000000
0.982146 -0.022147 -0.186812 3.627798 0.036021 0.996811 0.071203 94.969048 0.184639 -0.076661 0.979812 2.096295 0.000000 0.000000 0.000000 1.000000
0.981410 -0.021461 -0.190722 3.535505 0.035615 0.996833 0.071096 94.942619 0.188592 -0.076566 0.979066 2.055639 0.000000 0.000000 0.000000 1.000000
0.980701 -0.020834 -0.194400 3.439515 0.035245 0.996855 0.070971 94.911766 0.192310 -0.076453 0.978352 2.010087 0.000000 0.000000 0.000000 1.000000
0.980023 -0.020250 -0.197849 3.340587 0.034897 0.996878 0.070826 94.877510 0.195797 -0.076316 0.977670 1.960242 0.000000 0.000000 0.000000 1.000000
0.979377 -0.019720 -0.201077 3.239386 0.034581 0.996900 0.070665 94.840576 0.199061 -0.076162 0.977023 1.906446 0.000000 0.000000 0.000000 1.000000
0.978764 -0.019235 -0.204088 3.136612 0.034291 0.996923 0.070490 94.801323 0.202104 -0.075992 0.976411 1.849213 0.000000 0.000000 0.000000 1.000000
0.978184 -0.018796 -0.206887 3.033014 0.034026 0.996945 0.070304 94.759949 0.204934 -0.075810 0.975836 1.788935 0.000000 0.000000 0.000000 1.000000
0.977640 -0.018406 -0.209480 2.929268 0.033792 0.996967 0.070108 94.717194 0.207554 -0.075619 0.975296 1.726046 0.000000 0.000000 0.000000 1.000000
0.977131 -0.018042 -0.211870 2.826140 0.033566 0.996989 0.069906 94.673828 0.209971 -0.075419 0.974794 1.661191 0.000000 0.000000 0.000000 1.000000
0.976659 -0.017714 -0.214063 2.724291 0.033360 0.997010 0.069699 94.630333 0.212188 -0.075213 0.974330 1.594703 0.000000 0.000000 0.000000 1.000000
0.976224 -0.017424 -0.216064 2.619008 0.033176 0.997031 0.069490 94.587318 0.214212 -0.075006 0.973903 1.527016 0.000000 0.000000 0.000000 1.000000
0.975825 -0.017161 -0.217878 2.508055 0.033003 0.997051 0.069282 94.545418 0.216047 -0.074798 0.973514 1.458661 0.000000 0.000000 0.000000 1.000000
0.975463 -0.016926 -0.219510 2.395854 0.032845 0.997070 0.069077 94.504738 0.217698 -0.074592 0.973162 1.390034 0.000000 0.000000 0.000000 1.000000
0.975139 -0.016717 -0.220964 2.286824 0.032700 0.997089 0.068877 94.466278 0.219169 -0.074391 0.972847 1.321599 0.000000 0.000000 0.000000 1.000000
0.974860 -0.015967 -0.222246 2.182200 0.032019 0.997116 0.068813 94.430222 0.220506 -0.074199 0.972559 1.254025 0.000000 0.000000 0.000000 1.000000
0.974608 -0.015810 -0.223359 2.075019 0.031903 0.997132 0.068629 94.397369 0.221633 -0.074012 0.972317 1.187431 0.000000 0.000000 0.000000 1.000000
0.974392 -0.015686 -0.224309 1.967841 0.031811 0.997147 0.068455 94.368263 0.222596 -0.073837 0.972111 1.122376 0.000000 0.000000 0.000000 1.000000
0.974211 -0.015581 -0.225101 1.861404 0.031728 0.997161 0.068293 94.343239 0.223398 -0.073674 0.971939 1.059403 0.000000 0.000000 0.000000 1.000000
0.974065 -0.015504 -0.225738 1.756278 0.031664 0.997173 0.068147 94.323059 0.224043 -0.073527 0.971802 0.998942 0.000000 0.000000 0.000000 1.000000
0.973952 -0.015448 -0.226227 1.653222 0.031615 0.997183 0.068016 94.308044 0.224539 -0.073396 0.971697 0.941427 0.000000 0.000000 0.000000 1.000000
0.973873 -0.015410 -0.226570 1.552884 0.031577 0.997192 0.067906 94.298798 0.224888 -0.073286 0.971625 0.887360 0.000000 0.000000 0.000000 1.000000
0.973826 -0.015396 -0.226774 1.455950 0.031558 0.997199 0.067817 94.295715 0.225095 -0.073198 0.971583 0.837111 0.000000 0.000000 0.000000 1.000000
0.973818 -0.015384 -0.226810 1.363084 0.031530 0.997205 0.067736 94.299774 0.225134 -0.073114 0.971581 0.791244 0.000000 0.000000 0.000000 1.000000
0.973826 -0.015375 -0.226774 1.272546 0.031497 0.997212 0.067648 94.308868 0.225101 -0.073020 0.971595 0.748645 0.000000 0.000000 0.000000 1.000000
0.973856 -0.015366 -0.226646 1.182325 0.031448 0.997222 0.067518 94.321129 0.224979 -0.072880 0.971634 0.707619 0.000000 0.000000 0.000000 1.000000
0.973913 -0.015369 -0.226399 1.092819 0.031398 0.997234 0.067366 94.336220 0.224737 -0.072717 0.971702 0.667994 0.000000 0.000000 0.000000 1.000000
0.973993 -0.015384 -0.226054 1.004378 0.031346 0.997247 0.067194 94.353859 0.224398 -0.072532 0.971795 0.629680 0.000000 0.000000 0.000000 1.000000
0.974095 -0.015403 -0.225612 0.917423 0.031288 0.997262 0.067003 94.374046 0.223962 -0.072327 0.971910 0.592608 0.000000 0.000000 0.000000 1.000000
0.974219 -0.015430 -0.225074 0.832355 0.031227 0.997278 0.066798 94.396545 0.223431 -0.072104 0.972049 0.556648 0.000000 0.000000 0.000000 1.000000
0.974365 -0.015461 -0.224442 0.749584 0.031161 0.997294 0.066579 94.420853 0.222805 -0.071866 0.972210 0.521697 0.000000 0.000000 0.000000 1.000000
0.974531 -0.015497 -0.223716 0.669507 0.031091 0.997312 0.066350 94.447060 0.222086 -0.071616 0.972393 0.487669 0.000000 0.000000 0.000000 1.000000
0.974718 -0.015543 -0.222898 0.592515 0.031022 0.997330 0.066113 94.474998 0.221275 -0.071356 0.972597 0.454403 0.000000 0.000000 0.000000 1.000000
0.974925 -0.015591 -0.221988 0.519023 0.030948 0.997348 0.065870 94.504372 0.220372 -0.071088 0.972822 0.421843 0.000000 0.000000 0.000000 1.000000
0.975151 -0.015642 -0.220987 0.449406 0.030870 0.997367 0.065624 94.534950 0.219379 -0.070815 0.973066 0.389877 0.000000 0.000000 0.000000 1.000000
0.975397 -0.015696 -0.219897 0.384065 0.030788 0.997386 0.065377 94.566864 0.218296 -0.070539 0.973330 0.358414 0.000000 0.000000 0.000000 1.000000
0.975661 -0.015748 -0.218718 0.323398 0.030700 0.997404 0.065133 94.599640 0.217125 -0.070262 0.973612 0.327355 0.000000 0.000000 0.000000 1.000000
0.975942 -0.015899 -0.217451 0.267621 0.030603 0.997454 0.064418 94.632668 0.215873 -0.069523 0.973943 0.298063 0.000000 0.000000 0.000000 1.000000
0.976240 -0.015984 -0.216100 0.219495 0.030510 0.997480 0.064048 94.666115 0.214531 -0.069119 0.974268 0.267772 0.000000 0.000000 0.000000 1.000000
0.976557 -0.016039 -0.214662 0.180199 0.030426 0.997493 0.063886 94.699852 0.213100 -0.068919 0.974597 0.236956 0.000000 0.000000 0.000000 1.000000
0.976889 -0.016089 -0.213141 0.148071 0.030336 0.997505 0.063740 94.733665 0.211583 -0.068733 0.974940 0.206115 0.000000 0.000000 0.000000 1.000000
0.977237 -0.016142 -0.211536 0.121557 0.030247 0.997516 0.063612 94.767235 0.209984 -0.068562 0.975298 0.175081 0.000000 0.000000 0.000000 1.000000
0.977600 -0.016197 -0.209849 0.099122 0.030158 0.997526 0.063504 94.800331 0.208302 -0.068410 0.975669 0.143762 0.000000 0.000000 0.000000 1.000000
0.977977 -0.016241 -0.208081 0.079250 0.030067 0.997532 0.063456 94.832863 0.206537 -0.068315 0.976051 0.112103 0.000000 0.000000 0.000000 1.000000
0.978367 -0.016286 -0.206232 0.060341 0.029981 0.997534 0.063456 94.864769 0.204691 -0.068266 0.976443 0.079919 0.000000 0.000000 0.000000 1.000000
0.978771 -0.016337 -0.204305 0.040936 0.029896 0.997537 0.063456 94.895447 0.202766 -0.068217 0.976848 0.047142 0.000000 0.000000 0.000000 1.000000
0.979186 -0.016391 -0.202301 0.019464 0.029808 0.997539 0.063456 94.924980 0.200763 -0.068166 0.977265 0.013692 0.000000 0.000000 0.000000 1.000000
0.979610 -0.016594 -0.200220 -0.005624 0.029867 0.997538 0.063456 94.953323 0.198674 -0.068142 0.977694 -0.020619 0.000000 0.000000 0.000000 1.000000</float_array>
        <technique_common>
          <accessor source="#mixamorig_Hips-Matrix-animation-output-transform-array" count="232" stride="16">
            <param type="float4x4"/>
          </accessor>
        </technique_common>
      </source>
      <source id="mixamorig_Hips-Interpolations">
        <Name_array id="mixamorig_Hips-Interpolations-array" count="232">
 LINEAR LINEAR LINEAR LINEAR LINEAR LINEAR LINEAR LINEAR LINEAR LINEAR LINEAR
LINEAR LINEAR LINEAR LINEAR LINEAR LINEAR LINEAR LINEAR LINEAR LINEAR LINEAR LINEAR
LINEAR LINEAR LINEAR LINEAR LINEAR LINEAR LINEAR LINEAR LINEAR LINEAR LINEAR LINEAR
LINEAR LINEAR LINEAR LINEAR LINEAR LINEAR LINEAR LINEAR LINEAR LINEAR LINEAR LINEAR
LINEAR LINEAR LINEAR LINEAR LINEAR LINEAR LINEAR LINEAR LINEAR LINEAR LINEAR LINEAR
LINEAR LINEAR LINEAR LINEAR LINEAR LINEAR LINEAR LINEAR LINEAR LINEAR LINEAR LINEAR
LINEAR LINEAR LINEAR LINEAR LINEAR LINEAR LINEAR LINEAR LINEAR LINEAR LINEAR LINEAR
LINEAR LINEAR LINEAR LINEAR LINEAR LINEAR LINEAR LINEAR LINEAR LINEAR LINEAR LINEAR
LINEAR LINEAR LINEAR LINEAR LINEAR LINEAR LINEAR LINEAR LINEAR LINEAR LINEAR LINEAR
LINEAR LINEAR LINEAR LINEAR LINEAR LINEAR LINEAR LINEAR LINEAR LINEAR LINEAR LINEAR
LINEAR LINEAR LINEAR LINEAR LINEAR LINEAR LINEAR LINEAR LINEAR LINEAR LINEAR LINEAR
LINEAR LINEAR LINEAR LINEAR LINEAR LINEAR LINEAR LINEAR LINEAR LINEAR LINEAR LINEAR
LINEAR LINEAR LINEAR LINEAR LINEAR LINEAR LINEAR LINEAR LINEAR LINEAR LINEAR LINEAR
LINEAR LINEAR LINEAR LINEAR LINEAR LINEAR LINEAR LINEAR LINEAR LINEAR LINEAR LINEAR
LINEAR LINEAR LINEAR LINEAR LINEAR LINEAR LINEAR LINEAR LINEAR LINEAR LINEAR LINEAR
LINEAR LINEAR LINEAR LINEAR LINEAR LINEAR LINEAR LINEAR LINEAR LINEAR LINEAR LINEAR
LINEAR LINEAR LINEAR LINEAR LINEAR LINEAR LINEAR LINEAR LINEAR LINEAR LINEAR LINEAR
LINEAR LINEAR LINEAR LINEAR LINEAR LINEAR LINEAR LINEAR LINEAR LINEAR LINEAR LINEAR
LINEAR LINEAR LINEAR LINEAR LINEAR LINEAR LINEAR LINEAR LINEAR LINEAR LINEAR LINEAR
LINEAR LINEAR LINEAR LINEAR LINEAR</Name_array>
        <technique_common>
          <accessor source="#mixamorig_Hips-Interpolations-array" count="232">
            <param type="name"/>
          </accessor>
        </technique_common>
      </source>
      <sampler id="mixamorig_Hips-Matrix-animation-transform">
        <input semantic="INPUT" source="#mixamorig_Hips-Matrix-animation-input"/>
        <input semantic="OUTPUT" source="#mixamorig_Hips-Matrix-animation-output-transform"/>
