<?xml version="1.0" encoding="utf-8"?>
<COLLADA xmlns="http://www.collada.org/2005/11/COLLADASchema" version="1.4.1">
  <asset>
    <contributor>
      <author>Mixamo</author>
      <authoring_tool>COLLADA Mixamo exporter</authoring_tool>
      <comments/>
    </contributor>
    <created>2023-07-29T20:30:25Z</created>
    <modified>2023-07-29T20:30:25Z</modified>
    <revision/>
    <title/>
    <unit meter="0.010000"/>
    <up_axis>Y_UP</up_axis>
  </asset>
  <library_animations>
    <animation id="mixamorig_Hips-anim" name="mixamorig_Hips">
      <source id="mixamorig_Hips-Matrix-animation-input">
        <float_array id="mixamorig_Hips-Matrix-animation-input-array" count="95">

0.000000 0.033333 0.066667 0.100000 0.133333 0.166667 0.200000 0.233333 0.266667 0.300000 0.333333 0.366667 0.400000 0.433333 0.466667 0.500000
0.533333 0.566667 0.600000 0.633333 0.666667 0.700000 0.733333 0.766667 0.800000 0.833333 0.866667 0.900000 0.933333 0.966667 1.000000 1.033333
1.066667 1.100000 1.133333 1.166667 1.200000 1.233333 1.266667 1.300000 1.333333 1.366667 1.400000 1.433333 1.466667 1.500000 1.533333 1.566667
1.600000 1.633333 1.666667 1.700000 1.733333 1.766667 1.800000 1.833333 1.866667 1.900000 1.933333 1.966667 2.000000 2.033333 2.066667 2.100000
2.133333 2.166667 2.200000 2.233333 2.266667 2.300000 2.333333 2.366667 2.400000 2.433333 2.466667 2.500000 2.533333 2.566667 2.600000 2.633333
2.666667 2.700000 2.733333 2.766667 2.800000 2.833333 2.866667 2.900000 2.933333 2.966667 3.000000 3.033333 3.066667 3.100000 3.133333</float_array>
        <technique_common>
          <accessor source="#mixamorig_Hips-Matrix-animation-input-array" count="95">
            <param name="TIME" type="float"/>
          </accessor>
        </technique_common>
      </source>
      <source id="mixamorig_Hips-Matrix-animation-output-transform">
        <float_array id="mixamorig_Hips-Matrix-animation-output-transform-array" count="1520">

0.997357 0.024715 -0.068322 0.050486 -0.068821 0.019922 -0.997430 14.527361 -0.023290 0.999496 0.021570 0.578579 0.000000 0.000000 0.000000 1.000000
0.997440 0.025769 -0.066709 0.137472 -0.067612 0.035947 -0.997064 15.265162 -0.023296 0.999021 0.037597 0.543795 0.000000 0.000000 0.000000 1.000000
0.998783 0.029850 -0.039256 0.278491 -0.040606 0.046062 -0.998113 16.844002 -0.027986 0.998492 0.047218 0.411947 0.000000 0.000000 0.000000 1.000000
0.999033 0.034757 -0.026913 0.271792 -0.029083 0.063505 -0.997558 18.396078 -0.032963 0.997376 0.064454 0.081947 0.000000 0.000000 0.000000 1.000000
0.998600 0.040716 -0.033754 0.278975 -0.037246 0.088297 -0.995398 20.463850 -0.037548 0.995262 0.089690 -0.533808 0.000000 0.000000 0.000000 1.000000
0.997824 0.043921 -0.049172 0.271620 -0.053873 0.113206 -0.992110 22.635489 -0.038008 0.992600 0.115326 -1.336059 0.000000 0.000000 0.000000 1.000000
0.997385 0.045853 -0.055856 0.253468 -0.061418 0.130535 -0.989540 25.037958 -0.038082 0.990383 0.133010 -2.240429 0.000000 0.000000 0.000000 1.000000
0.997439 0.048045 -0.052978 0.167914 -0.059048 0.135251 -0.989050 27.797070 -0.040353 0.989646 0.137742 -3.323048 0.000000 0.000000 0.000000 1.000000
0.996772 0.053630 -0.059749 -0.024519 -0.066470 0.133812 -0.988775 30.795036 -0.045033 0.989555 0.136944 -4.507991 0.000000 0.000000 0.000000 1.000000
0.996158 0.056816 -0.066644 -0.197392 -0.073412 0.126816 -0.989206 34.191692 -0.047751 0.990298 0.130500 -5.681427 0.000000 0.000000 0.000000 1.000000
0.995693 0.063546 -0.067509 -0.410093 -0.073640 0.099676 -0.992291 38.277706 -0.056327 0.992989 0.103926 -6.745119 0.000000 0.000000 0.000000 1.000000
0.994757 0.070805 -0.073787 -0.587168 -0.076832 0.041285 -0.996189 42.859051 -0.067488 0.996635 0.046509 -7.527497 0.000000 0.000000 0.000000 1.000000
0.993939 0.069006 -0.085573 -0.676057 -0.082785 -0.042301 -0.995669 47.873455 -0.072327 0.996719 -0.036332 -7.863874 0.000000 0.000000 0.000000 1.000000
0.993283 0.068556 -0.093216 -0.854464 -0.082540 -0.144802 -0.986012 53.396984 -0.081095 0.987083 -0.138171 -7.734341 0.000000 0.000000 0.000000 1.000000
0.992658 0.073811 -0.095826 -1.041778 -0.074927 -0.246711 -0.966188 58.776787 -0.094957 0.966274 -0.239369 -7.463573 0.000000 0.000000 0.000000 1.000000
0.993084 0.076351 -0.089184 -1.221749 -0.060262 -0.320427 -0.945355 63.662266 -0.100756 0.944191 -0.313610 -6.142167 0.000000 0.000000 0.000000 1.000000
0.993842 0.074947 -0.081613 -1.458791 -0.048214 -0.370669 -0.927513 67.905457 -0.099766 0.925736 -0.364773 -4.276296 0.000000 0.000000 0.000000 1.000000
0.994763 0.071919 -0.072621 -1.736112 -0.036799 -0.410858 -0.910956 71.855751 -0.095352 0.908858 -0.406060 -2.065014 0.000000 0.000000 0.000000 1.000000
0.995568 0.068901 -0.064007 -2.019392 -0.027485 -0.437720 -0.898691 75.334923 -0.089938 0.896468 -0.433886 0.266067 0.000000 0.000000 0.000000 1.000000
0.996288 0.066041 -0.055215 -2.283098 -0.019837 -0.448018 -0.893805 78.086983 -0.083765 0.891582 -0.445045 2.337944 0.000000 0.000000 0.000000 1.000000
0.996928 0.063836 -0.045389 -2.514942 -0.012858 -0.438241 -0.898765 79.807709 -0.077264 0.896588 -0.436074 3.666818 0.000000 0.000000 0.000000 1.000000
0.997479 0.062845 -0.032956 -2.689704 -0.005107 -0.399628 -0.916663 79.902252 -0.070778 0.914521 -0.398299 3.761707 0.000000 0.000000 0.000000 1.000000
0.997968 0.061541 -0.016490 -2.790877 0.003541 -0.311999 -0.950076 77.437233 -0.063614 0.948087 -0.311583 2.231116 0.000000 0.000000 0.000000 1.000000
0.998296 0.058258 -0.003196 -2.819072 0.008424 -0.198126 -0.980140 73.587349 -0.057735 0.978444 -0.198279 -0.287630 0.000000 0.000000 0.000000 1.000000
0.998469 0.055318 -0.000090 -2.770196 0.004420 -0.081399 -0.996672 69.810287 -0.055141 0.995145 -0.081519 -2.954754 0.000000 0.000000 0.000000 1.000000
0.998581 0.052576 0.008520 -2.753416 0.005625 0.054957 -0.998473 66.422935 -0.052964 0.997104 0.054584 -5.144853 0.000000 0.000000 0.000000 1.000000
0.998542 0.047486 0.025688 -2.633971 0.018220 0.151486 -0.988291 64.436836 -0.050821 0.987318 0.150400 -6.654273 0.000000 0.000000 0.000000 1.000000
0.998489 0.039239 0.038462 -2.617684 0.027940 0.240149 -0.970334 63.859638 -0.047311 0.969943 0.238690 -7.526019 0.000000 0.000000 0.000000 1.000000
0.998316 0.033501 0.047366 -2.661055 0.034489 0.313812 -0.948858 64.287872 -0.046651 0.948894 0.312128 -7.846225 0.000000 0.000000 0.000000 1.000000
0.998181 0.034215 0.049630 -2.693141 0.033054 0.377841 -0.925280 65.405502 -0.050411 0.925238 0.376023 -7.694198 0.000000 0.000000 0.000000 1.000000
0.998391 0.032969 0.046128 -2.750503 0.027083 0.437447 -0.898836 66.856064 -0.049812 0.898640 0.435850 -7.238518 0.000000 0.000000 0.000000 1.000000
0.998663 0.032516 0.040198 -2.785184 0.018350 0.503952 -0.863537 68.444557 -0.048337 0.863119 0.502681 -6.466879 0.000000 0.000000 0.000000 1.000000
0.998810 0.034385 0.034573 -2.877043 0.008240 0.579802 -0.814716 70.038116 -0.048060 0.814032 0.578829 -5.445329 0.000000 0.000000 0.000000 1.000000
0.999148 0.031680 0.026452 -2.901354 -0.001474 0.667902 -0.744248 71.809319 -0.041245 0.743575 0.667380 -4.220869 0.000000 0.000000 0.000000 1.000000
0.999341 0.034963 0.009785 -3.044141 -0.020146 0.758224 -0.651683 73.935577 -0.030204 0.651056 0.758429 -2.709123 0.000000 0.000000 0.000000 1.000000
0.999314 0.037026 -0.000347 -3.085378 -0.031121 0.834781 -0.549702 76.773239 -0.020064 0.549336 0.835361 -0.951364 0.000000 0.000000 0.000000 1.000000
0.999073 0.042794 -0.004706 -3.069400 -0.040526 0.897942 -0.438243 80.881668 -0.014529 0.438028 0.898844 1.173302 0.000000 0.000000 0.000000 1.000000
0.999162 0.039488 -0.010743 -3.105672 -0.040817 0.942784 -0.330896 86.617668 -0.002938 0.331057 0.943606 3.531904 0.000000 0.000000 0.000000 1.000000
0.999294 0.034795 -0.014192 -2.979306 -0.037281 0.965376 -0.258186 92.950226 0.004717 0.258533 0.965991 5.683968 0.000000 0.000000 0.000000 1.000000
0.999417 0.031277 -0.013722 -2.872497 -0.033595 0.972635 -0.229898 98.718124 0.006156 0.230225 0.973118 7.571896 0.000000 0.000000 0.000000 1.000000
0.999669 0.024929 -0.006350 -3.053774 -0.025725 0.969825 -0.242440 104.542488 0.000115 0.242523 0.970146 8.939154 0.000000 0.000000 0.000000 1.000000
0.999637 0.026593 -0.004250 -3.197594 -0.026778 0.964778 -0.261698 109.440659 -0.002859 0.261717 0.965140 9.245349 0.000000 0.000000 0.000000 1.000000
0.999502 0.028308 -0.013939 -3.333103 -0.030900 0.967599 -0.250593 113.505844 0.006394 0.250899 0.967992 9.244734 0.000000 0.000000 0.000000 1.000000
0.999391 0.027527 -0.021441 -3.474439 -0.031798 0.971504 -0.234879 116.734879 0.014365 0.235418 0.971788 9.685439 0.000000 0.000000 0.000000 1.000000
0.999367 0.024186 -0.026080 -3.623213 -0.029637 0.971646 -0.234574 118.941223 0.019667 0.235199 0.971748 9.925610 0.000000 0.000000 0.000000 1.000000
0.999156 0.023974 -0.033363 -3.842949 -0.031158 0.971497 -0.234994 120.202156 0.026778 0.235835 0.971424 9.907281 0.000000 0.000000 0.000000 1.000000
0.998649 0.024908 -0.045593 -4.073927 -0.034563 0.973728 -0.225078 120.516403 0.038789 0.226350 0.973273 9.942670 0.000000 0.000000 0.000000 1.000000
0.997926 0.026961 -0.058451 -4.280603 -0.038995 0.975677 -0.215718 119.899864 0.051213 0.217550 0.974705 9.917087 0.000000 0.000000 0.000000 1.000000
0.997643 0.030531 -0.061444 -4.481635 -0.042843 0.976693 -0.210321 118.383179 0.053590 0.212458 0.975700 9.824406 0.000000 0.000000 0.000000 1.000000
0.997646 0.035096 -0.058912 -4.741876 -0.046474 0.977755 -0.204538 115.880905 0.050423 0.206795 0.977084 9.658636 0.000000 0.000000 0.000000 1.000000
0.997389 0.040111 -0.060057 -4.956101 -0.051170 0.979321 -0.195735 112.511581 0.050964 0.198297 0.978816 9.451092 0.000000 0.000000 0.000000 1.000000
0.997268 0.044343 -0.059079 -5.166283 -0.054702 0.980793 -0.187225 108.234436 0.049643 0.189945 0.980539 9.177415 0.000000 0.000000 0.000000 1.000000
0.997519 0.043902 -0.055032 -5.338983 -0.053414 0.981205 -0.185429 102.850815 0.045857 0.187908 0.981115 8.778715 0.000000 0.000000 0.000000 1.000000
0.997751 0.046740 -0.048053 -5.435427 -0.054875 0.981207 -0.184989 97.490288 0.038503 0.187210 0.981565 7.947021 0.000000 0.000000 0.000000 1.000000
0.998194 0.048166 -0.035900 -5.517933 -0.054175 0.979999 -0.191486 92.779999 0.025959 0.193085 0.980839 6.393983 0.000000 0.000000 0.000000 1.000000
0.998129 0.056697 -0.022895 -5.598833 -0.060488 0.970308 -0.234187 89.344826 0.008938 0.235134 0.971922 4.775547 0.000000 0.000000 0.000000 1.000000
0.998344 0.056998 -0.007744 -5.608119 -0.056636 0.950497 -0.305528 88.649109 -0.010054 0.305460 0.952152 2.996408 0.000000 0.000000 0.000000 1.000000
0.998795 0.049029 0.002201 -5.395017 -0.044396 0.921722 -0.385301 89.010056 -0.020919 0.384739 0.922788 1.621334 0.000000 0.000000 0.000000 1.000000
0.998703 0.048854 0.014322 -5.261183 -0.036946 0.889049 -0.456319 89.534348 -0.035026 0.455198 0.889701 0.605298 0.000000 0.000000 0.000000 1.000000
0.998264 0.050124 0.030916 -5.049007 -0.025848 0.844617 -0.534747 90.437737 -0.052915 0.533019 0.844447 -0.805301 0.000000 0.000000 0.000000 1.000000
0.997828 0.048281 0.044805 -4.739094 -0.010965 0.792494 -0.609781 90.748238 -0.064949 0.607965 0.791303 -2.121262 0.000000 0.000000 0.000000 1.000000
0.997955 0.048373 0.041790 -4.355765 -0.007235 0.735009 -0.678018 90.593948 -0.063514 0.676329 0.733856 -3.299827 0.000000 0.000000 0.000000 1.000000
0.998507 0.050739 0.020210 -4.054230 -0.019056 0.670448 -0.741712 89.996353 -0.051184 0.740220 0.670414 -4.655324 0.000000 0.000000 0.000000 1.000000
0.998518 0.054427 -0.000687 -3.857372 -0.033047 0.596145 -0.802197 88.771309 -0.043251 0.801030 0.597059 -6.054936 0.000000 0.000000 0.000000 1.000000
0.998289 0.056956 -0.013261 -3.656401 -0.041553 0.531313 -0.846156 86.970802 -0.041148 0.845259 0.532771 -7.143345 0.000000 0.000000 0.000000 1.000000
0.998263 0.055658 -0.019297 -3.408851 -0.043491 0.475390 -0.878700 84.451530 -0.039733 0.878013 0.476985 -8.087622 0.000000 0.000000 0.000000 1.000000
0.998368 0.050327 -0.026993 -3.208601 -0.046269 0.435742 -0.898881 80.946098 -0.033476 0.898663 0.437360 -8.994947 0.000000 0.000000 0.000000 1.000000
0.998616 0.040417 -0.033640 -3.053702 -0.047431 0.416098 -0.908082 76.482307 -0.022705 0.908421 0.417440 -9.480564 0.000000 0.000000 0.000000 1.000000
0.998712 0.036684 -0.035056 -3.020573 -0.047173 0.416753 -0.907795 72.149345 -0.018692 0.908279 0.417947 -9.601663 0.000000 0.000000 0.000000 1.000000
0.998339 0.040536 -0.040938 -3.003836 -0.054000 0.410772 -0.910138 68.901688 -0.020078 0.910837 0.412279 -9.749942 0.000000 0.000000 0.000000 1.000000
0.997747 0.044072 -0.050579 -3.041028 -0.063415 0.373619 -0.925412 67.893173 -0.021888 0.926535 0.375572 -9.812494 0.000000 0.000000 0.000000 1.000000
0.997433 0.045322 -0.055436 -3.059442 -0.066110 0.285464 -0.956107 69.740646 -0.027508 0.957317 0.287727 -9.954233 0.000000 0.000000 0.000000 1.000000
0.997724 0.040640 -0.053805 -3.109018 -0.058709 0.131119 -0.989627 74.451355 -0.033163 0.990533 0.133207 -9.957870 0.000000 0.000000 0.000000 1.000000
0.998230 0.033811 -0.048921 -3.093163 -0.046538 -0.067998 -0.996600 80.601700 -0.037023 0.997112 -0.066304 -8.500195 0.000000 0.000000 0.000000 1.000000
0.998928 0.021124 -0.041179 -3.055079 -0.034832 -0.242716 -0.969472 83.889526 -0.030474 0.969867 -0.241720 -5.630121 0.000000 0.000000 0.000000 1.000000
0.998269 0.028645 -0.051375 -2.954556 -0.038629 -0.339411 -0.939845 84.664520 -0.044359 0.940202 -0.337717 -3.613968 0.000000 0.000000 0.000000 1.000000
0.997966 0.033403 -0.054305 -2.882863 -0.036837 -0.393107 -0.918754 83.515976 -0.052037 0.918886 -0.391077 -2.399479 0.000000 0.000000 0.000000 1.000000
0.998235 0.028393 -0.052157 -2.701635 -0.034510 -0.437413 -0.898599 80.924721 -0.048328 0.898813 -0.435661 -1.177761 0.000000 0.000000 0.000000 1.000000
0.998075 0.026747 -0.055962 -2.552905 -0.037552 -0.457519 -0.888407 77.285294 -0.049366 0.888798 -0.455633 -0.152374 0.000000 0.000000 0.000000 1.000000
0.998026 0.026666 -0.056855 -2.272897 -0.038488 -0.455646 -0.889329 72.877151 -0.049620 0.889762 -0.453720 -0.187120 0.000000 0.000000 0.000000 1.000000
0.998021 0.031233 -0.054570 -2.057453 -0.036418 -0.420348 -0.906632 68.277039 -0.051255 0.906825 -0.418379 -0.983080 0.000000 0.000000 0.000000 1.000000
0.997969 0.035143 -0.053131 -1.826410 -0.036131 -0.374662 -0.926457 63.107681 -0.052465 0.926495 -0.372631 -2.038157 0.000000 0.000000 0.000000 1.000000
0.997816 0.036813 -0.054854 -1.642536 -0.039798 -0.327782 -0.943915 57.334908 -0.052729 0.944036 -0.325601 -2.969244 0.000000 0.000000 0.000000 1.000000
0.997639 0.037333 -0.057637 -1.370896 -0.044506 -0.287683 -0.956691 51.632263 -0.052297 0.956998 -0.285343 -3.590654 0.000000 0.000000 0.000000 1.000000
0.997589 0.041419 -0.055689 -1.106239 -0.044019 -0.242762 -0.969087 45.939316 -0.053658 0.969201 -0.240353 -3.858054 0.000000 0.000000 0.000000 1.000000
0.997673 0.045599 -0.050693 -0.844627 -0.040759 -0.197171 -0.979521 40.222305 -0.054661 0.979308 -0.194854 -3.981830 0.000000 0.000000 0.000000 1.000000
0.997781 0.042396 -0.051332 -0.726174 -0.044210 -0.154548 -0.986996 35.028374 -0.049778 0.987075 -0.152331 -4.038175 0.000000 0.000000 0.000000 1.000000
0.997815 0.037768 -0.054220 -0.563626 -0.049884 -0.107565 -0.992946 29.847462 -0.043333 0.993480 -0.105446 -3.871604 0.000000 0.000000 0.000000 1.000000
0.997829 0.032937 -0.057022 -0.432306 -0.054523 -0.072332 -0.995889 24.944042 -0.036926 0.996837 -0.070379 -3.548316 0.000000 0.000000 0.000000 1.000000
0.997038 0.029622 -0.070972 -0.278597 -0.069329 -0.053226 -0.996173 20.802956 -0.033286 0.998143 -0.051015 -2.823173 0.000000 0.000000 0.000000 1.000000
0.996214 0.023988 -0.083556 -0.215253 -0.082544 -0.040461 -0.995766 17.390026 -0.027267 0.998893 -0.038328 -1.903652 0.000000 0.000000 0.000000 1.000000
0.996947 0.022410 -0.074799 -0.066355 -0.074433 -0.016763 -0.997085 14.637527 -0.023599 0.999608 -0.015043 -0.914808 0.000000 0.000000 0.000000 1.000000
0.997261 0.024169 -0.069903 -0.018196 -0.069767 -0.006421 -0.997543 12.868861 -0.024559 0.999687 -0.004718 -0.093486 0.000000 0.000000 0.000000 1.000000
0.996919 0.024595 -0.074479 0.014157 -0.074707 0.008476 -0.997170 12.886105 -0.023894 0.999662 0.010287 0.390679 0.000000 0.000000 0.000000 1.000000
0.997357 0.024715 -0.068321 0.050488 -0.068820 0.019921 -0.997430 14.527361 -0.023290 0.999496 0.021569 0.578587 0.000000 0.000000 0.000000 1.000000</float_array>
        <technique_common>
          <accessor source="#mixamorig_Hips-Matrix-animation-output-transform-array" count="95" stride="16">
            <param type="float4x4"/>
          </accessor>
        </technique_common>
      </source>
      <source id="mixamorig_Hips-Interpolations">
        <Name_array id="mixamorig_Hips-Interpolations-array" count="95">
 LINEAR LINEAR LINEAR LINEAR LINEAR LINEAR LINEAR LINEAR LINEAR LINEAR LINEAR
LINEAR LINEAR LINEAR LINEAR LINEAR LINEAR LINEAR LINEAR LINEAR LINEAR LINEAR LINEAR
LINEAR LINEAR LINEAR LINEAR LINEAR LINEAR LINEAR LINEAR LINEAR LINEAR LINEAR LINEAR
LINEAR LINEAR LINEAR LINEAR LINEAR LINEAR LINEAR LINEAR LINEAR LINEAR LINEAR LINEAR
LINEAR LINEAR LINEAR LINEAR LINEAR LINEAR LINEAR LINEAR LINEAR LINEAR LINEAR LINEAR
LINEAR LINEAR LINEAR LINEAR LINEAR LINEAR LINEAR LINEAR LINEAR LINEAR LINEAR LINEAR
LINEAR LINEAR LINEAR LINEAR LINEAR LINEAR LINEAR LINEAR LINEAR LINEAR LINEAR LINEAR
LINEAR LINEAR LINEAR LINEAR LINEAR LINEAR LINEAR LINEAR LINEAR LINEAR LINEAR LINEAR</Name_array>
        <technique_common>
          <accessor source="#mixamorig_Hips-Interpolations-array" count="95">
            <param type="name"/>
          </accessor>
        </technique_common>
      </source>
      <sampler id="mixamorig_Hips-Matrix-animation-transform">
        <input semantic="INPUT" source="#mixamorig_Hips-Matrix-animation-input"/>
        <input semantic="OUTPUT" source="#mixamorig_Hips-Matrix-animation-output-transform"/>
        <input semantic="INTERPOLATION" source="#mixamorig_Hips-Interpolations"/>
      </sampler>
      <channel source="#mixamorig_Hips-Matrix-animation-transform" target="mixamorig_Hips/matrix"/>
    </animation>
    <animation id="mixamorig_Spine-anim" name="mixamorig_Spine">
      <source id="mixamorig_Spine-Matrix-animation-input">
        <float_array id="mixamorig_Spine-Matrix-animation-input-array" count="95">

0.000000 0.033333 0.066667 0.100000 0.133333 0.166667 0.200000 0.233333 0.266667 0.300000 0.333333 0.366667 0.400000 0.433333 0.466667 0.500000
0.533333 0.566667 0.600000 0.633333 0.666667 0.700000 0.733333 0.766667 0.800000 0.833333 0.866667 0.900000 0.933333 0.966667 1.000000 1.033333
1.066667 1.100000 1.133333 1.166667 1.200000 1.233333 1.266667 1.300000 1.333333 1.366667 1.400000 1.433333 1.466667 1.500000 1.533333 1.566667
1.600000 1.633333 1.666667 1.700000 1.733333 1.766667 1.800000 1.833333 1.866667 1.900000 1.933333 1.966667 2.000000 2.033333 2.066667 2.100000
2.133333 2.166667 2.200000 2.233333 2.266667 2.300000 2.333333 2.366667 2.400000 2.433333 2.466667 2.500000 2.533333 2.566667 2.600000 2.633333
2.666667 2.700000 2.733333 2.766667 2.800000 2.833333 2.866667 2.900000 2.933333 2.966667 3.000000 3.033333 3.066667 3.100000 3.133333</float_array>
        <technique_common>
          <accessor source="#mixamorig_Spine-Matrix-animation-input-array" count="95">
            <param name="TIME" type="float"/>
          </accessor>
        </technique_common>
      </source>
      <source id="mixamorig_Spine-Matrix-animation-output-transform">
        <float_array id="mixamorig_Spine-Matrix-animation-output-transform-array" count="1520">

0.999333 -0.005363 0.036112 0.017300 0.002540 0.996970 0.077748 10.574800 -0.036419 -0.077604 0.996319 -1.117200 0.000000 0.000000 0.000000 1.000000
0.999561 -0.005161 0.029189 0.017300 0.003011 0.997311 0.073224 10.574800 -0.029489 -0.073104 0.996888 -1.117200 0.000000 0.000000 0.000000 1.000000
0.999731 -0.003981 0.022856 0.017300 0.002227 0.997084 0.076275 10.574800 -0.023093 -0.076204 0.996825 -1.117200 0.000000 0.000000 0.000000 1.000000
0.999788 -0.002822 0.020405 0.017300 0.001153 0.996685 0.081351 10.574800 -0.020567 -0.081310 0.996477 -1.117200 0.000000 0.000000 0.000000 1.000000
0.999837 -0.001072 0.018050 0.017300 -0.000383 0.996762 0.080413 10.574800 -0.018078 -0.080407 0.996598 -1.117200 0.000000 0.000000 0.000000 1.000000
0.999871 -0.000832 0.016014 0.017300 -0.000419 0.996955 0.077980 10.574800 -0.016030 -0.077977 0.996826 -1.117200 0.000000 0.000000 0.000000 1.000000
0.999906 0.000992 0.013700 0.017300 -0.002028 0.997124 0.075763 10.574800 -0.013585 -0.075784 0.997032 -1.117200 0.000000 0.000000 0.000000 1.000000
0.999942 0.000114 0.010808 0.017300 -0.000913 0.997261 0.073953 10.574800 -0.010770 -0.073959 0.997203 -1.117200 0.000000 0.000000 0.000000 1.000000
0.999970 0.001382 0.007611 0.017300 -0.001929 0.997380 0.072316 10.574800 -0.007491 -0.072328 0.997353 -1.117200 0.000000 0.000000 0.000000 1.000000
0.999983 0.003820 0.004468 0.017300 -0.004116 0.997669 0.068112 10.574800 -0.004198 -0.068129 0.997668 -1.117200 0.000000 0.000000 0.000000 1.000000
0.999983 0.005500 0.002110 0.017300 -0.005623 0.997955 0.063671 10.574800 -0.001755 -0.063682 0.997969 -1.117200 0.000000 0.000000 0.000000 1.000000
0.999977 0.006780 -0.000864 0.017300 -0.006717 0.998200 0.059590 10.574800 0.001267 -0.059583 0.998223 -1.117200 0.000000 0.000000 0.000000 1.000000
0.999979 0.006390 -0.001454 0.017300 -0.006302 0.998517 0.054071 10.574800 0.001798 -0.054061 0.998536 -1.117200 0.000000 0.000000 0.000000 1.000000
0.999986 0.005162 -0.000778 0.017300 -0.005115 0.998673 0.051242 10.574800 0.001042 -0.051237 0.998686 -1.117200 0.000000 0.000000 0.000000 1.000000
0.999995 0.002601 0.001512 0.017300 -0.002672 0.998791 0.049087 10.574800 -0.001383 -0.049091 0.998793 -1.117200 0.000000 0.000000 0.000000 1.000000
0.999995 0.000877 0.003102 0.017300 -0.001018 0.998948 0.045854 10.574800 -0.003059 -0.045857 0.998943 -1.117200 0.000000 0.000000 0.000000 1.000000
0.999987 0.000946 0.004920 0.017300 -0.001152 0.999111 0.042150 10.574800 -0.004875 -0.042155 0.999099 -1.117200 0.000000 0.000000 0.000000 1.000000
0.999984 0.001684 0.005482 0.017300 -0.001888 0.999302 0.037298 10.574800 -0.005415 -0.037308 0.999289 -1.117200 0.000000 0.000000 0.000000 1.000000
0.999976 0.001681 0.006725 0.017300 -0.001885 0.999537 0.030380 10.574800 -0.006671 -0.030392 0.999516 -1.117200 0.000000 0.000000 0.000000 1.000000
0.999975 0.000035 0.007075 0.017300 -0.000198 0.999736 0.022987 10.574800 -0.007072 -0.022988 0.999711 -1.117200 0.000000 0.000000 0.000000 1.000000
0.999977 -0.000681 0.006764 0.017300 0.000589 0.999908 0.013536 10.574800 -0.006773 -0.013531 0.999886 -1.117200 0.000000 0.000000 0.000000 1.000000
0.999987 -0.000754 0.005011 0.017300 0.000749 0.999999 0.000819 10.574800 -0.005012 -0.000815 0.999987 -1.117200 0.000000 0.000000 0.000000 1.000000
0.999974 -0.002299 0.006774 0.017300 0.002381 0.999924 -0.012090 10.574800 -0.006746 0.012105 0.999904 -1.117200 0.000000 0.000000 0.000000 1.000000
0.999948 -0.003169 0.009650 0.017300 0.003340 0.999836 -0.017800 10.574800 -0.009592 0.017831 0.999795 -1.117200 0.000000 0.000000 0.000000 1.000000
0.999945 -0.004430 0.009505 0.017300 0.004641 0.999742 -0.022221 10.574800 -0.009405 0.022264 0.999708 -1.117200 0.000000 0.000000 0.000000 1.000000
0.999930 -0.004043 0.011163 0.017300 0.004380 0.999532 -0.030259 10.574800 -0.011036 0.030306 0.999480 -1.117200 0.000000 0.000000 0.000000 1.000000
0.999941 -0.005175 0.009561 0.017300 0.005460 0.999534 -0.030043 10.574800 -0.009401 0.030094 0.999503 -1.117200 0.000000 0.000000 0.000000 1.000000
0.999937 -0.005911 0.009505 0.017300 0.006163 0.999625 -0.026676 10.574800 -0.009344 0.026733 0.999599 -1.117200 0.000000 0.000000 0.000000 1.000000
0.999940 -0.005260 0.009619 0.017300 0.005430 0.999827 -0.017767 10.574800 -0.009524 0.017818 0.999796 -1.117200 0.000000 0.000000 0.000000 1.000000
0.999949 -0.005049 0.008774 0.017300 0.005107 0.999965 -0.006639 10.574800 -0.008740 0.006683 0.999939 -1.117200 0.000000 0.000000 0.000000 1.000000
0.999955 -0.005423 0.007761 0.017300 0.005381 0.999971 0.005381 10.574800 -0.007790 -0.005339 0.999955 -1.117200 0.000000 0.000000 0.000000 1.000000
0.999961 -0.005414 0.006932 0.017300 0.005312 0.999880 0.014564 10.574800 -0.007010 -0.014526 0.999870 -1.117200 0.000000 0.000000 0.000000 1.000000
0.999951 -0.005360 0.008279 0.017300 0.005199 0.999800 0.019335 10.574800 -0.008381 -0.019291 0.999779 -1.117200 0.000000 0.000000 0.000000 1.000000
0.999953 -0.006830 0.006944 0.017300 0.006587 0.999388 0.034363 10.574800 -0.007175 -0.034315 0.999385 -1.117200 0.000000 0.000000 0.000000 1.000000
0.999977 -0.005409 0.004046 0.017300 0.005227 0.999033 0.043663 10.574800 -0.004279 -0.043640 0.999038 -1.117200 0.000000 0.000000 0.000000 1.000000
0.999993 -0.003619 -0.000825 0.017300 0.003658 0.998587 0.053019 10.574800 0.000632 -0.053022 0.998593 -1.117200 0.000000 0.000000 0.000000 1.000000
0.999993 -0.001391 -0.003472 0.017300 0.001598 0.998165 0.060532 10.574800 0.003382 -0.060537 0.998160 -1.117200 0.000000 0.000000 0.000000 1.000000
0.999996 0.001282 -0.002384 0.017300 -0.001122 0.997804 0.066225 10.574800 0.002463 -0.066222 0.997802 -1.117200 0.000000 0.000000 0.000000 1.000000
0.999994 0.002144 -0.002549 0.017300 -0.001945 0.997133 0.075648 10.574800 0.002703 -0.075642 0.997131 -1.117200 0.000000 0.000000 0.000000 1.000000
0.999999 -0.000218 -0.001422 0.017300 0.000340 0.996254 0.086475 10.574800 0.001398 -0.086475 0.996253 -1.117200 0.000000 0.000000 0.000000 1.000000
0.999999 0.001154 -0.000308 0.017300 -0.001121 0.995805 0.091499 10.574800 0.000412 -0.091499 0.995805 -1.117200 0.000000 0.000000 0.000000 1.000000
0.999997 0.001750 0.001759 0.017300 -0.001907 0.995558 0.094130 10.574800 -0.001587 -0.094133 0.995558 -1.117200 0.000000 0.000000 0.000000 1.000000
0.999993 0.003021 0.002354 0.017300 -0.003225 0.995730 0.092257 10.574800 -0.002065 -0.092264 0.995732 -1.117200 0.000000 0.000000 0.000000 1.000000
0.999996 0.002390 0.001253 0.017300 -0.002496 0.995695 0.092653 10.574800 -0.001026 -0.092655 0.995698 -1.117200 0.000000 0.000000 0.000000 1.000000
0.999996 0.002401 0.001781 0.017300 -0.002557 0.995568 0.094008 10.574800 -0.001548 -0.094012 0.995570 -1.117200 0.000000 0.000000 0.000000 1.000000
0.999990 0.003287 0.002994 0.017300 -0.003551 0.995675 0.092836 10.574800 -0.002676 -0.092845 0.995677 -1.117200 0.000000 0.000000 0.000000 1.000000
0.999986 0.003654 0.003821 0.017300 -0.003992 0.995722 0.092318 10.574800 -0.003467 -0.092332 0.995722 -1.117200 0.000000 0.000000 0.000000 1.000000
0.999982 0.003516 0.004889 0.017300 -0.003951 0.995737 0.092149 10.574800 -0.004544 -0.092167 0.995733 -1.117200 0.000000 0.000000 0.000000 1.000000
0.999971 0.004612 0.006090 0.017300 -0.005146 0.995847 0.090902 10.574800 -0.005645 -0.090930 0.995841 -1.117200 0.000000 0.000000 0.000000 1.000000
0.999961 0.006705 0.005744 0.017300 -0.007189 0.996023 0.088810 10.574800 -0.005126 -0.088847 0.996032 -1.117200 0.000000 0.000000 0.000000 1.000000
0.999947 0.008973 0.005099 0.017300 -0.009383 0.996155 0.087099 10.574800 -0.004298 -0.087142 0.996187 -1.117200 0.000000 0.000000 0.000000 1.000000
0.999944 0.009120 0.005446 0.017300 -0.009550 0.996334 0.085016 10.574800 -0.004651 -0.085063 0.996365 -1.117200 0.000000 0.000000 0.000000 1.000000
0.999934 0.009489 0.006498 0.017300 -0.010000 0.996433 0.083788 10.574800 -0.005679 -0.083847 0.996462 -1.117200 0.000000 0.000000 0.000000 1.000000
0.999948 0.007570 0.006886 0.017300 -0.008098 0.996741 0.080259 10.574800 -0.006256 -0.080311 0.996750 -1.117200 0.000000 0.000000 0.000000 1.000000
0.999963 0.005534 0.006513 0.017300 -0.006009 0.997134 0.075414 10.574800 -0.006077 -0.075451 0.997131 -1.117200 0.000000 0.000000 0.000000 1.000000
0.999988 0.004382 0.001972 0.017300 -0.004522 0.996955 0.077847 10.574800 -0.001625 -0.077855 0.996963 -1.117200 0.000000 0.000000 0.000000 1.000000
0.999991 0.004158 -0.000994 0.017300 -0.004075 0.997390 0.072083 10.574800 0.001291 -0.072078 0.997398 -1.117200 0.000000 0.000000 0.000000 1.000000
0.999979 0.005700 0.003023 0.017300 -0.005870 0.998189 0.059861 10.574800 -0.002676 -0.059877 0.998202 -1.117200 0.000000 0.000000 0.000000 1.000000
0.999987 0.003463 0.003634 0.017300 -0.003653 0.998552 0.053667 10.574800 -0.003443 -0.053679 0.998552 -1.117200 0.000000 0.000000 0.000000 1.000000
0.999996 0.002765 0.000170 0.017300 -0.002770 0.998564 0.053507 10.574800 -0.000022 -0.053507 0.998567 -1.117200 0.000000 0.000000 0.000000 1.000000
0.999999 0.001487 -0.000576 0.017300 -0.001456 0.998716 0.050633 10.574800 0.000651 -0.050632 0.998717 -1.117200 0.000000 0.000000 0.000000 1.000000
1.000000 -0.000093 0.000811 0.017300 0.000059 0.999096 0.042521 10.574800 -0.000815 -0.042521 0.999095 -1.117200 0.000000 0.000000 0.000000 1.000000
0.999985 0.000952 0.005405 0.017300 -0.001133 0.999439 0.033466 10.574800 -0.005370 -0.033472 0.999425 -1.117200 0.000000 0.000000 0.000000 1.000000
0.999971 0.000898 0.007528 0.017300 -0.001105 0.999618 0.027622 10.574800 -0.007500 -0.027629 0.999590 -1.117200 0.000000 0.000000 0.000000 1.000000
0.999961 0.001025 0.008760 0.017300 -0.001225 0.999738 0.022855 10.574800 -0.008735 -0.022864 0.999700 -1.117200 0.000000 0.000000 0.000000 1.000000
0.999928 0.003526 0.011501 0.017300 -0.003729 0.999838 0.017630 10.574800 -0.011437 -0.017672 0.999778 -1.117200 0.000000 0.000000 0.000000 1.000000
0.999899 0.005136 0.013250 0.017300 -0.005259 0.999943 0.009249 10.574800 -0.013202 -0.009317 0.999869 -1.117200 0.000000 0.000000 0.000000 1.000000
0.999877 0.006235 0.014408 0.017300 -0.006275 0.999976 0.002769 10.574800 -0.014390 -0.002859 0.999892 -1.117200 0.000000 0.000000 0.000000 1.000000
0.999873 0.007091 0.014240 0.017300 -0.007007 0.999958 -0.005958 10.574800 -0.014282 0.005858 0.999881 -1.117200 0.000000 0.000000 0.000000 1.000000
0.999885 0.007064 0.013446 0.017300 -0.006920 0.999918 -0.010736 10.574800 -0.013520 0.010642 0.999852 -1.117200 0.000000 0.000000 0.000000 1.000000
0.999935 0.005984 0.009671 0.017300 -0.005848 0.999885 -0.014017 10.574800 -0.009754 0.013959 0.999855 -1.117200 0.000000 0.000000 0.000000 1.000000
0.999975 0.003543 0.006198 0.017300 -0.003459 0.999903 -0.013457 10.574800 -0.006245 0.013436 0.999890 -1.117200 0.000000 0.000000 0.000000 1.000000
0.999989 0.000741 0.004713 0.017300 -0.000718 0.999988 -0.004896 10.574800 -0.004717 0.004892 0.999977 -1.117200 0.000000 0.000000 0.000000 1.000000
0.999987 -0.002777 0.004282 0.017300 0.002735 0.999948 0.009835 10.574800 -0.004309 -0.009824 0.999942 -1.117200 0.000000 0.000000 0.000000 1.000000
0.999931 -0.010463 0.005336 0.017300 0.010317 0.999591 0.026667 10.574800 -0.005613 -0.026610 0.999630 -1.117200 0.000000 0.000000 0.000000 1.000000
0.999946 -0.008192 0.006421 0.017300 0.007989 0.999485 0.031087 10.574800 -0.006673 -0.031034 0.999496 -1.117200 0.000000 0.000000 0.000000 1.000000
0.999941 -0.008326 0.007010 0.017300 0.008099 0.999458 0.031902 10.574800 -0.007272 -0.031844 0.999466 -1.117200 0.000000 0.000000 0.000000 1.000000
0.999938 -0.010152 0.004538 0.017300 0.010025 0.999580 0.027206 10.574800 -0.004812 -0.027159 0.999620 -1.117200 0.000000 0.000000 0.000000 1.000000
0.999937 -0.010627 0.003609 0.017300 0.010515 0.999501 0.029781 10.574800 -0.003924 -0.029741 0.999550 -1.117200 0.000000 0.000000 0.000000 1.000000
0.999963 -0.007822 0.003461 0.017300 0.007695 0.999352 0.035152 10.574800 -0.003734 -0.035125 0.999376 -1.117200 0.000000 0.000000 0.000000 1.000000
0.999986 -0.003248 0.004209 0.017300 0.003069 0.999116 0.041931 10.574800 -0.004342 -0.041918 0.999112 -1.117200 0.000000 0.000000 0.000000 1.000000
0.999962 0.000868 0.008623 0.017300 -0.001279 0.998857 0.047782 10.574800 -0.008571 -0.047791 0.998821 -1.117200 0.000000 0.000000 0.000000 1.000000
0.999924 0.001329 0.012254 0.017300 -0.001946 0.998722 0.050498 10.574800 -0.012171 -0.050518 0.998649 -1.117200 0.000000 0.000000 0.000000 1.000000
0.999939 0.001835 0.010925 0.017300 -0.002428 0.998511 0.054489 10.574800 -0.010809 -0.054512 0.998455 -1.117200 0.000000 0.000000 0.000000 1.000000
0.999951 0.000847 0.009907 0.017300 -0.001409 0.998384 0.056809 10.574800 -0.009843 -0.056820 0.998336 -1.117200 0.000000 0.000000 0.000000 1.000000
0.999931 -0.000854 0.011684 0.017300 0.000178 0.998334 0.057706 10.574800 -0.011714 -0.057699 0.998265 -1.117200 0.000000 0.000000 0.000000 1.000000
0.999929 -0.001853 0.011742 0.017300 0.001166 0.998306 0.058174 10.574800 -0.011829 -0.058156 0.998237 -1.117200 0.000000 0.000000 0.000000 1.000000
0.999921 -0.000491 0.012584 0.017300 -0.000247 0.998281 0.058610 10.574800 -0.012591 -0.058609 0.998202 -1.117200 0.000000 0.000000 0.000000 1.000000
0.999853 0.000490 0.017155 0.017300 -0.001617 0.997837 0.065722 10.574800 -0.017086 -0.065740 0.997691 -1.117200 0.000000 0.000000 0.000000 1.000000
0.999707 0.000691 0.024205 0.017300 -0.002435 0.997393 0.072118 10.574800 -0.024092 -0.072156 0.997102 -1.117200 0.000000 0.000000 0.000000 1.000000
0.999599 0.001072 0.028297 0.017300 -0.003187 0.997193 0.074803 10.574800 -0.028138 -0.074863 0.996797 -1.117200 0.000000 0.000000 0.000000 1.000000
0.999566 0.002749 0.029320 0.017300 -0.004965 0.997112 0.075778 10.574800 -0.029027 -0.075890 0.996694 -1.117200 0.000000 0.000000 0.000000 1.000000
0.999371 0.001123 0.035450 0.017300 -0.004046 0.996583 0.082500 10.574800 -0.035236 -0.082591 0.995960 -1.117200 0.000000 0.000000 0.000000 1.000000
0.999320 -0.001440 0.036834 0.017300 -0.001548 0.996718 0.080943 10.574800 -0.036829 -0.080945 0.996038 -1.117200 0.000000 0.000000 0.000000 1.000000
0.999333 -0.005363 0.036112 0.017300 0.002540 0.996970 0.077748 10.574800 -0.036419 -0.077604 0.996319 -1.117200 0.000000 0.000000 0.000000 1.000000</float_array>
        <technique_common>
          <accessor source="#mixamorig_Spine-Matrix-animation-output-transform-array" count="95" stride="16">
            <param type="float4x4"/>
          </accessor>
        </technique_common>
      </source>
      <source id="mixamorig_Spine-Interpolations">
        <Name_array id="mixamorig_Spine-Interpolations-array" count="95">
 LINEAR LINEAR LINEAR LINEAR LINEAR LINEAR LINEAR LINEAR LINEAR LINEAR LINEAR
LINEAR LINEAR LINEAR LINEAR LINEAR LINEAR LINEAR LINEAR LINEAR LINEAR LINEAR LINEAR
LINEAR LINEAR LINEAR LINEAR LINEAR LINEAR LINEAR LINEAR LINEAR LINEAR LINEAR LINEAR
LINEAR LINEAR LINEAR LINEAR LINEAR LINEAR LINEAR LINEAR LINEAR LINEAR LINEAR LINEAR
LINEAR LINEAR LINEAR LINEAR LINEAR LINEAR LINEAR LINEAR LINEAR LINEAR LINEAR LINEAR
LINEAR LINEAR LINEAR LINEAR LINEAR LINEAR LINEAR LINEAR LINEAR LINEAR LINEAR LINEAR
LINEAR LINEAR LINEAR LINEAR LINEAR LINEAR LINEAR LINEAR LINEAR LINEAR LINEAR LINEAR
LINEAR LINEAR LINEAR LINEAR LINEAR LINEAR LINEAR LINEAR LINEAR LINEAR LINEAR LINEAR</Name_array>
        <technique_common>
          <accessor source="#mixamorig_Spine-Interpolations-array" count="95">
            <param type="name"/>
          </accessor>
        </technique_common>
      </source>
      <sampler id="mixamorig_Spine-Matrix-animation-transform">
        <input semantic="INPUT" source="#mixamorig_Spine-Matrix-animation-input"/>
        <input semantic="OUTPUT" source="#mixamorig_Spine-Matrix-animation-output-transform"/>
        <input semantic="INTERPOLATION" source="#mixamorig_Spine-Interpolations"/>
      </sampler>
      <channel source="#mixamorig_Spine-Matrix-animation-transform" target="mixamorig_Spine/matrix"/>
    </animation>
    <animation id="mixamorig_Spine1-anim" name="mixamorig_Spine1">
      <source id="mixamorig_Spine1-Matrix-animation-input">
        <float_array id="mixamorig_Spine1-Matrix-animation-input-array" count="95">

0.000000 0.033333 0.066667 0.100000 0.133333 0.166667 0.200000 0.233333 0.266667 0.300000 0.333333 0.366667 0.400000 0.433333 0.466667 0.500000
0.533333 0.566667 0.600000 0.633333 0.666667 0.700000 0.733333 0.766667 0.800000 0.833333 0.866667 0.900000 0.933333 0.966667 1.000000 1.033333
1.066667 1.100000 1.133333 1.166667 1.200000 1.233333 1.266667 1.300000 1.333333 1.366667 1.400000 1.433333 1.466667 1.500000 1.533333 1.566667
1.600000 1.633333 1.666667 1.700000 1.733333 1.766667 1.800000 1.833333 1.866667 1.900000 1.933333 1.966667 2.000000 2.033333 2.066667 2.100000
2.133333 2.166667 2.200000 2.233333 2.266667 2.300000 2.333333 2.366667 2.400000 2.433333 2.466667 2.500000 2.533333 2.566667 2.600000 2.633333
2.666667 2.700000 2.733333 2.766667 2.800000 2.833333 2.866667 2.900000 2.933333 2.966667 3.000000 3.033333 3.066667 3.100000 3.133333</float_array>
        <technique_common>
          <accessor source="#mixamorig_Spine1-Matrix-animation-input-array" count="95">
            <param name="TIME" type="float"/>
          </accessor>
        </technique_common>
      </source>
      <source id="mixamorig_Spine1-Matrix-animation-output-transform">
        <float_array id="mixamorig_Spine1-Matrix-animation-output-transform-array" count="1520">

0.999669 -0.004401 0.025359 0.000000 0.005209 0.999478 -0.031881 12.406000 -0.025205 0.032002 0.999170 0.000000 0.000000 0.000000 0.000000 1.000000
0.999807 -0.004222 0.019161 0.000000 0.004921 0.999318 -0.036607 12.406000 -0.018994 0.036695 0.999146 0.000000 0.000000 0.000000 0.000000 1.000000
0.999895 -0.004352 0.013795 -0.000000 0.004848 0.999336 -0.036124 12.406000 -0.013629 0.036187 0.999252 0.000000 0.000000 0.000000 0.000000 1.000000
0.999915 -0.003620 0.012551 0.000000 0.004045 0.999413 -0.034014 12.406000 -0.012420 0.034061 0.999343 0.000000 0.000000 0.000000 0.000000 1.000000
0.999930 -0.003088 0.011401 -0.000000 0.003509 0.999308 -0.037035 12.406000 -0.011279 0.037072 0.999249 -0.000000 0.000000 0.000000 0.000000 1.000000
0.999940 -0.003027 0.010515 0.000000 0.003455 0.999155 -0.040946 12.406000 -0.010382 0.040979 0.999106 0.000000 0.000000 0.000000 0.000000 1.000000
0.999954 -0.001990 0.009382 0.000000 0.002400 0.999032 -0.043915 12.406000 -0.009286 0.043935 0.998991 0.000000 0.000000 0.000000 0.000000 1.000000
0.999969 -0.002274 0.007586 -0.000000 0.002619 0.998951 -0.045716 12.406000 -0.007474 0.045735 0.998926 -0.000000 0.000000 0.000000 0.000000 1.000000
0.999984 -0.001750 0.005374 -0.000000 0.002004 0.998865 -0.047584 12.406000 -0.005284 0.047594 0.998853 0.000000 0.000000 0.000000 0.000000 1.000000
0.999995 -0.000351 0.003106 0.000000 0.000511 0.998668 -0.051598 12.406000 -0.003084 0.051600 0.998663 0.000000 0.000000 0.000000 0.000000 1.000000
0.999999 -0.000088 0.001523 0.000000 0.000173 0.998443 -0.055785 12.406000 -0.001516 0.055785 0.998442 0.000000 0.000000 0.000000 0.000000 1.000000
1.000000 -0.000236 -0.000917 0.000000 0.000182 0.998306 -0.058180 12.406000 0.000929 0.058180 0.998306 -0.000000 0.000000 0.000000 0.000000 1.000000
0.999999 0.000158 -0.001297 0.000000 -0.000236 0.998212 -0.059778 12.406000 0.001285 0.059779 0.998211 0.000000 0.000000 0.000000 0.000000 1.000000
1.000000 -0.000071 -0.000608 0.000000 0.000035 0.998247 -0.059192 12.406000 0.000611 0.059192 0.998246 -0.000000 0.000000 0.000000 0.000000 1.000000
0.999998 -0.001612 0.001058 -0.000000 0.001672 0.998271 -0.058750 12.406000 -0.000961 0.058752 0.998272 0.000000 0.000000 0.000000 0.000000 1.000000
0.999995 -0.002890 0.001557 0.000000 0.002981 0.998061 -0.062176 12.406000 -0.001374 0.062180 0.998064 0.000000 0.000000 0.000000 0.000000 1.000000
0.999990 -0.003314 0.003099 -0.000000 0.003521 0.997571 -0.069569 12.406000 -0.002861 0.069579 0.997572 0.000000 0.000000 0.000000 0.000000 1.000000
0.999985 -0.002398 0.004917 0.000000 0.002804 0.996429 -0.084386 12.406000 -0.004697 0.084398 0.996421 0.000000 0.000000 0.000000 0.000000 1.000000
0.999974 -0.001463 0.007005 -0.000000 0.002197 0.994377 -0.105879 12.406000 -0.006810 0.105892 0.994354 0.000000 0.000000 0.000000 0.000000 1.000000
0.999968 -0.001976 0.007745 0.000000 0.002933 0.992070 -0.125650 12.406000 -0.007435 0.125669 0.992044 0.000000 0.000000 0.000000 0.000000 1.000000
0.999967 -0.001925 0.007925 0.000000 0.003050 0.989501 -0.144493 12.406000 -0.007563 0.144512 0.989474 0.000000 0.000000 0.000000 0.000000 1.000000
