<?xml version="1.0" encoding="utf-8"?>
<COLLADA xmlns="http://www.collada.org/2005/11/COLLADASchema" version="1.4.1">
  <asset>
    <contributor>
      <author>Mixamo</author>
      <authoring_tool>COLLADA Mixamo exporter</authoring_tool>
      <comments/>
    </contributor>
    <created>2023-08-01T21:51:09Z</created>
    <modified>2023-08-01T21:51:09Z</modified>
    <revision/>
    <title/>
    <unit meter="0.010000"/>
    <up_axis>Y_UP</up_axis>
  </asset>
  <library_animations>
    <animation id="mixamorig_Hips-anim" name="mixamorig_Hips">
      <source id="mixamorig_Hips-Matrix-animation-input">
        <float_array id="mixamorig_Hips-Matrix-animation-input-array" count="23">

0.000000 0.033333 0.066667 0.100000 0.133333 0.166667 0.200000 0.233333 0.266667 0.300000 0.333333 0.366667 0.400000 0.433333 0.466667 0.500000
0.533333 0.566667 0.600000 0.633333 0.666667 0.700000 0.733333</float_array>
        <technique_common>
          <accessor source="#mixamorig_Hips-Matrix-animation-input-array" count="23">
            <param name="TIME" type="float"/>
          </accessor>
        </technique_common>
      </source>
      <source id="mixamorig_Hips-Matrix-animation-output-transform">
        <float_array id="mixamorig_Hips-Matrix-animation-output-transform-array" count="368">

0.998607 -0.002738 0.052692 -0.167577 0.006066 0.997988 -0.063112 94.682373 -0.052413 0.063344 0.996614 1.021108 0.000000 0.000000 0.000000 1.000000
0.999474 -0.006030 0.031852 0.095927 0.007977 0.998085 -0.061336 93.167374 -0.031421 0.061558 0.997609 0.751185 0.000000 0.000000 0.000000 1.000000
0.999637 -0.025486 -0.008699 0.635640 0.024948 0.998052 -0.057191 92.154366 0.010139 0.056953 0.998325 0.840515 0.000000 0.000000 0.000000 1.000000
0.998498 -0.043397 -0.033433 0.626356 0.041148 0.997021 -0.065242 92.165466 0.036165 0.063768 0.997309 1.459335 0.000000 0.000000 0.000000 1.000000
0.998062 -0.059090 -0.019487 0.418197 0.057292 0.994935 -0.082601 92.963791 0.024269 0.081324 0.996392 2.190532 0.000000 0.000000 0.000000 1.000000
0.997089 -0.073026 0.021909 0.299331 0.074902 0.991888 -0.102703 93.752197 -0.014231 0.104046 0.994471 2.878115 0.000000 0.000000 0.000000 1.000000
0.992976 -0.082737 0.084572 -0.322199 0.092341 0.988855 -0.116789 94.728394 -0.073967 0.123778 0.989549 3.501593 0.000000 0.000000 0.000000 1.000000
0.987114 -0.101297 0.123871 -1.310763 0.116989 0.985010 -0.126765 95.348366 -0.109174 0.139623 0.984168 4.074797 0.000000 0.000000 0.000000 1.000000
0.981431 -0.134207 0.137047 -2.463077 0.151780 0.980216 -0.127039 95.092049 -0.117286 0.145481 0.982384 4.616056 0.000000 0.000000 0.000000 1.000000
0.972333 -0.172924 0.157054 -3.576746 0.193017 0.973432 -0.123183 94.192902 -0.131580 0.150089 0.979878 5.120196 0.000000 0.000000 0.000000 1.000000
0.961696 -0.195542 0.192103 -3.986296 0.219270 0.969327 -0.111019 92.421577 -0.164501 0.148889 0.975075 5.424235 0.000000 0.000000 0.000000 1.000000
0.950921 -0.198536 0.237344 -4.034244 0.225447 0.969908 -0.091940 90.649155 -0.211948 0.140936 0.967065 5.619245 0.000000 0.000000 0.000000 1.000000
0.941922 -0.187630 0.278527 -3.993324 0.217568 0.972720 -0.080500 89.798866 -0.255824 0.136424 0.957049 5.893531 0.000000 0.000000 0.000000 1.000000
0.937831 -0.165610 0.305036 -3.899488 0.199584 0.976311 -0.083562 89.721123 -0.283971 0.139247 0.948668 6.264027 0.000000 0.000000 0.000000 1.000000
0.942015 -0.146839 0.301738 -3.539520 0.182304 0.978854 -0.092793 89.996422 -0.281732 0.142420 0.948864 6.605304 0.000000 0.000000 0.000000 1.000000
0.953083 -0.128985 0.273852 -3.003932 0.162230 0.981430 -0.102351 90.802666 -0.255565 0.141976 0.956310 6.838385 0.000000 0.000000 0.000000 1.000000
0.967776 -0.102212 0.230137 -2.823588 0.130077 0.985458 -0.109327 92.194351 -0.215616 0.135740 0.966998 6.681344 0.000000 0.000000 0.000000 1.000000
0.980385 -0.070970 0.183868 -3.123591 0.092299 0.989619 -0.110160 93.927994 -0.174142 0.124970 0.976759 5.990069 0.000000 0.000000 0.000000 1.000000
0.987302 -0.046431 0.151920 -3.817457 0.062740 0.992556 -0.104389 94.990021 -0.145942 0.112595 0.982865 4.764124 0.000000 0.000000 0.000000 1.000000
0.990721 -0.031362 0.132243 -4.816383 0.044237 0.994439 -0.095575 95.478294 -0.128510 0.100539 0.986599 3.228853 0.000000 0.000000 0.000000 1.000000
0.994078 -0.021414 0.106540 -5.005133 0.030844 0.995672 -0.087669 95.445633 -0.104202 0.090436 0.990436 2.157753 0.000000 0.000000 0.000000 1.000000
0.997166 -0.010845 0.074443 -4.318059 0.016653 0.996826 -0.077852 95.000061 -0.073363 0.078871 0.994182 1.640106 0.000000 0.000000 0.000000 1.000000
0.998227 -0.004976 0.059315 -0.110586 0.009229 0.997387 -0.071646 94.770050 -0.058804 0.072066 0.995665 1.440105 0.000000 0.000000 0.000000 1.000000</float_array>
        <technique_common>
          <accessor source="#mixamorig_Hips-Matrix-animation-output-transform-array" count="23" stride="16">
            <param type="float4x4"/>
          </accessor>
        </technique_common>
      </source>
      <source id="mixamorig_Hips-Interpolations">
        <Name_array id="mixamorig_Hips-Interpolations-array" count="23">
 LINEAR LINEAR LINEAR LINEAR LINEAR LINEAR LINEAR LINEAR LINEAR LINEAR LINEAR
LINEAR LINEAR LINEAR LINEAR LINEAR LINEAR LINEAR LINEAR LINEAR LINEAR LINEAR LINEAR</Name_array>
        <technique_common>
          <accessor source="#mixamorig_Hips-Interpolations-array" count="23">
            <param type="name"/>
          </accessor>
        </technique_common>
      </source>
      <sampler id="mixamorig_Hips-Matrix-animation-transform">
        <input semantic="INPUT" source="#mixamorig_Hips-Matrix-animation-input"/>
        <input semantic="OUTPUT" source="#mixamorig_Hips-Matrix-animation-output-transform"/>
        <input semantic="INTERPOLATION" source="#mixamorig_Hips-Interpolations"/>
      </sampler>
      <channel source="#mixamorig_Hips-Matrix-animation-transform" target="mixamorig_Hips/matrix"/>
    </animation>
    <animation id="mixamorig_Spine-anim" name="mixamorig_Spine">
      <source id="mixamorig_Spine-Matrix-animation-input">
        <float_array id="mixamorig_Spine-Matrix-animation-input-array" count="23">

0.000000 0.033333 0.066667 0.100000 0.133333 0.166667 0.200000 0.233333 0.266667 0.300000 0.333333 0.366667 0.400000 0.433333 0.466667 0.500000
0.533333 0.566667 0.600000 0.633333 0.666667 0.700000 0.733333</float_array>
        <technique_common>
          <accessor source="#mixamorig_Spine-Matrix-animation-input-array" count="23">
            <param name="TIME" type="float"/>
          </accessor>
        </technique_common>
      </source>
      <source id="mixamorig_Spine-Matrix-animation-output-transform">
        <float_array id="mixamorig_Spine-Matrix-animation-output-transform-array" count="368">

0.995659 -0.060348 -0.070859 0.017300 0.059692 0.998152 -0.011342 10.574800 0.071412 0.007063 0.997422 -1.117200 0.000000 0.000000 0.000000 1.000000
0.997619 -0.058952 -0.035791 0.017300 0.058702 0.998244 -0.008001 10.574800 0.036200 0.005881 0.999327 -1.117200 0.000000 0.000000 0.000000 1.000000
0.998976 -0.045040 -0.004307 0.017300 0.045025 0.998979 -0.003570 10.574800 0.004463 0.003372 0.999984 -1.117200 0.000000 0.000000 0.000000 1.000000
0.999350 -0.033187 0.014065 0.017300 0.033034 0.999394 0.010967 10.574800 -0.014421 -0.010496 0.999841 -1.117200 0.000000 0.000000 0.000000 1.000000
0.999248 -0.031696 0.022338 0.017300 0.031179 0.999247 0.023111 10.574800 -0.023054 -0.022398 0.999483 -1.117200 0.000000 0.000000 0.000000 1.000000
0.999123 -0.034350 0.023948 0.017300 0.033607 0.998962 0.030742 10.574800 -0.024979 -0.029910 0.999240 -1.117200 0.000000 0.000000 0.000000 1.000000
0.999433 -0.029592 0.016055 0.017300 0.028988 0.998907 0.036655 10.574800 -0.017122 -0.036169 0.999199 -1.117200 0.000000 0.000000 0.000000 1.000000
0.999927 -0.005796 0.010611 0.017300 0.005381 0.999236 0.038709 10.574800 -0.010828 -0.038649 0.999194 -1.117200 0.000000 0.000000 0.000000 1.000000
0.999328 0.036175 0.005925 0.017300 -0.036323 0.998968 0.027254 10.574800 -0.004933 -0.027451 0.999611 -1.117200 0.000000 0.000000 0.000000 1.000000
0.997134 0.074632 -0.012386 0.017300 -0.074456 0.997124 0.014149 10.574800 0.013407 -0.013186 0.999823 -1.117200 0.000000 0.000000 0.000000 1.000000
0.994410 0.095694 -0.044629 0.017300 -0.095739 0.995406 0.001131 10.574800 0.044532 0.003148 0.999003 -1.117200 0.000000 0.000000 0.000000 1.000000
0.992339 0.092530 -0.081860 0.017300 -0.094041 0.995458 -0.014790 10.574800 0.080119 0.022375 0.996534 -1.117200 0.000000 0.000000 0.000000 1.000000
0.989913 0.079659 -0.117157 0.017300 -0.082169 0.996478 -0.016740 10.574800 0.115410 0.026198 0.992972 -1.117200 0.000000 0.000000 0.000000 1.000000
0.985898 0.062253 -0.155340 0.017300 -0.061797 0.998059 0.007767 10.574800 0.155522 0.001942 0.987831 -1.117200 0.000000 0.000000 0.000000 1.000000
0.981693 0.039189 -0.186397 0.017300 -0.032466 0.998712 0.038985 10.574800 0.187685 -0.032219 0.981701 -1.117200 0.000000 0.000000 0.000000 1.000000
0.978662 0.013868 -0.205008 0.017300 -0.000802 0.997970 0.063682 10.574800 0.205475 -0.062159 0.976686 -1.117200 0.000000 0.000000 0.000000 1.000000
0.978021 -0.018747 -0.207660 0.017300 0.035210 0.996496 0.075868 10.574800 0.205510 -0.081513 0.975254 -1.117200 0.000000 0.000000 0.000000 1.000000
0.978460 -0.055332 -0.198883 0.017300 0.070515 0.995046 0.070085 10.574800 0.194019 -0.082599 0.977514 -1.117200 0.000000 0.000000 0.000000 1.000000
0.979310 -0.078067 -0.186702 0.017300 0.088768 0.994814 0.049645 10.574800 0.181858 -0.065191 0.981161 -1.117200 0.000000 0.000000 0.000000 1.000000
0.981991 -0.081304 -0.170541 0.017300 0.086791 0.995914 0.024956 10.574800 0.167815 -0.039308 0.985035 -1.117200 0.000000 0.000000 0.000000 1.000000
0.986659 -0.078416 -0.142670 0.017300 0.081474 0.996552 0.015710 10.574800 0.140946 -0.027124 0.989646 -1.117200 0.000000 0.000000 0.000000 1.000000
0.991807 -0.072633 -0.105083 0.017300 0.073990 0.997218 0.009070 10.574800 0.104131 -0.016771 0.994422 -1.117200 0.000000 0.000000 0.000000 1.000000
0.994053 -0.067015 -0.085831 0.017300 0.067352 0.997729 0.001026 10.574800 0.085567 -0.006801 0.996309 -1.117200 0.000000 0.000000 0.000000 1.000000</float_array>
        <technique_common>
          <accessor source="#mixamorig_Spine-Matrix-animation-output-transform-array" count="23" stride="16">
            <param type="float4x4"/>
          </accessor>
        </technique_common>
      </source>
      <source id="mixamorig_Spine-Interpolations">
        <Name_array id="mixamorig_Spine-Interpolations-array" count="23">
 LINEAR LINEAR LINEAR LINEAR LINEAR LINEAR LINEAR LINEAR LINEAR LINEAR LINEAR
LINEAR LINEAR LINEAR LINEAR LINEAR LINEAR LINEAR LINEAR LINEAR LINEAR LINEAR LINEAR</Name_array>
        <technique_common>
          <accessor source="#mixamorig_Spine-Interpolations-array" count="23">
            <param type="name"/>
          </accessor>
        </technique_common>
      </source>
      <sampler id="mixamorig_Spine-Matrix-animation-transform">
        <input semantic="INPUT" source="#mixamorig_Spine-Matrix-animation-input"/>
        <input semantic="OUTPUT" source="#mixamorig_Spine-Matrix-animation-output-transform"/>
        <input semantic="INTERPOLATION" source="#mixamorig_Spine-Interpolations"/>
      </sampler>
      <channel source="#mixamorig_Spine-Matrix-animation-transform" target="mixamorig_Spine/matrix"/>
    </animation>
    <animation id="mixamorig_Spine1-anim" name="mixamorig_Spine1">
      <source id="mixamorig_Spine1-Matrix-animation-input">
        <float_array id="mixamorig_Spine1-Matrix-animation-input-array" count="23">

0.000000 0.033333 0.066667 0.100000 0.133333 0.166667 0.200000 0.233333 0.266667 0.300000 0.333333 0.366667 0.400000 0.433333 0.466667 0.500000
0.533333 0.566667 0.600000 0.633333 0.666667 0.700000 0.733333</float_array>
        <technique_common>
          <accessor source="#mixamorig_Spine1-Matrix-animation-input-array" count="23">
            <param name="TIME" type="float"/>
          </accessor>
        </technique_common>
      </source>
      <source id="mixamorig_Spine1-Matrix-animation-output-transform">
        <float_array id="mixamorig_Spine1-Matrix-animation-output-transform-array" count="368">

0.995570 -0.019671 -0.091947 0.000000 0.017995 0.999657 -0.019021 12.406000 0.092290 0.017282 0.995582 0.000000 0.000000 0.000000 0.000000 1.000000
0.996974 -0.017712 -0.075687 0.000000 0.015907 0.999576 -0.024395 12.406000 0.076087 0.023117 0.996833 -0.000000 0.000000 0.000000 0.000000 1.000000
0.997992 -0.017387 -0.060910 -0.000000 0.015961 0.999589 -0.023811 12.406000 0.061299 0.022791 0.997859 0.000000 0.000000 0.000000 0.000000 1.000000
0.998422 -0.020593 -0.052253 0.000000 0.019792 0.999679 -0.015800 12.406000 0.052562 0.014740 0.998509 -0.000000 0.000000 0.000000 0.000000 1.000000
0.998690 -0.016440 -0.048456 -0.000000 0.016207 0.999855 -0.005197 12.406000 0.048534 0.004405 0.998812 0.000000 0.000000 0.000000 0.000000 1.000000
0.998826 -0.007862 -0.047793 0.000000 0.008148 0.999950 0.005799 12.406000 0.047745 -0.006181 0.998840 0.000000 0.000000 0.000000 0.000000 1.000000
0.998692 0.000374 -0.051120 -0.000000 0.000132 0.999951 0.009878 12.406000 0.051121 -0.009872 0.998644 -0.000000 0.000000 0.000000 0.000000 1.000000
0.998593 0.006392 -0.052648 0.000000 -0.005827 0.999924 0.010874 12.406000 0.052714 -0.010552 0.998554 0.000000 0.000000 0.000000 0.000000 1.000000
0.998529 0.011320 -0.053031 0.000000 -0.010741 0.999880 0.011187 12.406000 0.053151 -0.010601 0.998530 0.000000 0.000000 0.000000 0.000000 1.000000
0.998061 0.019634 -0.059060 0.000000 -0.018767 0.999708 0.015197 12.406000 0.059341 -0.014059 0.998139 -0.000000 0.000000 0.000000 0.000000 1.000000
0.997155 0.021623 -0.072216 0.000000 -0.020646 0.999685 0.014247 12.406000 0.072501 -0.012716 0.997287 0.000000 0.000000 0.000000 0.000000 1.000000
0.995928 0.014664 -0.088955 0.000000 -0.013705 0.999841 0.011380 12.406000 0.089108 -0.010114 0.995971 -0.000000 0.000000 0.000000 0.000000 1.000000
0.994395 0.002084 -0.105705 0.000000 -0.000892 0.999935 0.011324 12.406000 0.105722 -0.011167 0.994333 0.000000 0.000000 0.000000 0.000000 1.000000
0.992178 -0.010495 -0.124389 0.000000 0.012027 0.999861 0.011570 12.406000 0.124250 -0.012975 0.992166 0.000000 0.000000 0.000000 0.000000 1.000000
0.990097 -0.012424 -0.139832 0.000000 0.013904 0.999857 0.009613 12.406000 0.139693 -0.011463 0.990129 0.000000 0.000000 0.000000 0.000000 1.000000
0.988714 -0.010204 -0.149471 0.000000 0.010996 0.999930 0.004469 12.406000 0.149414 -0.006062 0.988756 0.000000 0.000000 0.000000 0.000000 1.000000
0.988382 -0.011127 -0.151582 -0.000000 0.010546 0.999934 -0.004636 12.406000 0.151624 0.002984 0.988434 0.000000 0.000000 0.000000 0.000000 1.000000
0.988862 -0.013133 -0.148255 0.000000 0.011209 0.999842 -0.013806 12.406000 0.148413 0.011990 0.988853 0.000000 0.000000 0.000000 0.000000 1.000000
0.989556 -0.014859 -0.143383 0.000000 0.012475 0.999769 -0.017509 12.406000 0.143610 0.015538 0.989512 -0.000000 0.000000 0.000000 0.000000 1.000000
0.990451 -0.017994 -0.136689 -0.000000 0.015904 0.999740 -0.016362 12.406000 0.136948 0.014032 0.990479 0.000000 0.000000 0.000000 0.000000 1.000000
0.992080 -0.019441 -0.124098 -0.000000 0.017318 0.999685 -0.018162 12.406000 0.124412 0.015869 0.992104 0.000000 0.000000 0.000000 0.000000 1.000000
0.994058 -0.019563 -0.107076 0.000000 0.017489 0.999641 -0.020273 12.406000 0.107435 0.018280 0.994044 0.000000 0.000000 0.000000 0.000000 1.000000
0.994924 -0.020431 -0.098531 0.000000 0.018560 0.999630 -0.019874 12.406000 0.098901 0.017944 0.994936 -0.000000 0.000000 0.000000 0.000000 1.000000</float_array>
        <technique_common>
          <accessor source="#mixamorig_Spine1-Matrix-animation-output-transform-array" count="23" stride="16">
            <param type="float4x4"/>
          </accessor>
        </technique_common>
      </source>
      <source id="mixamorig_Spine1-Interpolations">
        <Name_array id="mixamorig_Spine1-Interpolations-array" count="23">
 LINEAR LINEAR LINEAR LINEAR LINEAR LINEAR LINEAR LINEAR LINEAR LINEAR LINEAR
LINEAR LINEAR LINEAR LINEAR LINEAR LINEAR LINEAR LINEAR LINEAR LINEAR LINEAR LINEAR</Name_array>
        <technique_common>
          <accessor source="#mixamorig_Spine1-Interpolations-array" count="23">
            <param type="name"/>
          </accessor>
        </technique_common>
      </source>
      <sampler id="mixamorig_Spine1-Matrix-animation-transform">
        <input semantic="INPUT" source="#mixamorig_Spine1-Matrix-animation-input"/>
        <input semantic="OUTPUT" source="#mixamorig_Spine1-Matrix-animation-output-transform"/>
        <input semantic="INTERPOLATION" source="#mixamorig_Spine1-Interpolations"/>
      </sampler>
      <channel source="#mixamorig_Spine1-Matrix-animation-transform" target="mixamorig_Spine1/matrix"/>
    </animation>
    <animation id="mixamorig_Spine2-anim" name="mixamorig_Spine2">
      <source id="mixamorig_Spine2-Matrix-animation-input">
        <float_array id="mixamorig_Spine2-Matrix-animation-input-array" count="23">

0.000000 0.033333 0.066667 0.100000 0.133333 0.166667 0.200000 0.233333 0.266667 0.300000 0.333333 0.366667 0.400000 0.433333 0.466667 0.500000
0.533333 0.566667 0.600000 0.633333 0.666667 0.700000 0.733333</float_array>
        <technique_common>
          <accessor source="#mixamorig_Spine2-Matrix-animation-input-array" count="23">
            <param name="TIME" type="float"/>
          </accessor>
        </technique_common>
      </source>
      <source id="mixamorig_Spine2-Matrix-animation-output-transform">
        <float_array id="mixamorig_Spine2-Matrix-animation-output-transform-array" count="368">

0.997066 -0.030065 -0.070389 -0.000000 0.021214 0.992146 -0.123273 14.178300 0.073543 0.121418 0.989873 0.000000 0.000000 0.000000 0.000000 1.000000
0.998172 -0.026048 -0.054527 -0.000000 0.018844 0.991505 -0.128697 14.178300 0.057416 0.127435 0.990184 0.000000 0.000000 0.000000 0.000000 1.000000
0.998918 -0.023983 -0.039852 0.000000 0.018681 0.991537 -0.128471 14.178300 0.042596 0.127588 0.990912 0.000000 0.000000 0.000000 0.000000 1.000000
0.999179 -0.026234 -0.030865 -0.000000 0.022326 0.992429 -0.120777 14.178300 0.033800 0.119989 0.992200 0.000000 0.000000 0.000000 0.000000 1.000000
0.999384 -0.021827 -0.027477 0.000000 0.018668 0.993711 -0.110408 14.178300 0.029714 0.109827 0.993506 0.000000 0.000000 0.000000 0.000000 1.000000
0.999527 -0.013451 -0.027654 0.000000 0.010633 0.994967 -0.099641 14.178300 0.028855 0.099300 0.994639 -0.000000 0.000000 0.000000 0.000000 1.000000
0.999477 -0.005771 -0.031816 0.000000 0.002698 0.995396 -0.095812 14.178300 0.032223 0.095676 0.994891 0.000000 0.000000 0.000000 0.000000 1.000000
0.999423 -0.000060 -0.033964 0.000000 -0.003178 0.995446 -0.095269 14.178300 0.033815 0.095322 0.994872 0.000000 0.000000 0.000000 0.000000 1.000000
0.999380 0.004644 -0.034889 -0.000000 -0.007965 0.995381 -0.095673 14.178300 0.034283 0.095892 0.994801 0.000000 0.000000 0.000000 0.000000 1.000000
0.999054 0.012001 -0.041793 -0.000000 -0.015821 0.995603 -0.092330 14.178300 0.040501 0.092904 0.994851 -0.000000 0.000000 0.000000 0.000000 1.000000
0.998406 0.012311 -0.055089 0.000000 -0.017457 0.995424 -0.093943 14.178300 0.053681 0.094755 0.994052 -0.000000 0.000000 0.000000 0.000000 1.000000
0.997473 0.003212 -0.070978 0.000000 -0.010134 0.995197 -0.097370 14.178300 0.070324 0.097843 0.992714 0.000000 0.000000 0.000000 0.000000 1.000000
0.996210 -0.011310 -0.086247 -0.000000 0.002821 0.995190 -0.097921 14.178300 0.086940 0.097307 0.991450 0.000000 0.000000 0.000000 0.000000 1.000000
0.994316 -0.025355 -0.103401 -0.000000 0.015202 0.995088 -0.097824 14.178300 0.105374 0.095696 0.989818 0.000000 0.000000 0.000000 0.000000 1.000000
0.992568 -0.027824 -0.118464 -0.000000 0.016105 0.994981 -0.098758 14.178300 0.120618 0.096116 0.988035 0.000000 0.000000 0.000000 0.000000 1.000000
0.991411 -0.025356 -0.128299 -0.000000 0.012203 0.994680 -0.102288 14.178300 0.130210 0.099844 0.986446 0.000000 0.000000 0.000000 0.000000 1.000000
0.991115 -0.025497 -0.130541 0.000000 0.011112 0.993895 -0.109765 14.178300 0.132543 0.107339 0.985348 0.000000 0.000000 0.000000 0.000000 1.000000
0.991488 -0.026947 -0.127383 -0.000000 0.011890 0.993000 -0.117513 14.178300 0.129658 0.114998 0.984868 0.000000 0.000000 0.000000 0.000000 1.000000
0.992048 -0.028839 -0.122514 0.000000 0.013961 0.992603 -0.120601 14.178300 0.125086 0.117931 0.985112 0.000000 0.000000 0.000000 0.000000 1.000000
0.992794 -0.032323 -0.115391 0.000000 0.018399 0.992633 -0.119753 14.178300 0.118412 0.116766 0.986075 -0.000000 0.000000 0.000000 0.000000 1.000000
0.994179 -0.032766 -0.102637 -0.000000 0.020145 0.992366 -0.121675 14.178300 0.105840 0.118899 0.987249 -0.000000 0.000000 0.000000 0.000000 1.000000
0.995842 -0.031113 -0.085624 0.000000 0.020340 0.992082 -0.123932 14.178300 0.088802 0.121675 0.988590 0.000000 0.000000 0.000000 0.000000 1.000000
0.996546 -0.031242 -0.076938 0.000000 0.021541 0.992068 -0.123841 14.178300 0.080197 0.121756 0.989315 0.000000 0.000000 0.000000 0.000000 1.000000</float_array>
        <technique_common>
          <accessor source="#mixamorig_Spine2-Matrix-animation-output-transform-array" count="23" stride="16">
            <param type="float4x4"/>
          </accessor>
        </technique_common>
      </source>
      <source id="mixamorig_Spine2-Interpolations">
        <Name_array id="mixamorig_Spine2-Interpolations-array" count="23">
 LINEAR LINEAR LINEAR LINEAR LINEAR LINEAR LINEAR LINEAR LINEAR LINEAR LINEAR
LINEAR LINEAR LINEAR LINEAR LINEAR LINEAR LINEAR LINEAR LINEAR LINEAR LINEAR LINEAR</Name_array>
        <technique_common>
          <accessor source="#mixamorig_Spine2-Interpolations-array" count="23">
            <param type="name"/>
          </accessor>
        </technique_common>
      </source>
      <sampler id="mixamorig_Spine2-Matrix-animation-transform">
        <input semantic="INPUT" source="#mixamorig_Spine2-Matrix-animation-input"/>
        <input semantic="OUTPUT" source="#mixamorig_Spine2-Matrix-animation-output-transform"/>
        <input semantic="INTERPOLATION" source="#mixamorig_Spine2-Interpolations"/>
      </sampler>
      <channel source="#mixamorig_Spine2-Matrix-animation-transform" target="mixamorig_Spine2/matrix"/>
    </animation>
    <animation id="mixamorig_Neck-anim" name="mixamorig_Neck">
      <source id="mixamorig_Neck-Matrix-animation-input">
        <float_array id="mixamorig_Neck-Matrix-animation-input-array" count="23">

0.000000 0.033333 0.066667 0.100000 0.133333 0.166667 0.200000 0.233333 0.266667 0.300000 0.333333 0.366667 0.400000 0.433333 0.466667 0.500000
0.533333 0.566667 0.600000 0.633333 0.666667 0.700000 0.733333</float_array>
        <technique_common>
          <accessor source="#mixamorig_Neck-Matrix-animation-input-array" count="23">
            <param name="TIME" type="float"/>
          </accessor>
        </technique_common>
      </source>
      <source id="mixamorig_Neck-Matrix-animation-output-transform">
        <float_array id="mixamorig_Neck-Matrix-animation-output-transform-array" count="368">

0.989917 0.034023 0.137498 0.024400 -0.037588 0.999019 0.023417 15.862300 -0.136567 -0.028349 0.990225 -1.675800 0.000000 0.000000 0.000000 1.000000
0.990335 0.033233 0.134653 0.024400 -0.036703 0.999053 0.023369 15.862300 -0.133749 -0.028086 0.990617 -1.675800 0.000000 0.000000 0.000000 1.000000
0.990551 0.032316 0.133283 0.024400 -0.035417 0.999153 0.020960 15.862300 -0.132492 -0.025483 0.990856 -1.675800 0.000000 0.000000 0.000000 1.000000
0.990609 0.032834 0.132724 0.024400 -0.035504 0.999211 0.017803 15.862300 -0.132035 -0.022348 0.990993 -1.675800 0.000000 0.000000 0.000000 1.000000
0.990709 0.035932 0.131163 0.024400 -0.039026 0.999016 0.021093 15.862300 -0.130276 -0.026016 0.991136 -1.675800 0.000000 0.000000 0.000000 1.000000
0.990809 0.040208 0.129150 0.024400 -0.044092 0.998653 0.027355 15.862300 -0.127876 -0.032798 0.991248 -1.675800 0.000000 0.000000 0.000000 1.000000
0.990912 0.044218 0.127038 0.024400 -0.048940 0.998213 0.034291 15.862300 -0.125295 -0.040197 0.991305 -1.675800 0.000000 0.000000 0.000000 1.000000
0.990918 0.047657 0.125739 0.024400 -0.052571 0.997966 0.036056 15.862300 -0.123765 -0.042339 0.991408 -1.675800 0.000000 0.000000 0.000000 1.000000
0.990746 0.050835 0.125846 0.024400 -0.055353 0.997932 0.032663 15.862300 -0.123926 -0.039326 0.991512 -1.675800 0.000000 0.000000 0.000000 1.000000
0.990329 0.055715 0.127060 0.024400 -0.059731 0.997821 0.028013 15.862300 -0.125223 -0.035331 0.991499 -1.675800 0.000000 0.000000 0.000000 1.000000
0.989876 0.060140 0.128567 0.024400 -0.064298 0.997526 0.028435 15.862300 -0.126539 -0.036413 0.991293 -1.675800 0.000000 0.000000 0.000000 1.000000
0.989412 0.064497 0.130017 0.024400 -0.069294 0.997060 0.032712 15.862300 -0.127525 -0.041375 0.990972 -1.675800 0.000000 0.000000 0.000000 1.000000
0.988952 0.067994 0.131726 0.024400 -0.073203 0.996699 0.035107 15.862300 -0.128904 -0.044362 0.990664 -1.675800 0.000000 0.000000 0.000000 1.000000
0.988500 0.069152 0.134481 0.024400 -0.074298 0.996669 0.033621 15.862300 -0.131708 -0.043226 0.990346 -1.675800 0.000000 0.000000 0.000000 1.000000
0.988280 0.066104 0.137598 0.024400 -0.070943 0.997012 0.030562 15.862300 -0.135167 -0.039965 0.990016 -1.675800 0.000000 0.000000 0.000000 1.000000
0.988163 0.061730 0.140442 0.024400 -0.066465 0.997359 0.029270 15.862300 -0.138264 -0.038258 0.989656 -1.675800 0.000000 0.000000 0.000000 1.000000
0.988029 0.058625 0.142693 0.024400 -0.063636 0.997497 0.030809 15.862300 -0.140530 -0.039521 0.989287 -1.675800 0.000000 0.000000 0.000000 1.000000
0.987988 0.055654 0.144162 0.024400 -0.060887 0.997627 0.032142 15.862300 -0.142031 -0.040534 0.989032 -1.675800 0.000000 0.000000 0.000000 1.000000
0.988136 0.051956 0.144525 0.024400 -0.057020 0.997888 0.031116 15.862300 -0.142603 -0.038988 0.989012 -1.675800 0.000000 0.000000 0.000000 1.000000
0.988424 0.048196 0.143857 0.024400 -0.052902 0.998177 0.029069 15.862300 -0.142194 -0.036343 0.989171 -1.675800 0.000000 0.000000 0.000000 1.000000
0.988771 0.044983 0.142511 0.024400 -0.049267 0.998429 0.026676 15.862300 -0.141087 -0.033397 0.989434 -1.675800 0.000000 0.000000 0.000000 1.000000
0.989306 0.040069 0.140245 0.024400 -0.043935 0.998732 0.024574 15.862300 -0.139082 -0.030473 0.989812 -1.675800 0.000000 0.000000 0.000000 1.000000
0.989632 0.036755 0.138842 0.024400 -0.040442 0.998898 0.023829 15.862300 -0.137813 -0.029197 0.990028 -1.675800 0.000000 0.000000 0.000000 1.000000</float_array>
        <technique_common>
          <accessor source="#mixamorig_Neck-Matrix-animation-output-transform-array" count="23" stride="16">
            <param type="float4x4"/>
          </accessor>
        </technique_common>
      </source>
      <source id="mixamorig_Neck-Interpolations">
        <Name_array id="mixamorig_Neck-Interpolations-array" count="23">
 LINEAR LINEAR LINEAR LINEAR LINEAR LINEAR LINEAR LINEAR LINEAR LINEAR LINEAR
LINEAR LINEAR LINEAR LINEAR LINEAR LINEAR LINEAR LINEAR LINEAR LINEAR LINEAR LINEAR</Name_array>
        <technique_common>
          <accessor source="#mixamorig_Neck-Interpolations-array" count="23">
            <param type="name"/>
          </accessor>
        </technique_common>
      </source>
      <sampler id="mixamorig_Neck-Matrix-animation-transform">
        <input semantic="INPUT" source="#mixamorig_Neck-Matrix-animation-input"/>
        <input semantic="OUTPUT" source="#mixamorig_Neck-Matrix-animation-output-transform"/>
        <input semantic="INTERPOLATION" source="#mixamorig_Neck-Interpolations"/>
      </sampler>
      <channel source="#mixamorig_Neck-Matrix-animation-transform" target="mixamorig_Neck/matrix"/>
    </animation>
    <animation id="mixamorig_Head-anim" name="mixamorig_Head">
      <source id="mixamorig_Head-Matrix-animation-input">
        <float_array id="mixamorig_Head-Matrix-animation-input-array" count="23">

0.000000 0.033333 0.066667 0.100000 0.133333 0.166667 0.200000 0.233333 0.266667 0.300000 0.333333 0.366667 0.400000 0.433333 0.466667 0.500000
0.533333 0.566667 0.600000 0.633333 0.666667 0.700000 0.733333</float_array>
        <technique_common>
          <accessor source="#mixamorig_Head-Matrix-animation-input-array" count="23">
            <param name="TIME" type="float"/>
          </accessor>
        </technique_common>
      </source>
      <source id="mixamorig_Head-Matrix-animation-output-transform">
        <float_array id="mixamorig_Head-Matrix-animation-output-transform-array" count="368">

0.997063 -0.037930 0.066530 0.000000 0.017899 0.960090 0.279117 5.564000 -0.074461 -0.277106 0.957950 0.988100 0.000000 0.000000 0.000000 1.000000
0.999138 -0.026010 0.032366 0.000000 0.015489 0.956693 0.290685 5.564000 -0.038525 -0.289933 0.956271 0.988100 0.000000 0.000000 0.000000 1.000000
0.999705 -0.014531 0.019468 0.000000 0.008537 0.960414 0.278448 5.564000 -0.022743 -0.278199 0.960254 0.988100 0.000000 0.000000 0.000000 1.000000
0.999897 -0.003149 0.014018 -0.000000 -0.000567 0.966264 0.257552 5.564000 -0.014356 -0.257534 0.966163 0.988100 0.000000 0.000000 0.000000 1.000000
0.999892 0.006873 -0.012969 -0.000000 -0.003560 0.970763 0.240013 5.564000 0.014240 -0.239941 0.970683 0.988100 0.000000 0.000000 0.000000 1.000000
0.998620 0.015270 -0.050252 0.000000 -0.003509 0.974060 0.226264 5.564000 0.052403 -0.225775 0.972769 0.988100 0.000000 0.000000 0.000000 1.000000
0.995774 0.019983 -0.089637 0.000000 0.000924 0.973811 0.227359 5.564000 0.091833 -0.226481 0.969677 0.988100 0.000000 0.000000 0.000000 1.000000
0.992795 0.019467 -0.118229 0.000000 0.009108 0.971599 0.236459 5.564000 0.119475 -0.235833 0.964421 0.988100 0.000000 0.000000 0.000000 1.000000
0.991396 0.005962 -0.130763 -0.000000 0.024179 0.973431 0.227700 5.564000 0.128647 -0.228902 0.964911 0.988100 0.000000 0.000000 0.000000 1.000000
0.990961 -0.008046 -0.133911 0.000000 0.037363 0.975258 0.217892 5.564000 0.128845 -0.220925 0.966742 0.988100 0.000000 0.000000 0.000000 1.000000
0.991672 -0.013163 -0.128117 0.000000 0.043348 0.970840 0.235778 5.564000 0.121277 -0.239368 0.963325 0.988100 0.000000 0.000000 0.000000 1.000000
0.992959 -0.003557 -0.118404 -0.000000 0.034595 0.964681 0.261138 5.564000 0.113293 -0.263396 0.958012 0.988100 0.000000 0.000000 0.000000 1.000000
0.994735 0.011201 -0.101868 0.000000 0.017095 0.961947 0.272702 5.564000 0.101046 -0.273007 0.956690 0.988100 0.000000 0.000000 0.000000 1.000000
0.997632 0.020255 -0.065730 -0.000000 -0.001591 0.962197 0.272350 5.564000 0.068761 -0.271601 0.959950 0.988100 0.000000 0.000000 0.000000 1.000000
0.999628 0.023681 -0.013516 0.000000 -0.019346 0.965283 0.260488 5.564000 0.019215 -0.260130 0.965382 0.988100 0.000000 0.000000 0.000000 1.000000
0.998938 0.025781 0.038193 -0.000000 -0.034372 0.968926 0.244949 5.564000 -0.030691 -0.246002 0.968783 0.988100 0.000000 0.000000 0.000000 1.000000
0.996726 0.023852 0.077249 0.000000 -0.041880 0.969625 0.240985 5.564000 -0.069155 -0.243432 0.967450 0.988100 0.000000 0.000000 0.000000 1.000000
0.994481 0.011820 0.104248 0.000000 -0.038139 0.966385 0.254253 5.564000 -0.097739 -0.256826 0.961503 0.988100 0.000000 0.000000 0.000000 1.000000
0.992886 0.000617 0.119070 -0.000000 -0.032615 0.963152 0.266972 5.564000 -0.114518 -0.268956 0.956320 0.988100 0.000000 0.000000 0.000000 1.000000
0.992584 -0.001903 0.121545 0.000000 -0.031100 0.962627 0.269040 5.564000 -0.117514 -0.270825 0.955429 0.988100 0.000000 0.000000 0.000000 1.000000
0.993787 -0.010168 0.110837 -0.000000 -0.020212 0.962773 0.269553 5.564000 -0.109452 -0.270118 0.956586 0.988100 0.000000 0.000000 0.000000 1.000000
0.995609 -0.025450 0.090084 0.000000 -0.000029 0.962248 0.272174 5.564000 -0.093610 -0.270981 0.958022 0.988100 0.000000 0.000000 0.000000 1.000000
0.996377 -0.032534 0.078581 0.000000 0.009842 0.961841 0.273430 5.564000 -0.084478 -0.271666 0.958677 0.988100 0.000000 0.000000 0.000000 1.000000</float_array>
        <technique_common>
          <accessor source="#mixamorig_Head-Matrix-animation-output-transform-array" count="23" stride="16">
            <param type="float4x4"/>
          </accessor>
        </technique_common>
      </source>
      <source id="mixamorig_Head-Interpolations">
        <Name_array id="mixamorig_Head-Interpolations-array" count="23">
 LINEAR LINEAR LINEAR LINEAR LINEAR LINEAR LINEAR LINEAR LINEAR LINEAR LINEAR
LINEAR LINEAR LINEAR LINEAR LINEAR LINEAR LINEAR LINEAR LINEAR LINEAR LINEAR LINEAR</Name_array>
        <technique_common>
          <accessor source="#mixamorig_Head-Interpolations-array" count="23">
            <param type="name"/>
          </accessor>
        </technique_common>
      </source>
      <sampler id="mixamorig_Head-Matrix-animation-transform">
        <input semantic="INPUT" source="#mixamorig_Head-Matrix-animation-input"/>
        <input semantic="OUTPUT" source="#mixamorig_Head-Matrix-animation-output-transform"/>
        <input semantic="INTERPOLATION" source="#mixamorig_Head-Interpolations"/>
      </sampler>
      <channel source="#mixamorig_Head-Matrix-animation-transform" target="mixamorig_Head/matrix"/>
    </animation>
    <animation id="mixamorig_LeftShoulder-anim" name="mixamorig_LeftShoulder">
      <source id="mixamorig_LeftShoulder-Matrix-animation-input">
        <float_array id="mixamorig_LeftShoulder-Matrix-animation-input-array" count="23">

0.000000 0.033333 0.066667 0.100000 0.133333 0.166667 0.200000 0.233333 0.266667 0.300000 0.333333 0.366667 0.400000 0.433333 0.466667 0.500000
0.533333 0.566667 0.600000 0.633333 0.666667 0.700000 0.733333</float_array>
        <technique_common>
          <accessor source="#mixamorig_LeftShoulder-Matrix-animation-input-array" count="23">
            <param name="TIME" type="float"/>
          </accessor>
        </technique_common>
      </source>
      <source id="mixamorig_LeftShoulder-Matrix-animation-output-transform">
        <float_array id="mixamorig_LeftShoulder-Matrix-animation-output-transform-array" count="368">

0.083151 0.956508 -0.279602 5.935000 0.024413 -0.282445 -0.958973 13.670200 -0.996238 0.072914 -0.046837 -1.662600 0.000000 0.000000 0.000000 1.000000
0.068518 0.957931 -0.278698 5.935000 0.025084 -0.280920 -0.959403 13.670200 -0.997334 0.058746 -0.043277 -1.662600 0.000000 0.000000 0.000000 1.000000
0.054244 0.960063 -0.274476 5.935000 0.025669 -0.276130 -0.960777 13.670200 -0.998198 0.045071 -0.039622 -1.662600 0.000000 0.000000 0.000000 1.000000
0.031879 0.967048 -0.252589 5.935000 0.026220 -0.253439 -0.966996 13.670200 -0.999148 0.024204 -0.033435 -1.662600 0.000000 0.000000 0.000000 1.000000
0.016357 0.975982 -0.217235 5.935000 0.025722 -0.217603 -0.975698 13.670200 -0.999535 0.010371 -0.028664 -1.662600 0.000000 0.000000 0.000000 1.000000
0.024971 0.979783 -0.198499 5.935000 0.025104 -0.199113 -0.979655 13.670200 -0.999373 0.019480 -0.029568 -1.662600 0.000000 0.000000 0.000000 1.000000
0.035293 0.979013 -0.200719 5.935000 0.025009 -0.201646 -0.979139 13.670200 -0.999064 0.029537 -0.031601 -1.662600 0.000000 0.000000 0.000000 1.000000
0.046924 0.973112 -0.225501 5.935000 0.025135 -0.226829 -0.973610 13.670200 -0.998582 0.040017 -0.035103 -1.662600 0.000000 0.000000 0.000000 1.000000
0.056428 0.965260 -0.255126 5.935000 0.025099 -0.256824 -0.966132 13.670200 -0.998091 0.048114 -0.038720 -1.662600 0.000000 0.000000 0.000000 1.000000
0.070448 0.953621 -0.292649 5.935000 0.024720 -0.294956 -0.955191 13.670200 -0.997209 0.060057 -0.044352 -1.662600 0.000000 0.000000 0.000000 1.000000
0.085353 0.943233 -0.320976 5.935000 0.023868 -0.323995 -0.945758 13.670200 -0.996065 0.073062 -0.050167 -1.662600 0.000000 0.000000 0.000000 1.000000
0.108311 0.934292 -0.339656 5.935000 0.022326 -0.343866 -0.938753 13.670200 -0.993866 0.094094 -0.058103 -1.662600 0.000000 0.000000 0.000000 1.000000
0.135686 0.928689 -0.345147 5.935000 0.020339 -0.350906 -0.936190 13.670200 -0.990543 0.120007 -0.066502 -1.662600 0.000000 0.000000 0.000000 1.000000
0.153370 0.929030 -0.336720 5.935000 0.019550 -0.343537 -0.938936 13.670200 -0.987975 0.137422 -0.070851 -1.662600 0.000000 0.000000 0.000000 1.000000
0.158895 0.932847 -0.323341 5.935000 0.019947 -0.330468 -0.943606 13.670200 -0.987094 0.143484 -0.071117 -1.662600 0.000000 0.000000 0.000000 1.000000
0.156884 0.936564 -0.313425 5.935000 0.020618 -0.320392 -0.947061 13.670200 -0.987402 0.142116 -0.069574 -1.662600 0.000000 0.000000 0.000000 1.000000
0.152514 0.939128 -0.307861 5.935000 0.021166 -0.314538 -0.949009 13.670200 -0.988075 0.138221 -0.067849 -1.662600 0.000000 0.000000 0.000000 1.000000
0.148026 0.941367 -0.303178 5.935000 0.021637 -0.309565 -0.950632 13.670200 -0.988747 0.134158 -0.066192 -1.662600 0.000000 0.000000 0.000000 1.000000
0.140201 0.944272 -0.297815 5.935000 0.022224 -0.303711 -0.952505 13.670200 -0.989874 0.126924 -0.063566 -1.662600 0.000000 0.000000 0.000000 1.000000
0.127126 0.947882 -0.292163 5.935000 0.022919 -0.297281 -0.954515 13.670200 -0.991622 0.114648 -0.059516 -1.662600 0.000000 0.000000 0.000000 1.000000
0.111154 0.950920 -0.288784 5.935000 0.023538 -0.293022 -0.955816 13.670200 -0.993524 0.099446 -0.054953 -1.662600 0.000000 0.000000 0.000000 1.000000
0.094768 0.953417 -0.286383 5.935000 0.024083 -0.289789 -0.956787 13.670200 -0.995208 0.083776 -0.050424 -1.662600 0.000000 0.000000 0.000000 1.000000
0.086843 0.954666 -0.284729 5.935000 0.024314 -0.287755 -0.957395 13.670200 -0.995925 0.076220 -0.048201 -1.662600 0.000000 0.000000 0.000000 1.000000</float_array>
        <technique_common>
          <accessor source="#mixamorig_LeftShoulder-Matrix-animation-output-transform-array" count="23" stride="16">
            <param type="float4x4"/>
          </accessor>
        </technique_common>
      </source>
      <source id="mixamorig_LeftShoulder-Interpolations">
        <Name_array id="mixamorig_LeftShoulder-Interpolations-array" count="23">
 LINEAR LINEAR LINEAR LINEAR LINEAR LINEAR LINEAR LINEAR LINEAR LINEAR LINEAR
LINEAR LINEAR LINEAR LINEAR LINEAR LINEAR LINEAR LINEAR LINEAR LINEAR LINEAR LINEAR</Name_array>
        <technique_common>
          <accessor source="#mixamorig_LeftShoulder-Interpolations-array" count="23">
            <param type="name"/>
          </accessor>
        </technique_common>
      </source>
      <sampler id="mixamorig_LeftShoulder-Matrix-animation-transform">
        <input semantic="INPUT" source="#mixamorig_LeftShoulder-Matrix-animation-input"/>
        <input semantic="OUTPUT" source="#mixamorig_LeftShoulder-Matrix-animation-output-transform"/>
        <input semantic="INTERPOLATION" source="#mixamorig_LeftShoulder-Interpolations"/>
      </sampler>
      <channel source="#mixamorig_LeftShoulder-Matrix-animation-transform" target="mixamorig_LeftShoulder/matrix"/>
    </animation>
    <animation id="mixamorig_LeftArm-anim" name="mixamorig_LeftArm">
      <source id="mixamorig_LeftArm-Matrix-animation-input">
        <float_array id="mixamorig_LeftArm-Matrix-animation-input-array" count="23">

0.000000 0.033333 0.066667 0.100000 0.133333 0.166667 0.200000 0.233333 0.266667 0.300000 0.333333 0.366667 0.400000 0.433333 0.466667 0.500000
0.533333 0.566667 0.600000 0.633333 0.666667 0.700000 0.733333</float_array>
        <technique_common>
          <accessor source="#mixamorig_LeftArm-Matrix-animation-input-array" count="23">
            <param name="TIME" type="float"/>
          </accessor>
        </technique_common>
      </source>
      <source id="mixamorig_LeftArm-Matrix-animation-output-transform">
        <float_array id="mixamorig_LeftArm-Matrix-animation-output-transform-array" count="368">

0.651409 -0.311484 0.691841 -0.000000 0.660096 0.682241 -0.314358 12.607900 -0.374084 0.661457 0.650027 0.000000 0.000000 0.000000 0.000000 1.000000
0.781823 -0.187704 0.594576 0.000000 0.517621 0.727024 -0.451116 12.607900 -0.347594 0.660458 0.665563 0.000000 0.000000 0.000000 0.000000 1.000000
