<?xml version="1.0" encoding="utf-8"?>
<COLLADA xmlns="http://www.collada.org/2005/11/COLLADASchema" version="1.4.1">
  <asset>
    <contributor>
      <author>Mixamo</author>
      <authoring_tool>COLLADA Mixamo exporter</authoring_tool>
      <comments/>
    </contributor>
    <created>2023-08-01T21:10:52Z</created>
    <modified>2023-08-01T21:10:52Z</modified>
    <revision/>
    <title/>
    <unit meter="0.010000"/>
    <up_axis>Y_UP</up_axis>
  </asset>
  <library_animations>
    <animation id="mixamorig_Hips-anim" name="mixamorig_Hips">
      <source id="mixamorig_Hips-Matrix-animation-input">
        <float_array id="mixamorig_Hips-Matrix-animation-input-array" count="25">

0.000000 0.033333 0.066667 0.100000 0.133333 0.166667 0.200000 0.233333 0.266667 0.300000 0.333333 0.366667 0.400000 0.433333 0.466667 0.500000
0.533333 0.566667 0.600000 0.633333 0.666667 0.700000 0.733333 0.766667 0.800000</float_array>
        <technique_common>
          <accessor source="#mixamorig_Hips-Matrix-animation-input-array" count="25">
            <param name="TIME" type="float"/>
          </accessor>
        </technique_common>
      </source>
      <source id="mixamorig_Hips-Matrix-animation-output-transform">
        <float_array id="mixamorig_Hips-Matrix-animation-output-transform-array" count="400">

0.960473 -0.172959 -0.218121 -0.160473 0.131836 0.972734 -0.190806 87.626846 0.245175 0.154508 0.957087 0.068059 0.000000 0.000000 0.000000 1.000000
0.968396 -0.149020 -0.200007 0.376376 0.106162 0.971895 -0.210121 89.023155 0.225698 0.182247 0.956999 -0.632918 0.000000 0.000000 0.000000 1.000000
0.977703 -0.117702 -0.173904 0.840555 0.077387 0.971817 -0.222672 91.303261 0.195212 0.204249 0.959257 -0.978277 0.000000 0.000000 0.000000 1.000000
0.986082 -0.088747 -0.140591 0.917581 0.053926 0.970625 -0.234475 93.762283 0.157270 0.223630 0.961902 -1.000051 0.000000 0.000000 0.000000 1.000000
0.989302 -0.081940 -0.120695 1.065742 0.049370 0.966586 -0.251544 95.668282 0.137273 0.242894 0.960291 -0.765075 0.000000 0.000000 0.000000 1.000000
0.990518 -0.078201 -0.112956 1.371927 0.048176 0.967692 -0.247491 96.676804 0.128660 0.239703 0.962283 -0.477047 0.000000 0.000000 0.000000 1.000000
0.991591 -0.074392 -0.105889 1.476386 0.048928 0.973032 -0.225420 96.652336 0.119803 0.218344 0.968490 -0.147921 0.000000 0.000000 0.000000 1.000000
0.992412 -0.071775 -0.099829 1.530431 0.050290 0.977862 -0.203120 95.835312 0.112198 0.196558 0.974052 -0.089383 0.000000 0.000000 0.000000 1.000000
0.994016 -0.061394 -0.090345 1.755932 0.043821 0.981757 -0.185022 94.592735 0.100056 0.179956 0.978573 -0.478864 0.000000 0.000000 0.000000 1.000000
0.995072 -0.051713 -0.084602 1.713296 0.038179 0.987268 -0.154415 92.794701 0.091510 0.150424 0.984377 -0.733264 0.000000 0.000000 0.000000 1.000000
0.995218 -0.034982 -0.091198 2.109678 0.023465 0.991951 -0.124426 91.054672 0.094817 0.121691 0.988029 -1.521333 0.000000 0.000000 0.000000 1.000000
0.992703 -0.033574 -0.115817 2.838788 0.020580 0.993537 -0.111625 90.322334 0.118816 0.108427 0.986978 -2.250665 0.000000 0.000000 0.000000 1.000000
0.985860 -0.052458 -0.159147 3.150378 0.034662 0.993035 -0.112606 90.915009 0.163945 0.105497 0.980812 -2.460733 0.000000 0.000000 0.000000 1.000000
0.974012 -0.072915 -0.214438 2.978090 0.050461 0.992827 -0.108386 92.563644 0.220803 0.094749 0.970705 -2.324538 0.000000 0.000000 0.000000 1.000000
0.962677 -0.101152 -0.251039 2.413868 0.076095 0.991277 -0.107612 94.699860 0.259734 0.084493 0.961977 -1.685252 0.000000 0.000000 0.000000 1.000000
0.953201 -0.127926 -0.273939 1.698815 0.097389 0.987696 -0.122364 96.425636 0.286222 0.089959 0.953931 -0.788951 0.000000 0.000000 0.000000 1.000000
0.952871 -0.119648 -0.278785 0.895611 0.085070 0.987454 -0.133029 96.998573 0.291204 0.103043 0.951095 0.228957 0.000000 0.000000 0.000000 1.000000
0.959311 -0.084598 -0.269379 -0.123479 0.051703 0.990559 -0.126959 96.788925 0.277576 0.107866 0.954629 1.214356 0.000000 0.000000 0.000000 1.000000
0.965105 -0.064043 -0.253911 -0.987621 0.036287 0.992985 -0.112533 96.123489 0.259337 0.099393 0.960659 2.045763 0.000000 0.000000 0.000000 1.000000
0.968461 -0.063320 -0.240987 -1.383856 0.040733 0.994393 -0.097586 95.075241 0.245815 0.084692 0.965610 2.369318 0.000000 0.000000 0.000000 1.000000
0.968563 -0.062543 -0.240777 -1.408085 0.041659 0.994991 -0.090874 93.695374 0.245254 0.077987 0.966317 2.338003 0.000000 0.000000 0.000000 1.000000
0.965791 -0.069675 -0.249785 -1.245701 0.045627 0.993859 -0.100811 91.163239 0.255275 0.085965 0.963039 2.052266 0.000000 0.000000 0.000000 1.000000
0.959072 -0.122767 -0.255163 -0.819257 0.096942 0.989027 -0.111477 88.937569 0.266049 0.082179 0.960450 1.144986 0.000000 0.000000 0.000000 1.000000
0.955064 -0.165915 -0.245612 -0.580867 0.132667 0.980299 -0.146333 87.373344 0.265052 0.107172 0.958260 0.271161 0.000000 0.000000 0.000000 1.000000
0.960473 -0.172959 -0.218121 -0.160471 0.131836 0.972734 -0.190806 87.626831 0.245175 0.154508 0.957087 0.068058 0.000000 0.000000 0.000000 1.000000</float_array>
        <technique_common>
          <accessor source="#mixamorig_Hips-Matrix-animation-output-transform-array" count="25" stride="16">
            <param type="float4x4"/>
          </accessor>
        </technique_common>
      </source>
      <source id="mixamorig_Hips-Interpolations">
        <Name_array id="mixamorig_Hips-Interpolations-array" count="25">
 LINEAR LINEAR LINEAR LINEAR LINEAR LINEAR LINEAR LINEAR LINEAR LINEAR LINEAR
LINEAR LINEAR LINEAR LINEAR LINEAR LINEAR LINEAR LINEAR LINEAR LINEAR LINEAR LINEAR
LINEAR LINEAR</Name_array>
        <technique_common>
          <accessor source="#mixamorig_Hips-Interpolations-array" count="25">
            <param type="name"/>
          </accessor>
        </technique_common>
      </source>
      <sampler id="mixamorig_Hips-Matrix-animation-transform">
        <input semantic="INPUT" source="#mixamorig_Hips-Matrix-animation-input"/>
        <input semantic="OUTPUT" source="#mixamorig_Hips-Matrix-animation-output-transform"/>
        <input semantic="INTERPOLATION" source="#mixamorig_Hips-Interpolations"/>
      </sampler>
      <channel source="#mixamorig_Hips-Matrix-animation-transform" target="mixamorig_Hips/matrix"/>
    </animation>
    <animation id="mixamorig_Spine-anim" name="mixamorig_Spine">
      <source id="mixamorig_Spine-Matrix-animation-input">
        <float_array id="mixamorig_Spine-Matrix-animation-input-array" count="25">

0.000000 0.033333 0.066667 0.100000 0.133333 0.166667 0.200000 0.233333 0.266667 0.300000 0.333333 0.366667 0.400000 0.433333 0.466667 0.500000
0.533333 0.566667 0.600000 0.633333 0.666667 0.700000 0.733333 0.766667 0.800000</float_array>
        <technique_common>
          <accessor source="#mixamorig_Spine-Matrix-animation-input-array" count="25">
            <param name="TIME" type="float"/>
          </accessor>
        </technique_common>
      </source>
      <source id="mixamorig_Spine-Matrix-animation-output-transform">
        <float_array id="mixamorig_Spine-Matrix-animation-output-transform-array" count="400">

0.993530 0.098326 0.056837 0.017300 -0.096494 0.994748 -0.034145 10.574800 -0.059896 0.028440 0.997799 -1.117200 0.000000 0.000000 0.000000 1.000000
0.997325 0.066050 0.031306 0.017300 -0.065436 0.997651 -0.020255 10.574800 -0.032571 0.018152 0.999305 -1.117200 0.000000 0.000000 0.000000 1.000000
0.999693 0.024433 -0.004139 0.017300 -0.024465 0.999670 -0.007798 10.574800 0.003947 0.007897 0.999961 -1.117200 0.000000 0.000000 0.000000 1.000000
0.998763 -0.012230 -0.048206 0.017300 0.012164 0.999925 -0.001666 10.574800 0.048222 0.001077 0.998836 -1.117200 0.000000 0.000000 0.000000 1.000000
0.996448 -0.030872 -0.078353 0.017300 0.031938 0.999413 0.012394 10.574800 0.077924 -0.014852 0.996849 -1.117200 0.000000 0.000000 0.000000 1.000000
0.995397 -0.038591 -0.087728 0.017300 0.040735 0.998910 0.022774 10.574800 0.086753 -0.026242 0.995884 -1.117200 0.000000 0.000000 0.000000 1.000000
0.995003 -0.040994 -0.091042 0.017300 0.043331 0.998776 0.023840 10.574800 0.089953 -0.027665 0.995562 -1.117200 0.000000 0.000000 0.000000 1.000000
0.995120 -0.041314 -0.089604 0.017300 0.043185 0.998886 0.019040 10.574800 0.088718 -0.022816 0.995795 -1.117200 0.000000 0.000000 0.000000 1.000000
0.994964 -0.050799 -0.086409 0.017300 0.051515 0.998654 0.006077 10.574800 0.085984 -0.010498 0.996241 -1.117200 0.000000 0.000000 0.000000 1.000000
0.996025 -0.057595 -0.067942 0.017300 0.056466 0.998234 -0.018433 10.574800 0.068884 0.014523 0.997519 -1.117200 0.000000 0.000000 0.000000 1.000000
0.996772 -0.075246 -0.027981 0.017300 0.073732 0.995939 -0.051668 10.574800 0.031755 0.049438 0.998272 -1.117200 0.000000 0.000000 0.000000 1.000000
0.996500 -0.080364 0.023022 0.017300 0.081756 0.994343 -0.067801 10.574800 -0.017443 0.069446 0.997433 -1.117200 0.000000 0.000000 0.000000 1.000000
0.995956 -0.062194 0.064830 0.017300 0.066482 0.995587 -0.066231 10.574800 -0.060425 0.070273 0.995696 -1.117200 0.000000 0.000000 0.000000 1.000000
0.993251 -0.030434 0.111917 0.017300 0.037929 0.997134 -0.065468 10.574800 -0.109604 0.069271 0.991559 -1.117200 0.000000 0.000000 0.000000 1.000000
0.988442 0.009361 0.151311 0.017300 0.000044 0.998074 -0.062030 10.574800 -0.151601 0.061320 0.986538 -1.117200 0.000000 0.000000 0.000000 1.000000
0.982849 0.042585 0.179428 0.017300 -0.034134 0.998169 -0.049929 10.574800 -0.181226 0.042949 0.982503 -1.117200 0.000000 0.000000 0.000000 1.000000
0.980754 0.046456 0.189641 0.017300 -0.042709 0.998804 -0.023801 10.574800 -0.190519 0.015244 0.981565 -1.117200 0.000000 0.000000 0.000000 1.000000
0.982723 0.031989 0.182297 0.017300 -0.031836 0.999486 -0.003767 10.574800 -0.182324 -0.002102 0.983236 -1.117200 0.000000 0.000000 0.000000 1.000000
0.984438 0.025760 0.173836 0.017300 -0.025811 0.999665 -0.001969 10.574800 -0.173828 -0.002548 0.984773 -1.117200 0.000000 0.000000 0.000000 1.000000
0.985400 0.034242 0.166775 0.017300 -0.032459 0.999383 -0.013404 10.574800 -0.167131 0.007795 0.985904 -1.117200 0.000000 0.000000 0.000000 1.000000
0.987235 0.030161 0.156390 0.017300 -0.025724 0.999209 -0.030324 10.574800 -0.157181 0.025914 0.987230 -1.117200 0.000000 0.000000 0.000000 1.000000
0.989958 0.029312 0.138292 0.017300 -0.024153 0.998954 -0.038837 10.574800 -0.139286 0.035107 0.989630 -1.117200 0.000000 0.000000 0.000000 1.000000
0.990928 0.064078 0.118133 0.017300 -0.057147 0.996491 -0.061159 10.574800 -0.121638 0.053853 0.991113 -1.117200 0.000000 0.000000 0.000000 1.000000
0.990957 0.095486 0.094269 0.017300 -0.089877 0.994017 -0.062069 10.574800 -0.099631 0.053035 0.993610 -1.117200 0.000000 0.000000 0.000000 1.000000
0.993530 0.098327 0.056838 0.017300 -0.096494 0.994748 -0.034145 10.574800 -0.059896 0.028440 0.997799 -1.117200 0.000000 0.000000 0.000000 1.000000</float_array>
        <technique_common>
          <accessor source="#mixamorig_Spine-Matrix-animation-output-transform-array" count="25" stride="16">
            <param type="float4x4"/>
          </accessor>
        </technique_common>
      </source>
      <source id="mixamorig_Spine-Interpolations">
        <Name_array id="mixamorig_Spine-Interpolations-array" count="25">
 LINEAR LINEAR LINEAR LINEAR LINEAR LINEAR LINEAR LINEAR LINEAR LINEAR LINEAR
LINEAR LINEAR LINEAR LINEAR LINEAR LINEAR LINEAR LINEAR LINEAR LINEAR LINEAR LINEAR
LINEAR LINEAR</Name_array>
        <technique_common>
          <accessor source="#mixamorig_Spine-Interpolations-array" count="25">
            <param type="name"/>
          </accessor>
        </technique_common>
      </source>
      <sampler id="mixamorig_Spine-Matrix-animation-transform">
        <input semantic="INPUT" source="#mixamorig_Spine-Matrix-animation-input"/>
        <input semantic="OUTPUT" source="#mixamorig_Spine-Matrix-animation-output-transform"/>
        <input semantic="INTERPOLATION" source="#mixamorig_Spine-Interpolations"/>
      </sampler>
      <channel source="#mixamorig_Spine-Matrix-animation-transform" target="mixamorig_Spine/matrix"/>
    </animation>
    <animation id="mixamorig_Spine1-anim" name="mixamorig_Spine1">
      <source id="mixamorig_Spine1-Matrix-animation-input">
        <float_array id="mixamorig_Spine1-Matrix-animation-input-array" count="25">

0.000000 0.033333 0.066667 0.100000 0.133333 0.166667 0.200000 0.233333 0.266667 0.300000 0.333333 0.366667 0.400000 0.433333 0.466667 0.500000
0.533333 0.566667 0.600000 0.633333 0.666667 0.700000 0.733333 0.766667 0.800000</float_array>
        <technique_common>
          <accessor source="#mixamorig_Spine1-Matrix-animation-input-array" count="25">
            <param name="TIME" type="float"/>
          </accessor>
        </technique_common>
      </source>
      <source id="mixamorig_Spine1-Matrix-animation-output-transform">
        <float_array id="mixamorig_Spine1-Matrix-animation-output-transform-array" count="400">

0.999327 0.022242 0.029171 0.000000 -0.021450 0.999400 -0.027182 12.406000 -0.029758 0.026538 0.999205 -0.000000 0.000000 0.000000 0.000000 1.000000
0.999745 0.015030 0.016856 0.000000 -0.014736 0.999739 -0.017460 12.406000 -0.017114 0.017208 0.999705 0.000000 0.000000 0.000000 0.000000 1.000000
0.999980 0.006321 -0.000400 0.000000 -0.006323 0.999959 -0.006542 12.406000 0.000358 0.006545 0.999979 0.000000 0.000000 0.000000 0.000000 1.000000
0.999767 -0.000464 -0.021592 0.000000 0.000472 1.000000 0.000362 12.406000 0.021592 -0.000372 0.999767 0.000000 0.000000 0.000000 0.000000 1.000000
0.999352 -0.002469 -0.035918 0.000000 0.002574 0.999993 0.002878 12.406000 0.035911 -0.002968 0.999351 0.000000 0.000000 0.000000 0.000000 1.000000
0.999155 -0.006262 -0.040620 0.000000 0.006126 0.999975 -0.003485 12.406000 0.040641 0.003233 0.999169 0.000000 0.000000 0.000000 0.000000 1.000000
0.999075 -0.009140 -0.042014 0.000000 0.008681 0.999901 -0.011088 12.406000 0.042111 0.010713 0.999056 -0.000000 0.000000 0.000000 0.000000 1.000000
0.999101 -0.010962 -0.040940 0.000000 0.010346 0.999830 -0.015230 12.406000 0.041100 0.014793 0.999046 0.000000 0.000000 0.000000 0.000000 1.000000
0.999155 -0.011078 -0.039569 0.000000 0.010546 0.999852 -0.013615 12.406000 0.039714 0.013187 0.999124 -0.000000 0.000000 0.000000 0.000000 1.000000
0.999414 -0.012950 -0.031679 -0.000000 0.012430 0.999786 -0.016561 12.406000 0.031887 0.016157 0.999361 0.000000 0.000000 0.000000 0.000000 1.000000
0.999699 -0.019315 -0.015148 0.000000 0.018946 0.999529 -0.024152 12.406000 0.015607 0.023858 0.999594 0.000000 0.000000 0.000000 0.000000 1.000000
0.999711 -0.023036 0.006941 -0.000000 0.023230 0.999299 -0.029342 12.406000 -0.006260 0.029494 0.999545 0.000000 0.000000 0.000000 0.000000 1.000000
0.999453 -0.020040 0.026295 0.000000 0.020798 0.999367 -0.028874 12.406000 -0.025699 0.029406 0.999237 0.000000 0.000000 0.000000 0.000000 1.000000
0.998722 -0.013452 0.048709 -0.000000 0.014730 0.999554 -0.025960 12.406000 -0.048338 0.026644 0.998476 0.000000 0.000000 0.000000 0.000000 1.000000
0.997653 -0.003775 0.068366 0.000000 0.005449 0.999690 -0.024309 12.406000 -0.068253 0.024625 0.997364 0.000000 0.000000 0.000000 0.000000 1.000000
0.996559 0.004925 0.082743 0.000000 -0.002962 0.999712 -0.023826 12.406000 -0.082836 0.023499 0.996286 0.000000 0.000000 0.000000 0.000000 1.000000
0.996185 0.000279 0.087261 0.000000 0.002063 0.999640 -0.026747 12.406000 -0.087237 0.026825 0.995826 0.000000 0.000000 0.000000 0.000000 1.000000
0.996479 -0.011754 0.083010 0.000000 0.014480 0.999373 -0.032312 12.406000 -0.082578 0.033401 0.996025 -0.000000 0.000000 0.000000 0.000000 1.000000
0.996725 -0.018237 0.078778 0.000000 0.021282 0.999051 -0.037990 12.406000 -0.078010 0.039542 0.996168 0.000000 0.000000 0.000000 0.000000 1.000000
0.996962 -0.018802 0.075587 0.000000 0.022140 0.998805 -0.043567 12.406000 -0.074677 0.045108 0.996187 0.000000 0.000000 0.000000 0.000000 1.000000
0.997492 -0.011696 0.069803 -0.000000 0.014702 0.998979 -0.042713 12.406000 -0.069233 0.043632 0.996646 0.000000 0.000000 0.000000 0.000000 1.000000
0.998089 0.002976 0.061723 0.000000 -0.000624 0.999274 -0.038088 12.406000 -0.061792 0.037977 0.997366 0.000000 0.000000 0.000000 0.000000 1.000000
0.998414 0.013367 0.054684 0.000000 -0.011280 0.999203 -0.038293 12.406000 -0.055153 0.037615 0.997769 0.000000 0.000000 0.000000 0.000000 1.000000
0.998725 0.020862 0.045972 0.000000 -0.019257 0.999199 -0.035080 12.406000 -0.046667 0.034150 0.998327 -0.000000 0.000000 0.000000 0.000000 1.000000
0.999327 0.022242 0.029171 0.000000 -0.021450 0.999400 -0.027182 12.406000 -0.029758 0.026538 0.999205 0.000000 0.000000 0.000000 0.000000 1.000000</float_array>
        <technique_common>
          <accessor source="#mixamorig_Spine1-Matrix-animation-output-transform-array" count="25" stride="16">
            <param type="float4x4"/>
          </accessor>
        </technique_common>
      </source>
      <source id="mixamorig_Spine1-Interpolations">
        <Name_array id="mixamorig_Spine1-Interpolations-array" count="25">
 LINEAR LINEAR LINEAR LINEAR LINEAR LINEAR LINEAR LINEAR LINEAR LINEAR LINEAR
LINEAR LINEAR LINEAR LINEAR LINEAR LINEAR LINEAR LINEAR LINEAR LINEAR LINEAR LINEAR
LINEAR LINEAR</Name_array>
        <technique_common>
          <accessor source="#mixamorig_Spine1-Interpolations-array" count="25">
            <param type="name"/>
          </accessor>
        </technique_common>
      </source>
      <sampler id="mixamorig_Spine1-Matrix-animation-transform">
        <input semantic="INPUT" source="#mixamorig_Spine1-Matrix-animation-input"/>
        <input semantic="OUTPUT" source="#mixamorig_Spine1-Matrix-animation-output-transform"/>
        <input semantic="INTERPOLATION" source="#mixamorig_Spine1-Interpolations"/>
      </sampler>
      <channel source="#mixamorig_Spine1-Matrix-animation-transform" target="mixamorig_Spine1/matrix"/>
    </animation>
    <animation id="mixamorig_Spine2-anim" name="mixamorig_Spine2">
      <source id="mixamorig_Spine2-Matrix-animation-input">
        <float_array id="mixamorig_Spine2-Matrix-animation-input-array" count="25">

0.000000 0.033333 0.066667 0.100000 0.133333 0.166667 0.200000 0.233333 0.266667 0.300000 0.333333 0.366667 0.400000 0.433333 0.466667 0.500000
0.533333 0.566667 0.600000 0.633333 0.666667 0.700000 0.733333 0.766667 0.800000</float_array>
        <technique_common>
          <accessor source="#mixamorig_Spine2-Matrix-animation-input-array" count="25">
            <param name="TIME" type="float"/>
          </accessor>
        </technique_common>
      </source>
      <source id="mixamorig_Spine2-Matrix-animation-output-transform">
        <float_array id="mixamorig_Spine2-Matrix-animation-output-transform-array" count="400">

0.999351 0.023953 0.026917 0.000000 -0.020205 0.991069 -0.131810 14.178300 -0.029834 0.131180 0.990910 -0.000000 0.000000 0.000000 0.000000 1.000000
0.999764 0.015375 0.015336 0.000000 -0.013385 0.992397 -0.122344 14.178300 -0.017100 0.122110 0.992369 0.000000 0.000000 0.000000 0.000000 1.000000
0.999988 0.004715 -0.000906 0.000000 -0.004787 0.993745 -0.111567 14.178300 0.000374 0.111570 0.993757 0.000000 0.000000 0.000000 0.000000 1.000000
0.999765 -0.004543 -0.021194 -0.000000 0.002301 0.994510 -0.104613 14.178300 0.021553 0.104540 0.994287 0.000000 0.000000 0.000000 0.000000 1.000000
0.999347 -0.008208 -0.035189 0.000000 0.004579 0.994772 -0.102015 14.178300 0.035843 0.101787 0.994160 0.000000 0.000000 0.000000 0.000000 1.000000
0.999144 -0.012361 -0.039488 -0.000000 0.008014 0.994077 -0.108382 14.178300 0.040593 0.107973 0.993325 0.000000 0.000000 0.000000 0.000000 1.000000
0.999059 -0.015235 -0.040602 0.000000 0.010431 0.993194 -0.116001 14.178300 0.042093 0.115468 0.992419 0.000000 0.000000 0.000000 0.000000 1.000000
0.999083 -0.016899 -0.039350 0.000000 0.012059 0.992684 -0.120139 14.178300 0.041093 0.119554 0.991977 -0.000000 0.000000 0.000000 0.000000 1.000000
0.999135 -0.016995 -0.037949 0.000000 0.012389 0.992879 -0.118481 14.178300 0.039693 0.117908 0.992231 0.000000 0.000000 0.000000 0.000000 1.000000
0.999390 -0.018067 -0.029890 -0.000000 0.014312 0.992502 -0.121392 14.178300 0.031859 0.120890 0.992155 0.000000 0.000000 0.000000 0.000000 1.000000
0.999665 -0.022527 -0.012773 0.000000 0.020694 0.991435 -0.128952 14.178300 0.015568 0.128645 0.991569 -0.000000 0.000000 0.000000 0.000000 1.000000
0.999676 -0.023609 0.009565 -0.000000 0.024680 0.990647 -0.134197 14.178300 -0.006307 0.134390 0.990908 0.000000 0.000000 0.000000 0.000000 1.000000
0.999427 -0.018320 0.028455 0.000000 0.021971 0.990761 -0.133825 14.178300 -0.025740 0.134374 0.990596 -0.000000 0.000000 0.000000 0.000000 1.000000
0.998708 -0.009098 0.049992 -0.000000 0.015587 0.991262 -0.130985 14.178300 -0.048363 0.131595 0.990123 0.000000 0.000000 0.000000 0.000000 1.000000
0.997649 0.002825 0.068466 0.000000 0.006066 0.991587 -0.129296 14.178300 -0.068255 0.129408 0.989240 -0.000000 0.000000 0.000000 0.000000 1.000000
0.996562 0.013040 0.081823 0.000000 -0.002408 0.991679 -0.128716 14.178300 -0.082821 0.128076 0.988300 0.000000 0.000000 0.000000 0.000000 1.000000
0.996179 0.008486 0.086919 0.000000 0.003015 0.991332 -0.131348 14.178300 -0.087280 0.131108 0.987519 0.000000 0.000000 0.000000 0.000000 1.000000
0.996453 -0.004470 0.084035 -0.000000 0.015958 0.990507 -0.136532 14.178300 -0.082627 0.137389 0.987065 0.000000 0.000000 0.000000 0.000000 1.000000
0.996691 -0.011583 0.080460 0.000000 0.022963 0.989601 -0.141995 14.178300 -0.077979 0.143372 0.986592 0.000000 0.000000 0.000000 0.000000 1.000000
0.996927 -0.012454 0.077337 0.000000 0.023790 0.988786 -0.147434 14.178300 -0.074634 0.148821 0.986044 -0.000000 0.000000 0.000000 0.000000 1.000000
0.997471 -0.005604 0.070847 0.000000 0.016005 0.988992 -0.147101 14.178300 -0.069242 0.147863 0.986581 -0.000000 0.000000 0.000000 0.000000 1.000000
0.998089 0.008370 0.061218 0.000000 0.000466 0.989735 -0.142916 14.178300 -0.061786 0.142671 0.987840 -0.000000 0.000000 0.000000 0.000000 1.000000
0.998427 0.018115 0.053057 0.000000 -0.010354 0.989661 -0.143050 14.178300 -0.055100 0.142275 0.988292 0.000000 0.000000 0.000000 0.000000 1.000000
0.998745 0.024618 0.043622 0.000000 -0.018301 0.990026 -0.139692 14.178300 -0.046626 0.138718 0.989234 0.000000 0.000000 0.000000 0.000000 1.000000
0.999351 0.023953 0.026917 0.000000 -0.020205 0.991069 -0.131809 14.178300 -0.029834 0.131180 0.990910 0.000000 0.000000 0.000000 0.000000 1.000000</float_array>
        <technique_common>
          <accessor source="#mixamorig_Spine2-Matrix-animation-output-transform-array" count="25" stride="16">
            <param type="float4x4"/>
          </accessor>
        </technique_common>
      </source>
      <source id="mixamorig_Spine2-Interpolations">
        <Name_array id="mixamorig_Spine2-Interpolations-array" count="25">
 LINEAR LINEAR LINEAR LINEAR LINEAR LINEAR LINEAR LINEAR LINEAR LINEAR LINEAR
LINEAR LINEAR LINEAR LINEAR LINEAR LINEAR LINEAR LINEAR LINEAR LINEAR LINEAR LINEAR
LINEAR LINEAR</Name_array>
        <technique_common>
          <accessor source="#mixamorig_Spine2-Interpolations-array" count="25">
            <param type="name"/>
          </accessor>
        </technique_common>
      </source>
      <sampler id="mixamorig_Spine2-Matrix-animation-transform">
        <input semantic="INPUT" source="#mixamorig_Spine2-Matrix-animation-input"/>
        <input semantic="OUTPUT" source="#mixamorig_Spine2-Matrix-animation-output-transform"/>
        <input semantic="INTERPOLATION" source="#mixamorig_Spine2-Interpolations"/>
      </sampler>
      <channel source="#mixamorig_Spine2-Matrix-animation-transform" target="mixamorig_Spine2/matrix"/>
    </animation>
    <animation id="mixamorig_Neck-anim" name="mixamorig_Neck">
      <source id="mixamorig_Neck-Matrix-animation-input">
        <float_array id="mixamorig_Neck-Matrix-animation-input-array" count="25">

0.000000 0.033333 0.066667 0.100000 0.133333 0.166667 0.200000 0.233333 0.266667 0.300000 0.333333 0.366667 0.400000 0.433333 0.466667 0.500000
0.533333 0.566667 0.600000 0.633333 0.666667 0.700000 0.733333 0.766667 0.800000</float_array>
        <technique_common>
          <accessor source="#mixamorig_Neck-Matrix-animation-input-array" count="25">
            <param name="TIME" type="float"/>
          </accessor>
        </technique_common>
      </source>
      <source id="mixamorig_Neck-Matrix-animation-output-transform">
        <float_array id="mixamorig_Neck-Matrix-animation-output-transform-array" count="400">

0.967283 -0.073676 -0.242766 0.024400 0.080854 0.996531 0.019723 15.862300 0.240471 -0.038707 0.969884 -1.675800 0.000000 0.000000 0.000000 1.000000
0.968036 -0.073082 -0.239926 0.024400 0.079400 0.996702 0.016761 15.862300 0.237910 -0.035275 0.970646 -1.675800 0.000000 0.000000 0.000000 1.000000
0.968889 -0.073019 -0.236481 0.024400 0.078510 0.996817 0.013875 15.862300 0.234715 -0.032009 0.971537 -1.675800 0.000000 0.000000 0.000000 1.000000
0.969582 -0.074548 -0.233136 0.024400 0.080237 0.996663 0.015002 15.862300 0.231240 -0.033252 0.972328 -1.675800 0.000000 0.000000 0.000000 1.000000
0.969941 -0.077100 -0.230802 0.024400 0.083744 0.996304 0.019116 15.862300 0.228475 -0.037870 0.972813 -1.675800 0.000000 0.000000 0.000000 1.000000
0.970006 -0.079205 -0.229815 0.024400 0.086359 0.996038 0.021224 15.862300 0.227224 -0.040434 0.973003 -1.675800 0.000000 0.000000 0.000000 1.000000
0.969686 -0.082772 -0.229907 0.024400 0.089496 0.995807 0.018956 15.862300 0.227374 -0.038957 0.973028 -1.675800 0.000000 0.000000 0.000000 1.000000
0.969415 -0.085168 -0.230176 0.024400 0.090954 0.995748 0.014625 15.862300 0.227952 -0.035113 0.973039 -1.675800 0.000000 0.000000 0.000000 1.000000
0.968967 -0.088021 -0.230989 0.024400 0.093321 0.995563 0.012096 15.862300 0.228899 -0.033277 0.972881 -1.675800 0.000000 0.000000 0.000000 1.000000
0.968548 -0.088264 -0.232645 0.024400 0.093784 0.995511 0.012749 15.862300 0.230476 -0.034166 0.972478 -1.675800 0.000000 0.000000 0.000000 1.000000
0.968244 -0.085858 -0.234800 0.024400 0.091783 0.995675 0.014403 15.862300 0.232548 -0.035496 0.971937 -1.675800 0.000000 0.000000 0.000000 1.000000
0.967807 -0.084257 -0.237170 0.024400 0.090267 0.995811 0.014574 15.862300 0.234948 -0.035514 0.971359 -1.675800 0.000000 0.000000 0.000000 1.000000
0.967294 -0.086914 -0.238304 0.024400 0.092364 0.995656 0.011775 15.862300 0.236246 -0.033401 0.971119 -1.675800 0.000000 0.000000 0.000000 1.000000
0.966674 -0.090077 -0.239639 0.024400 0.094971 0.995440 0.008928 15.862300 0.237742 -0.031389 0.970821 -1.675800 0.000000 0.000000 0.000000 1.000000
0.966228 -0.090433 -0.241301 0.024400 0.095341 0.995407 0.008717 15.862300 0.239404 -0.031428 0.970411 -1.675800 0.000000 0.000000 0.000000 1.000000
0.965934 -0.090116 -0.242591 0.024400 0.095930 0.995313 0.012236 15.862300 0.240352 -0.035091 0.970051 -1.675800 0.000000 0.000000 0.000000 1.000000
0.965937 -0.088263 -0.243261 0.024400 0.094702 0.995394 0.014879 15.862300 0.240827 -0.037410 0.969847 -1.675800 0.000000 0.000000 0.000000 1.000000
0.965714 -0.088978 -0.243884 0.024400 0.094908 0.995406 0.012647 15.862300 0.241638 -0.035360 0.969722 -1.675800 0.000000 0.000000 0.000000 1.000000
0.965544 -0.088661 -0.244672 0.024400 0.093518 0.995583 0.008282 15.862300 0.242857 -0.030878 0.969571 -1.675800 0.000000 0.000000 0.000000 1.000000
0.965550 -0.086688 -0.245355 0.024400 0.090904 0.995842 0.005887 15.862300 0.243824 -0.027988 0.969415 -1.675800 0.000000 0.000000 0.000000 1.000000
0.965668 -0.085327 -0.245368 0.024400 0.089290 0.995993 0.005049 15.862300 0.243954 -0.026785 0.969417 -1.675800 0.000000 0.000000 0.000000 1.000000
0.965670 -0.086876 -0.244813 0.024400 0.090663 0.995873 0.004221 15.862300 0.243436 -0.026271 0.969561 -1.675800 0.000000 0.000000 0.000000 1.000000
0.966785 -0.078857 -0.243123 0.024400 0.083111 0.996514 0.007274 15.862300 0.241702 -0.027238 0.969968 -1.675800 0.000000 0.000000 0.000000 1.000000
0.967203 -0.074382 -0.242871 0.024400 0.080143 0.996686 0.013914 15.862300 0.241031 -0.032922 0.969959 -1.675800 0.000000 0.000000 0.000000 1.000000
0.967296 -0.073687 -0.242712 0.024400 0.080864 0.996530 0.019728 15.862300 0.240416 -0.038710 0.969898 -1.675800 0.000000 0.000000 0.000000 1.000000</float_array>
        <technique_common>
          <accessor source="#mixamorig_Neck-Matrix-animation-output-transform-array" count="25" stride="16">
            <param type="float4x4"/>
          </accessor>
        </technique_common>
      </source>
      <source id="mixamorig_Neck-Interpolations">
        <Name_array id="mixamorig_Neck-Interpolations-array" count="25">
 LINEAR LINEAR LINEAR LINEAR LINEAR LINEAR LINEAR LINEAR LINEAR LINEAR LINEAR
LINEAR LINEAR LINEAR LINEAR LINEAR LINEAR LINEAR LINEAR LINEAR LINEAR LINEAR LINEAR
LINEAR LINEAR</Name_array>
        <technique_common>
          <accessor source="#mixamorig_Neck-Interpolations-array" count="25">
            <param type="name"/>
          </accessor>
        </technique_common>
      </source>
      <sampler id="mixamorig_Neck-Matrix-animation-transform">
        <input semantic="INPUT" source="#mixamorig_Neck-Matrix-animation-input"/>
        <input semantic="OUTPUT" source="#mixamorig_Neck-Matrix-animation-output-transform"/>
        <input semantic="INTERPOLATION" source="#mixamorig_Neck-Interpolations"/>
      </sampler>
      <channel source="#mixamorig_Neck-Matrix-animation-transform" target="mixamorig_Neck/matrix"/>
    </animation>
    <animation id="mixamorig_Head-anim" name="mixamorig_Head">
      <source id="mixamorig_Head-Matrix-animation-input">
        <float_array id="mixamorig_Head-Matrix-animation-input-array" count="25">

0.000000 0.033333 0.066667 0.100000 0.133333 0.166667 0.200000 0.233333 0.266667 0.300000 0.333333 0.366667 0.400000 0.433333 0.466667 0.500000
0.533333 0.566667 0.600000 0.633333 0.666667 0.700000 0.733333 0.766667 0.800000</float_array>
        <technique_common>
          <accessor source="#mixamorig_Head-Matrix-animation-input-array" count="25">
            <param name="TIME" type="float"/>
          </accessor>
        </technique_common>
      </source>
      <source id="mixamorig_Head-Matrix-animation-output-transform">
        <float_array id="mixamorig_Head-Matrix-animation-output-transform-array" count="400">

0.922829 -0.028313 0.384169 0.000000 -0.100984 0.944635 0.312196 5.564000 -0.371739 -0.326898 0.868877 0.988100 0.000000 0.000000 0.000000 1.000000
0.913805 -0.026221 0.405305 0.000000 -0.100861 0.952004 0.288992 5.564000 -0.393430 -0.304962 0.867301 0.988100 0.000000 0.000000 0.000000 1.000000
0.897497 -0.006264 0.440977 0.000000 -0.114012 0.962613 0.245716 5.564000 -0.426030 -0.270806 0.863228 0.988100 0.000000 0.000000 0.000000 1.000000
0.878755 0.008982 0.477189 -0.000000 -0.134278 0.964090 0.229129 5.564000 -0.457995 -0.265424 0.848405 0.988100 0.000000 0.000000 0.000000 1.000000
0.865601 0.016966 0.500447 0.000000 -0.152205 0.961051 0.230682 5.564000 -0.477042 -0.275849 0.834469 0.988100 0.000000 0.000000 0.000000 1.000000
0.861556 0.028209 0.506878 0.000000 -0.166836 0.958731 0.230221 5.564000 -0.479465 -0.282913 0.830706 0.988100 0.000000 0.000000 0.000000 1.000000
0.862994 0.037485 0.503821 0.000000 -0.171514 0.959755 0.222379 5.564000 -0.475209 -0.278325 0.834693 0.988100 0.000000 0.000000 0.000000 1.000000
0.867200 0.045379 0.495887 0.000000 -0.176915 0.958948 0.221632 5.564000 -0.465472 -0.279929 0.839628 0.988100 0.000000 0.000000 0.000000 1.000000
0.875441 0.050190 0.480713 0.000000 -0.175786 0.959543 0.219946 5.564000 -0.450225 -0.277052 0.848846 0.988100 0.000000 0.000000 0.000000 1.000000
0.890927 0.064452 0.449550 0.000000 -0.184032 0.956200 0.227628 5.564000 -0.415188 -0.285532 0.863765 0.988100 0.000000 0.000000 0.000000 1.000000
0.911433 0.078685 0.403855 0.000000 -0.198535 0.943820 0.264172 5.564000 -0.360380 -0.320954 0.875851 0.988100 0.000000 0.000000 0.000000 1.000000
0.931127 0.086535 0.354281 0.000000 -0.196132 0.937818 0.286409 5.564000 -0.307467 -0.336168 0.890199 0.988100 0.000000 0.000000 0.000000 1.000000
0.938858 0.094669 0.331034 0.000000 -0.190194 0.944050 0.269436 5.564000 -0.287006 -0.315923 0.904334 0.988100 0.000000 0.000000 0.000000 1.000000
0.949121 0.091708 0.301263 0.000000 -0.172622 0.951635 0.254149 5.564000 -0.263385 -0.293223 0.919048 0.988100 0.000000 0.000000 0.000000 1.000000
0.966202 0.075783 0.246396 0.000000 -0.140455 0.956240 0.256666 5.564000 -0.216162 -0.282599 0.934565 0.988100 0.000000 0.000000 0.000000 1.000000
0.977192 0.061992 0.203110 0.000000 -0.112938 0.961678 0.249841 5.564000 -0.179838 -0.267082 0.946745 0.988100 0.000000 0.000000 0.000000 1.000000
0.980100 0.050865 0.191878 0.000000 -0.094438 0.969695 0.225328 5.564000 -0.174602 -0.238965 0.955202 0.988100 0.000000 0.000000 0.000000 1.000000
0.978534 0.041737 0.201813 0.000000 -0.085866 0.972798 0.215155 5.564000 -0.187343 -0.227865 0.955500 0.988100 0.000000 0.000000 0.000000 1.000000
0.976395 0.033092 0.213441 0.000000 -0.081774 0.971270 0.223492 5.564000 -0.199912 -0.235670 0.951049 0.988100 0.000000 0.000000 0.000000 1.000000
0.973996 0.020061 0.225676 -0.000000 -0.074642 0.968877 0.236020 5.564000 -0.213917 -0.246727 0.945180 0.988100 0.000000 0.000000 0.000000 1.000000
0.967311 0.007430 0.253484 0.000000 -0.071170 0.967354 0.243232 5.564000 -0.243402 -0.253321 0.936261 0.988100 0.000000 0.000000 0.000000 1.000000
0.955172 -0.011958 0.295811 0.000000 -0.070502 0.961250 0.266511 5.564000 -0.287535 -0.275419 0.917315 0.988100 0.000000 0.000000 0.000000 1.000000
0.942346 -0.004159 0.334616 0.000000 -0.100719 0.950033 0.295453 5.564000 -0.319125 -0.312121 0.894841 0.988100 0.000000 0.000000 0.000000 1.000000
0.933421 -0.010718 0.358623 -0.000000 -0.109902 0.942963 0.314233 5.564000 -0.341536 -0.332725 0.879003 0.988100 0.000000 0.000000 0.000000 1.000000
0.922803 -0.028350 0.384228 -0.000000 -0.101021 0.944591 0.312317 5.564000 -0.371793 -0.327022 0.868807 0.988100 0.000000 0.000000 0.000000 1.000000</float_array>
        <technique_common>
          <accessor source="#mixamorig_Head-Matrix-animation-output-transform-array" count="25" stride="16">
            <param type="float4x4"/>
          </accessor>
        </technique_common>
      </source>
      <source id="mixamorig_Head-Interpolations">
        <Name_array id="mixamorig_Head-Interpolations-array" count="25">
 LINEAR LINEAR LINEAR LINEAR LINEAR LINEAR LINEAR LINEAR LINEAR LINEAR LINEAR
LINEAR LINEAR LINEAR LINEAR LINEAR LINEAR LINEAR LINEAR LINEAR LINEAR LINEAR LINEAR
LINEAR LINEAR</Name_array>
        <technique_common>
          <accessor source="#mixamorig_Head-Interpolations-array" count="25">
            <param type="name"/>
          </accessor>
        </technique_common>
      </source>
      <sampler id="mixamorig_Head-Matrix-animation-transform">
        <input semantic="INPUT" source="#mixamorig_Head-Matrix-animation-input"/>
        <input semantic="OUTPUT" source="#mixamorig_Head-Matrix-animation-output-transform"/>
        <input semantic="INTERPOLATION" source="#mixamorig_Head-Interpolations"/>
      </sampler>
      <channel source="#mixamorig_Head-Matrix-animation-transform" target="mixamorig_Head/matrix"/>
    </animation>
    <animation id="mixamorig_LeftShoulder-anim" name="mixamorig_LeftShoulder">
      <source id="mixamorig_LeftShoulder-Matrix-animation-input">
        <float_array id="mixamorig_LeftShoulder-Matrix-animation-input-array" count="25">

0.000000 0.033333 0.066667 0.100000 0.133333 0.166667 0.200000 0.233333 0.266667 0.300000 0.333333 0.366667 0.400000 0.433333 0.466667 0.500000
0.533333 0.566667 0.600000 0.633333 0.666667 0.700000 0.733333 0.766667 0.800000</float_array>
        <technique_common>
          <accessor source="#mixamorig_LeftShoulder-Matrix-animation-input-array" count="25">
            <param name="TIME" type="float"/>
          </accessor>
        </technique_common>
      </source>
      <source id="mixamorig_LeftShoulder-Matrix-animation-output-transform">
        <float_array id="mixamorig_LeftShoulder-Matrix-animation-output-transform-array" count="400">

-0.085871 0.977440 -0.192972 5.935000 0.054104 -0.188826 -0.980519 13.670200 -0.994836 -0.094639 -0.036669 -1.662600 0.000000 0.000000 0.000000 1.000000
-0.063823 0.976025 -0.208090 5.935000 0.050457 -0.205092 -0.977441 13.670200 -0.996685 -0.072883 -0.036158 -1.662600 0.000000 0.000000 0.000000 1.000000
-0.048743 0.976971 -0.207730 5.935000 0.047014 -0.205502 -0.977527 13.670200 -0.997704 -0.057414 -0.035915 -1.662600 0.000000 0.000000 0.000000 1.000000
-0.037236 0.981497 -0.187823 5.935000 0.043080 -0.186202 -0.981566 13.670200 -0.998377 -0.044641 -0.035350 -1.662600 0.000000 0.000000 0.000000 1.000000
-0.042852 0.983550 -0.175479 5.935000 0.040261 -0.173798 -0.983958 13.670200 -0.998270 -0.049229 -0.032151 -1.662600 0.000000 0.000000 0.000000 1.000000
-0.044241 0.981238 -0.187656 5.935000 0.038648 -0.186018 -0.981786 13.670200 -0.998273 -0.050688 -0.029693 -1.662600 0.000000 0.000000 0.000000 1.000000
-0.033191 0.979926 -0.196577 5.935000 0.037842 -0.195313 -0.980011 13.670200 -0.998732 -0.039967 -0.030600 -1.662600 0.000000 0.000000 0.000000 1.000000
-0.022970 0.978547 -0.204738 5.935000 0.039369 -0.203748 -0.978231 13.670200 -0.998961 -0.030530 -0.033845 -1.662600 0.000000 0.000000 0.000000 1.000000
-0.030647 0.977498 -0.208705 5.935000 0.042216 -0.207351 -0.977355 13.670200 -0.998638 -0.038764 -0.034911 -1.662600 0.000000 0.000000 0.000000 1.000000
-0.032642 0.976323 -0.213839 5.935000 0.044906 -0.212304 -0.976171 13.670200 -0.998458 -0.041467 -0.036913 -1.662600 0.000000 0.000000 0.000000 1.000000
-0.019296 0.966788 -0.254849 5.935000 0.040010 -0.253945 -0.966391 13.670200 -0.999013 -0.028844 -0.033781 -1.662600 0.000000 0.000000 0.000000 1.000000
-0.014679 0.949498 -0.313429 5.935000 0.029181 -0.312922 -0.949330 13.670200 -0.999466 -0.023082 -0.023113 -1.662600 0.000000 0.000000 0.000000 1.000000
-0.048748 0.946136 -0.320078 5.935000 0.030741 -0.318886 -0.947294 13.670200 -0.998338 -0.056018 -0.013540 -1.662600 0.000000 0.000000 0.000000 1.000000
-0.095978 0.955311 -0.279587 5.935000 0.036446 -0.277322 -0.960085 13.670200 -0.994716 -0.102337 -0.008201 -1.662600 0.000000 0.000000 0.000000 1.000000
-0.127474 0.964474 -0.231388 5.935000 0.035338 -0.228727 -0.972849 13.670200 -0.991212 -0.132190 -0.004926 -1.662600 0.000000 0.000000 0.000000 1.000000
-0.152360 0.970744 -0.185586 5.935000 0.030603 -0.183054 -0.982626 13.670200 -0.987851 -0.155393 -0.001817 -1.662600 0.000000 0.000000 0.000000 1.000000
-0.163081 0.974447 -0.154462 5.935000 0.023431 -0.152688 -0.987997 13.670200 -0.986334 -0.164743 0.002069 -1.662600 0.000000 0.000000 0.000000 1.000000
-0.173233 0.975274 -0.137227 5.935000 0.017168 -0.136322 -0.990516 13.670200 -0.984731 -0.173946 0.006872 -1.662600 0.000000 0.000000 0.000000 1.000000
-0.177692 0.975056 -0.133009 5.935000 0.014370 -0.132574 -0.991069 13.670200 -0.983981 -0.178016 0.009546 -1.662600 0.000000 0.000000 0.000000 1.000000
-0.171819 0.977097 -0.125536 5.935000 0.015045 -0.124813 -0.992066 13.670200 -0.985014 -0.172345 0.006745 -1.662600 0.000000 0.000000 0.000000 1.000000
-0.167614 0.978603 -0.119337 5.935000 0.019025 -0.117816 -0.992853 13.670200 -0.985669 -0.168687 0.001130 -1.662600 0.000000 0.000000 0.000000 1.000000
-0.160482 0.981436 -0.105021 5.935000 0.024217 -0.102453 -0.994443 13.670200 -0.986742 -0.162133 -0.007326 -1.662600 0.000000 0.000000 0.000000 1.000000
-0.131039 0.977445 -0.165618 5.935000 0.039292 -0.161807 -0.986040 13.670200 -0.990598 -0.135717 -0.017203 -1.662600 0.000000 0.000000 0.000000 1.000000
-0.097815 0.976988 -0.189542 5.935000 0.048221 -0.185579 -0.981446 13.670200 -0.994036 -0.105140 -0.028959 -1.662600 0.000000 0.000000 0.000000 1.000000
-0.085871 0.977440 -0.192970 5.935000 0.054105 -0.188825 -0.980519 13.670200 -0.994836 -0.094639 -0.036669 -1.662600 0.000000 0.000000 0.000000 1.000000</float_array>
        <technique_common>
