<?xml version="1.0" encoding="utf-8"?>
<COLLADA xmlns="http://www.collada.org/2005/11/COLLADASchema" version="1.4.1">
  <asset>
    <contributor>
      <author>Mixamo</author>
      <authoring_tool>COLLADA Mixamo exporter</authoring_tool>
      <comments/>
    </contributor>
    <created>2023-08-01T21:47:01Z</created>
    <modified>2023-08-01T21:47:01Z</modified>
    <revision/>
    <title/>
    <unit meter="0.010000"/>
    <up_axis>Y_UP</up_axis>
  </asset>
  <library_animations>
    <animation id="mixamorig_Hips-anim" name="mixamorig_Hips">
      <source id="mixamorig_Hips-Matrix-animation-input">
        <float_array id="mixamorig_Hips-Matrix-animation-input-array" count="23">

0.000000 0.033333 0.066667 0.100000 0.133333 0.166667 0.200000 0.233333 0.266667 0.300000 0.333333 0.366667 0.400000 0.433333 0.466667 0.500000
0.533333 0.566667 0.600000 0.633333 0.666667 0.700000 0.733333</float_array>
        <technique_common>
          <accessor source="#mixamorig_Hips-Matrix-animation-input-array" count="23">
            <param name="TIME" type="float"/>
          </accessor>
        </technique_common>
      </source>
      <source id="mixamorig_Hips-Matrix-animation-output-transform">
        <float_array id="mixamorig_Hips-Matrix-animation-output-transform-array" count="368">

0.977056 -0.008132 -0.212829 -0.337784 0.018081 0.998830 0.044841 87.198410 0.212215 -0.047661 0.976060 0.671921 0.000000 0.000000 0.000000 1.000000
0.965474 -0.007882 -0.260380 0.207249 0.019989 0.998837 0.043883 86.916763 0.259731 -0.047573 0.964508 0.971593 0.000000 0.000000 0.000000 1.000000
0.955678 -0.008337 -0.294296 0.648984 0.020026 0.999125 0.036727 87.328606 0.293732 -0.040993 0.955008 1.424678 0.000000 0.000000 0.000000 1.000000
0.951870 -0.006855 -0.306426 0.774675 0.017574 0.999326 0.032236 88.309158 0.305998 -0.036070 0.951349 2.198431 0.000000 0.000000 0.000000 1.000000
0.954699 -0.008262 -0.297459 0.559407 0.018479 0.999331 0.031554 90.110558 0.296999 -0.035621 0.954213 3.062531 0.000000 0.000000 0.000000 1.000000
0.961738 -0.024504 -0.272874 -0.165443 0.027423 0.999600 0.006889 92.387680 0.272596 -0.014108 0.962025 3.383088 0.000000 0.000000 0.000000 1.000000
0.968819 -0.040868 -0.244374 -0.829054 0.036518 0.999084 -0.022304 93.853622 0.245062 0.012685 0.969424 3.626806 0.000000 0.000000 0.000000 1.000000
0.973496 -0.052129 -0.222686 -1.448278 0.043793 0.998148 -0.042212 94.400360 0.224474 0.031341 0.973976 3.770237 0.000000 0.000000 0.000000 1.000000
0.970470 -0.069979 -0.230847 -2.255681 0.060063 0.996956 -0.049715 93.662979 0.233623 0.034382 0.971719 3.516925 0.000000 0.000000 0.000000 1.000000
0.966084 -0.086707 -0.243237 -2.692719 0.074975 0.995549 -0.057100 91.527863 0.247105 0.036927 0.968285 3.272154 0.000000 0.000000 0.000000 1.000000
0.966468 -0.092928 -0.239383 -3.062968 0.083150 0.995249 -0.050649 88.734756 0.242952 0.029046 0.969603 2.784191 0.000000 0.000000 0.000000 1.000000
0.968802 -0.089778 -0.231003 -3.524111 0.084076 0.995864 -0.034428 86.435524 0.233139 0.013932 0.972344 1.987914 0.000000 0.000000 0.000000 1.000000
0.973125 -0.086863 -0.213267 -3.800150 0.087737 0.996129 -0.005379 85.513512 0.212909 -0.013477 0.976979 1.792715 0.000000 0.000000 0.000000 1.000000
0.980595 -0.083270 -0.177481 -3.740906 0.087666 0.996004 0.017056 86.191406 0.175351 -0.032284 0.983976 2.360454 0.000000 0.000000 0.000000 1.000000
0.987298 -0.072083 -0.141585 -3.344347 0.076612 0.996701 0.026793 88.381577 0.139186 -0.037300 0.989563 3.227133 0.000000 0.000000 0.000000 1.000000
0.994658 -0.053583 -0.088225 -2.939934 0.055325 0.998317 0.017412 91.604660 0.087144 -0.022200 0.995948 3.883987 0.000000 0.000000 0.000000 1.000000
0.999557 -0.029768 -0.000802 -2.560489 0.029770 0.999554 0.002423 94.562592 0.000729 -0.002446 0.999997 4.418890 0.000000 0.000000 0.000000 1.000000
0.999999 -0.001028 0.001317 -1.809157 0.001049 0.999867 -0.016249 96.031708 -0.001300 0.016251 0.999867 4.258574 0.000000 0.000000 0.000000 1.000000
0.998686 0.038552 -0.033760 -0.998549 -0.039492 0.998838 -0.027620 96.170311 0.032656 0.028917 0.999048 3.936480 0.000000 0.000000 0.000000 1.000000
0.994327 0.066083 -0.083350 -0.495959 -0.068079 0.997452 -0.021345 95.390213 0.081727 0.026898 0.996292 3.280035 0.000000 0.000000 0.000000 1.000000
0.989240 0.060744 -0.133092 -0.368183 -0.061831 0.998078 -0.004051 93.484924 0.132590 0.012237 0.991095 2.405871 0.000000 0.000000 0.000000 1.000000
0.984853 0.035173 -0.169786 -0.221973 -0.032663 0.999312 0.017549 90.712906 0.170287 -0.011737 0.985325 1.654151 0.000000 0.000000 0.000000 1.000000
0.977056 -0.008132 -0.212829 -0.337784 0.018081 0.998830 0.044841 87.198402 0.212215 -0.047661 0.976060 0.671921 0.000000 0.000000 0.000000 1.000000</float_array>
        <technique_common>
          <accessor source="#mixamorig_Hips-Matrix-animation-output-transform-array" count="23" stride="16">
            <param type="float4x4"/>
          </accessor>
        </technique_common>
      </source>
      <source id="mixamorig_Hips-Interpolations">
        <Name_array id="mixamorig_Hips-Interpolations-array" count="23">
 LINEAR LINEAR LINEAR LINEAR LINEAR LINEAR LINEAR LINEAR LINEAR LINEAR LINEAR
LINEAR LINEAR LINEAR LINEAR LINEAR LINEAR LINEAR LINEAR LINEAR LINEAR LINEAR LINEAR</Name_array>
        <technique_common>
          <accessor source="#mixamorig_Hips-Interpolations-array" count="23">
            <param type="name"/>
          </accessor>
        </technique_common>
      </source>
      <sampler id="mixamorig_Hips-Matrix-animation-transform">
        <input semantic="INPUT" source="#mixamorig_Hips-Matrix-animation-input"/>
        <input semantic="OUTPUT" source="#mixamorig_Hips-Matrix-animation-output-transform"/>
        <input semantic="INTERPOLATION" source="#mixamorig_Hips-Interpolations"/>
      </sampler>
      <channel source="#mixamorig_Hips-Matrix-animation-transform" target="mixamorig_Hips/matrix"/>
    </animation>
    <animation id="mixamorig_Spine-anim" name="mixamorig_Spine">
      <source id="mixamorig_Spine-Matrix-animation-input">
        <float_array id="mixamorig_Spine-Matrix-animation-input-array" count="23">

0.000000 0.033333 0.066667 0.100000 0.133333 0.166667 0.200000 0.233333 0.266667 0.300000 0.333333 0.366667 0.400000 0.433333 0.466667 0.500000
0.533333 0.566667 0.600000 0.633333 0.666667 0.700000 0.733333</float_array>
        <technique_common>
          <accessor source="#mixamorig_Spine-Matrix-animation-input-array" count="23">
            <param name="TIME" type="float"/>
          </accessor>
        </technique_common>
      </source>
      <source id="mixamorig_Spine-Matrix-animation-output-transform">
        <float_array id="mixamorig_Spine-Matrix-animation-output-transform-array" count="368">

0.990956 -0.009923 -0.133818 0.017300 0.007963 0.999853 -0.015179 10.574800 0.133949 0.013977 0.990890 -1.117200 0.000000 0.000000 0.000000 1.000000
0.995597 -0.006381 -0.093519 0.017300 0.004615 0.999807 -0.019086 10.574800 0.093622 0.018570 0.995435 -1.117200 0.000000 0.000000 0.000000 1.000000
0.998402 -0.015784 -0.054258 0.017300 0.014953 0.999765 -0.015686 10.574800 0.054493 0.014850 0.998404 -1.117200 0.000000 0.000000 0.000000 1.000000
0.999060 -0.029141 -0.032082 0.017300 0.029016 0.999569 -0.004354 10.574800 0.032195 0.003419 0.999476 -1.117200 0.000000 0.000000 0.000000 1.000000
0.999199 -0.036358 -0.016746 0.017300 0.036517 0.999290 0.009299 10.574800 0.016396 -0.009903 0.999817 -1.117200 0.000000 0.000000 0.000000 1.000000
0.999260 -0.038359 0.002896 0.017300 0.038246 0.998753 0.032089 10.574800 -0.004123 -0.031954 0.999481 -1.117200 0.000000 0.000000 0.000000 1.000000
0.998849 -0.043313 0.020607 0.017300 0.042109 0.997562 0.055648 10.574800 -0.022967 -0.054716 0.998238 -1.117200 0.000000 0.000000 0.000000 1.000000
0.998590 -0.041600 0.032982 0.017300 0.039384 0.997094 0.065209 10.574800 -0.035599 -0.063819 0.997326 -1.117200 0.000000 0.000000 0.000000 1.000000
0.998576 -0.029166 0.044677 0.017300 0.026308 0.997649 0.063273 10.574800 -0.046418 -0.062007 0.996996 -1.117200 0.000000 0.000000 0.000000 1.000000
0.998372 -0.020792 0.053122 0.017300 0.017722 0.998181 0.057621 10.574800 -0.054223 -0.056586 0.996924 -1.117200 0.000000 0.000000 0.000000 1.000000
0.998992 -0.012450 0.043136 0.017300 0.010801 0.999210 0.038252 10.574800 -0.043578 -0.037748 0.998337 -1.117200 0.000000 0.000000 0.000000 1.000000
0.999860 0.002675 0.016520 0.017300 -0.002743 0.999988 0.004070 10.574800 -0.016509 -0.004114 0.999855 -1.117200 0.000000 0.000000 0.000000 1.000000
0.999513 0.021072 -0.023028 0.017300 -0.021786 0.999276 -0.031192 10.574800 0.022354 0.031678 0.999248 -1.117200 0.000000 0.000000 0.000000 1.000000
0.997606 0.024872 -0.064532 0.017300 -0.027425 0.998864 -0.038981 10.574800 0.063490 0.040657 0.997154 -1.117200 0.000000 0.000000 0.000000 1.000000
0.996311 0.007913 -0.085450 0.017300 -0.009547 0.999779 -0.018735 10.574800 0.085283 0.019481 0.996166 -1.117200 0.000000 0.000000 0.000000 1.000000
0.992306 -0.010702 -0.123348 0.017300 0.012531 0.999823 0.014063 10.574800 0.123175 -0.015500 0.992264 -1.117200 0.000000 0.000000 0.000000 1.000000
0.983027 -0.027774 -0.181344 0.017300 0.035969 0.998467 0.042060 10.574800 0.179898 -0.047869 0.982520 -1.117200 0.000000 0.000000 0.000000 1.000000
0.979729 -0.053035 -0.193180 0.017300 0.064768 0.996387 0.054934 10.574800 0.189569 -0.066332 0.979624 -1.117200 0.000000 0.000000 0.000000 1.000000
0.978951 -0.084335 -0.185857 0.017300 0.096098 0.993840 0.055205 10.574800 0.180057 -0.071903 0.981025 -1.117200 0.000000 0.000000 0.000000 1.000000
0.980441 -0.094329 -0.172733 0.017300 0.102858 0.993847 0.041086 10.574800 0.167794 -0.058049 0.984111 -1.117200 0.000000 0.000000 0.000000 1.000000
0.983415 -0.080866 -0.162344 0.017300 0.086263 0.995921 0.026465 10.574800 0.159542 -0.040031 0.986379 -1.117200 0.000000 0.000000 0.000000 1.000000
0.986798 -0.053731 -0.152781 0.017300 0.055881 0.998389 0.009811 10.574800 0.152008 -0.018219 0.988211 -1.117200 0.000000 0.000000 0.000000 1.000000
0.990956 -0.009923 -0.133818 0.017300 0.007963 0.999853 -0.015179 10.574800 0.133949 0.013977 0.990890 -1.117200 0.000000 0.000000 0.000000 1.000000</float_array>
        <technique_common>
          <accessor source="#mixamorig_Spine-Matrix-animation-output-transform-array" count="23" stride="16">
            <param type="float4x4"/>
          </accessor>
        </technique_common>
      </source>
      <source id="mixamorig_Spine-Interpolations">
        <Name_array id="mixamorig_Spine-Interpolations-array" count="23">
 LINEAR LINEAR LINEAR LINEAR LINEAR LINEAR LINEAR LINEAR LINEAR LINEAR LINEAR
LINEAR LINEAR LINEAR LINEAR LINEAR LINEAR LINEAR LINEAR LINEAR LINEAR LINEAR LINEAR</Name_array>
        <technique_common>
          <accessor source="#mixamorig_Spine-Interpolations-array" count="23">
            <param type="name"/>
          </accessor>
        </technique_common>
      </source>
      <sampler id="mixamorig_Spine-Matrix-animation-transform">
        <input semantic="INPUT" source="#mixamorig_Spine-Matrix-animation-input"/>
        <input semantic="OUTPUT" source="#mixamorig_Spine-Matrix-animation-output-transform"/>
        <input semantic="INTERPOLATION" source="#mixamorig_Spine-Interpolations"/>
      </sampler>
      <channel source="#mixamorig_Spine-Matrix-animation-transform" target="mixamorig_Spine/matrix"/>
    </animation>
    <animation id="mixamorig_Spine1-anim" name="mixamorig_Spine1">
      <source id="mixamorig_Spine1-Matrix-animation-input">
        <float_array id="mixamorig_Spine1-Matrix-animation-input-array" count="23">

0.000000 0.033333 0.066667 0.100000 0.133333 0.166667 0.200000 0.233333 0.266667 0.300000 0.333333 0.366667 0.400000 0.433333 0.466667 0.500000
0.533333 0.566667 0.600000 0.633333 0.666667 0.700000 0.733333</float_array>
        <technique_common>
          <accessor source="#mixamorig_Spine1-Matrix-animation-input-array" count="23">
            <param name="TIME" type="float"/>
          </accessor>
        </technique_common>
      </source>
      <source id="mixamorig_Spine1-Matrix-animation-output-transform">
        <float_array id="mixamorig_Spine1-Matrix-animation-output-transform-array" count="368">

0.998102 -0.007102 -0.061179 -0.000000 0.006093 0.999843 -0.016655 12.406000 0.061288 0.016251 0.997988 -0.000000 0.000000 0.000000 0.000000 1.000000
0.999070 -0.004885 -0.042834 -0.000000 0.004104 0.999824 -0.018306 12.406000 0.042915 0.018113 0.998915 0.000000 0.000000 0.000000 0.000000 1.000000
0.999652 -0.006681 -0.025509 0.000000 0.006260 0.999843 -0.016557 12.406000 0.025615 0.016391 0.999537 0.000000 0.000000 0.000000 0.000000 1.000000
0.999832 -0.008912 -0.016027 -0.000000 0.008698 0.999873 -0.013387 12.406000 0.016145 0.013245 0.999782 -0.000000 0.000000 0.000000 0.000000 1.000000
0.999896 -0.010890 -0.009410 0.000000 0.010802 0.999898 -0.009346 12.406000 0.009511 0.009244 0.999912 0.000000 0.000000 0.000000 0.000000 1.000000
0.999945 -0.010517 -0.000503 0.000000 0.010515 0.999941 -0.002894 12.406000 0.000534 0.002888 0.999996 -0.000000 0.000000 0.000000 0.000000 1.000000
0.999945 -0.007201 0.007613 0.000000 0.007183 0.999971 0.002392 12.406000 -0.007630 -0.002337 0.999968 0.000000 0.000000 0.000000 0.000000 1.000000
0.999895 -0.005675 0.013318 0.000000 0.005605 0.999970 0.005299 12.406000 -0.013347 -0.005224 0.999897 0.000000 0.000000 0.000000 0.000000 1.000000
0.999817 -0.002595 0.018950 0.000000 0.002446 0.999966 0.007845 12.406000 -0.018970 -0.007797 0.999790 0.000000 0.000000 0.000000 0.000000 1.000000
0.999731 0.001511 0.023130 -0.000000 -0.001751 0.999945 0.010382 12.406000 -0.023113 -0.010419 0.999679 0.000000 0.000000 0.000000 0.000000 1.000000
0.999820 0.000941 0.018962 -0.000000 -0.001182 0.999918 0.012718 12.406000 -0.018948 -0.012739 0.999739 0.000000 0.000000 0.000000 0.000000 1.000000
0.999926 -0.009752 0.007307 -0.000000 0.009644 0.999847 0.014591 12.406000 -0.007448 -0.014519 0.999867 0.000000 0.000000 0.000000 0.000000 1.000000
0.999670 -0.023615 -0.010155 0.000000 0.023733 0.999650 0.011703 12.406000 0.009875 -0.011940 0.999880 -0.000000 0.000000 0.000000 0.000000 1.000000
0.998990 -0.034265 -0.029082 -0.000000 0.034581 0.999347 0.010440 12.406000 0.028706 -0.011435 0.999522 0.000000 0.000000 0.000000 0.000000 1.000000
0.998425 -0.040087 -0.039246 -0.000000 0.040666 0.999073 0.014089 12.406000 0.038645 -0.015663 0.999130 0.000000 0.000000 0.000000 0.000000 1.000000
0.997431 -0.043590 -0.056846 0.000000 0.044793 0.998795 0.020058 12.406000 0.055903 -0.022553 0.998181 0.000000 0.000000 0.000000 0.000000 1.000000
0.995603 -0.042434 -0.083512 0.000000 0.044444 0.998762 0.022355 12.406000 0.082460 -0.025968 0.996256 0.000000 0.000000 0.000000 0.000000 1.000000
0.995364 -0.036095 -0.089145 -0.000000 0.037458 0.999205 0.013662 12.406000 0.088581 -0.016938 0.995925 0.000000 0.000000 0.000000 0.000000 1.000000
0.995786 -0.031529 -0.086116 0.000000 0.031701 0.999497 0.000625 12.406000 0.086053 -0.003353 0.996285 0.000000 0.000000 0.000000 0.000000 1.000000
0.996364 -0.027758 -0.080552 0.000000 0.027123 0.999592 -0.008975 12.406000 0.080768 0.006758 0.996710 0.000000 0.000000 0.000000 0.000000 1.000000
0.996884 -0.021486 -0.075903 0.000000 0.020558 0.999704 -0.012982 12.406000 0.076160 0.011381 0.997031 0.000000 0.000000 0.000000 0.000000 1.000000
0.997379 -0.014085 -0.070971 0.000000 0.013059 0.999804 -0.014909 12.406000 0.071167 0.013943 0.997367 0.000000 0.000000 0.000000 0.000000 1.000000
0.998102 -0.007102 -0.061179 0.000000 0.006093 0.999843 -0.016655 12.406000 0.061288 0.016250 0.997988 0.000000 0.000000 0.000000 0.000000 1.000000</float_array>
        <technique_common>
          <accessor source="#mixamorig_Spine1-Matrix-animation-output-transform-array" count="23" stride="16">
            <param type="float4x4"/>
          </accessor>
        </technique_common>
      </source>
      <source id="mixamorig_Spine1-Interpolations">
        <Name_array id="mixamorig_Spine1-Interpolations-array" count="23">
 LINEAR LINEAR LINEAR LINEAR LINEAR LINEAR LINEAR LINEAR LINEAR LINEAR LINEAR
LINEAR LINEAR LINEAR LINEAR LINEAR LINEAR LINEAR LINEAR LINEAR LINEAR LINEAR LINEAR</Name_array>
        <technique_common>
          <accessor source="#mixamorig_Spine1-Interpolations-array" count="23">
            <param type="name"/>
          </accessor>
        </technique_common>
      </source>
      <sampler id="mixamorig_Spine1-Matrix-animation-transform">
        <input semantic="INPUT" source="#mixamorig_Spine1-Matrix-animation-input"/>
        <input semantic="OUTPUT" source="#mixamorig_Spine1-Matrix-animation-output-transform"/>
        <input semantic="INTERPOLATION" source="#mixamorig_Spine1-Interpolations"/>
      </sampler>
      <channel source="#mixamorig_Spine1-Matrix-animation-transform" target="mixamorig_Spine1/matrix"/>
    </animation>
    <animation id="mixamorig_Spine2-anim" name="mixamorig_Spine2">
      <source id="mixamorig_Spine2-Matrix-animation-input">
        <float_array id="mixamorig_Spine2-Matrix-animation-input-array" count="23">

0.000000 0.033333 0.066667 0.100000 0.133333 0.166667 0.200000 0.233333 0.266667 0.300000 0.333333 0.366667 0.400000 0.433333 0.466667 0.500000
0.533333 0.566667 0.600000 0.633333 0.666667 0.700000 0.733333</float_array>
        <technique_common>
          <accessor source="#mixamorig_Spine2-Matrix-animation-input-array" count="23">
            <param name="TIME" type="float"/>
          </accessor>
        </technique_common>
      </source>
      <source id="mixamorig_Spine2-Matrix-animation-output-transform">
        <float_array id="mixamorig_Spine2-Matrix-animation-output-transform-array" count="368">

0.998084 -0.015559 -0.059878 -0.000000 0.008183 0.992557 -0.121509 14.178300 0.061323 0.120786 0.990783 -0.000000 0.000000 0.000000 0.000000 1.000000
0.999059 -0.011336 -0.041875 -0.000000 0.006096 0.992362 -0.123210 14.178300 0.042952 0.122839 0.991497 0.000000 0.000000 0.000000 0.000000 1.000000
0.999639 -0.011164 -0.024456 0.000000 0.008111 0.992556 -0.121522 14.178300 0.025631 0.121280 0.992287 0.000000 0.000000 0.000000 0.000000 1.000000
0.999815 -0.012290 -0.014791 0.000000 0.010453 0.992909 -0.118419 14.178300 0.016142 0.118243 0.992853 -0.000000 0.000000 0.000000 0.000000 1.000000
0.999877 -0.013501 -0.007986 0.000000 0.012499 0.993348 -0.114468 14.178300 0.009478 0.114354 0.993395 -0.000000 0.000000 0.000000 0.000000 1.000000
0.999926 -0.012141 0.000846 0.000000 0.012161 0.994063 -0.108121 14.178300 0.000472 0.108123 0.994137 0.000000 0.000000 0.000000 0.000000 1.000000
0.999931 -0.007989 0.008592 -0.000000 0.008831 0.994645 -0.102969 14.178300 -0.007724 0.103038 0.994647 -0.000000 0.000000 0.000000 0.000000 1.000000
0.999882 -0.005933 0.014168 0.000000 0.007324 0.994938 -0.100223 14.178300 -0.013502 0.100315 0.994864 0.000000 0.000000 0.000000 0.000000 1.000000
0.999806 -0.002388 0.019575 0.000000 0.004294 0.995185 -0.097916 14.178300 -0.019247 0.097981 0.995002 0.000000 0.000000 0.000000 0.000000 1.000000
0.999722 0.001996 0.023491 0.000000 0.000261 0.995409 -0.095715 14.178300 -0.023574 0.095694 0.995132 0.000000 0.000000 0.000000 0.000000 1.000000
0.999809 0.000917 0.019537 0.000000 0.000914 0.995615 -0.093538 14.178300 -0.019537 0.093538 0.995424 0.000000 0.000000 0.000000 0.000000 1.000000
0.999898 -0.011007 0.009089 0.000000 0.011794 0.995728 -0.091583 14.178300 -0.008042 0.091681 0.995756 0.000000 0.000000 0.000000 0.000000 1.000000
0.999616 -0.026855 -0.006805 0.000000 0.026094 0.995188 -0.094442 14.178300 0.009308 0.094228 0.995507 0.000000 0.000000 0.000000 0.000000 1.000000
0.998913 -0.039665 -0.024481 0.000000 0.037151 0.994709 -0.095776 14.178300 0.028151 0.094763 0.995102 -0.000000 0.000000 0.000000 0.000000 1.000000
0.998339 -0.046476 -0.034049 -0.000000 0.043174 0.994821 -0.092013 14.178300 0.038149 0.090390 0.995175 -0.000000 0.000000 0.000000 0.000000 1.000000
0.997348 -0.051621 -0.051299 0.000000 0.047094 0.995195 -0.085843 14.178300 0.055484 0.083200 0.994987 0.000000 0.000000 0.000000 0.000000 1.000000
0.995533 -0.053114 -0.078053 0.000000 0.046583 0.995440 -0.083242 14.178300 0.082118 0.079234 0.993468 0.000000 0.000000 0.000000 0.000000 1.000000
0.995311 -0.047058 -0.084512 -0.000000 0.039292 0.995047 -0.091311 14.178300 0.088391 0.087562 0.992230 0.000000 0.000000 0.000000 0.000000 1.000000
0.995734 -0.041934 -0.082196 0.000000 0.033301 0.994050 -0.103713 14.178300 0.086055 0.100533 0.991205 0.000000 0.000000 0.000000 0.000000 1.000000
0.996309 -0.037593 -0.077168 0.000000 0.028719 0.993175 -0.113044 14.178300 0.080891 0.110411 0.990589 0.000000 0.000000 0.000000 0.000000 1.000000
0.996836 -0.030921 -0.073226 0.000000 0.022203 0.992884 -0.117000 14.178300 0.076323 0.115004 0.990429 0.000000 0.000000 0.000000 0.000000 1.000000
0.997344 -0.023220 -0.069034 0.000000 0.014863 0.992761 -0.119182 14.178300 0.071301 0.117840 0.990470 0.000000 0.000000 0.000000 0.000000 1.000000
0.998084 -0.015559 -0.059878 0.000000 0.008183 0.992557 -0.121509 14.178300 0.061323 0.120786 0.990783 -0.000000 0.000000 0.000000 0.000000 1.000000</float_array>
        <technique_common>
          <accessor source="#mixamorig_Spine2-Matrix-animation-output-transform-array" count="23" stride="16">
            <param type="float4x4"/>
          </accessor>
        </technique_common>
      </source>
      <source id="mixamorig_Spine2-Interpolations">
        <Name_array id="mixamorig_Spine2-Interpolations-array" count="23">
 LINEAR LINEAR LINEAR LINEAR LINEAR LINEAR LINEAR LINEAR LINEAR LINEAR LINEAR
LINEAR LINEAR LINEAR LINEAR LINEAR LINEAR LINEAR LINEAR LINEAR LINEAR LINEAR LINEAR</Name_array>
        <technique_common>
          <accessor source="#mixamorig_Spine2-Interpolations-array" count="23">
            <param type="name"/>
          </accessor>
        </technique_common>
      </source>
      <sampler id="mixamorig_Spine2-Matrix-animation-transform">
        <input semantic="INPUT" source="#mixamorig_Spine2-Matrix-animation-input"/>
        <input semantic="OUTPUT" source="#mixamorig_Spine2-Matrix-animation-output-transform"/>
        <input semantic="INTERPOLATION" source="#mixamorig_Spine2-Interpolations"/>
      </sampler>
      <channel source="#mixamorig_Spine2-Matrix-animation-transform" target="mixamorig_Spine2/matrix"/>
    </animation>
    <animation id="mixamorig_Neck-anim" name="mixamorig_Neck">
      <source id="mixamorig_Neck-Matrix-animation-input">
        <float_array id="mixamorig_Neck-Matrix-animation-input-array" count="23">

0.000000 0.033333 0.066667 0.100000 0.133333 0.166667 0.200000 0.233333 0.266667 0.300000 0.333333 0.366667 0.400000 0.433333 0.466667 0.500000
0.533333 0.566667 0.600000 0.633333 0.666667 0.700000 0.733333</float_array>
        <technique_common>
          <accessor source="#mixamorig_Neck-Matrix-animation-input-array" count="23">
            <param name="TIME" type="float"/>
          </accessor>
        </technique_common>
      </source>
      <source id="mixamorig_Neck-Matrix-animation-output-transform">
        <float_array id="mixamorig_Neck-Matrix-animation-output-transform-array" count="368">

0.999132 -0.005413 0.041302 0.024400 0.005391 0.999985 0.000652 15.862300 -0.041305 -0.000429 0.999147 -1.675800 0.000000 0.000000 0.000000 1.000000
0.999027 0.000468 0.044092 0.024400 -0.000055 0.999956 -0.009368 15.862300 -0.044094 0.009356 0.998984 -1.675800 0.000000 0.000000 0.000000 1.000000
0.998857 0.007453 0.047211 0.024400 -0.006612 0.999817 -0.017949 15.862300 -0.047336 0.017616 0.998724 -1.675800 0.000000 0.000000 0.000000 1.000000
0.998631 0.013467 0.050551 0.024400 -0.012027 0.999516 -0.028689 15.862300 -0.050913 0.028041 0.998309 -1.675800 0.000000 0.000000 0.000000 1.000000
0.998404 0.019326 0.053072 0.024400 -0.017357 0.999152 -0.037330 15.862300 -0.053748 0.036349 0.997893 -1.675800 0.000000 0.000000 0.000000 1.000000
0.998142 0.026191 0.055010 0.024400 -0.024227 0.999056 -0.036067 15.862300 -0.055903 0.034667 0.997834 -1.675800 0.000000 0.000000 0.000000 1.000000
0.997850 0.032391 0.056973 0.024400 -0.030768 0.999101 -0.029150 15.862300 -0.057866 0.027334 0.997950 -1.675800 0.000000 0.000000 0.000000 1.000000
0.997557 0.036576 0.059513 0.024400 -0.035369 0.999149 -0.021218 15.862300 -0.060238 0.019062 0.998002 -1.675800 0.000000 0.000000 0.000000 1.000000
0.997363 0.036544 0.062704 0.024400 -0.035581 0.999232 -0.016398 15.862300 -0.063256 0.014124 0.997897 -1.675800 0.000000 0.000000 0.000000 1.000000
0.997079 0.038726 0.065824 0.024400 -0.037996 0.999202 -0.012310 15.862300 -0.066248 0.009773 0.997755 -1.675800 0.000000 0.000000 0.000000 1.000000
0.996723 0.041785 0.069261 0.024400 -0.041341 0.999114 -0.007827 15.862300 -0.069527 0.004938 0.997568 -1.675800 0.000000 0.000000 0.000000 1.000000
0.996304 0.044173 0.073667 0.024400 -0.044019 0.999024 -0.003716 15.862300 -0.073760 0.000459 0.997276 -1.675800 0.000000 0.000000 0.000000 1.000000
0.995827 0.045646 0.079026 0.024400 -0.045729 0.998954 -0.000767 15.862300 -0.078978 -0.002850 0.996872 -1.675800 0.000000 0.000000 0.000000 1.000000
0.995451 0.044704 0.084139 0.024400 -0.044661 0.998999 -0.002395 15.862300 -0.084162 -0.001373 0.996451 -1.675800 0.000000 0.000000 0.000000 1.000000
0.995178 0.042756 0.088274 0.024400 -0.042082 0.999069 -0.009488 15.862300 -0.088598 0.005728 0.996051 -1.675800 0.000000 0.000000 0.000000 1.000000
0.995101 0.039496 0.090636 0.024400 -0.037803 0.999078 -0.020328 15.862300 -0.091355 0.016802 0.995677 -1.675800 0.000000 0.000000 0.000000 1.000000
0.995325 0.035054 0.090001 0.024400 -0.032473 0.999023 -0.029977 15.862300 -0.090963 0.026915 0.995490 -1.675800 0.000000 0.000000 0.000000 1.000000
0.995911 0.029099 0.085526 0.024400 -0.026389 0.999118 -0.032651 15.862300 -0.086400 0.030261 0.995801 -1.675800 0.000000 0.000000 0.000000 1.000000
0.996720 0.022689 0.077677 0.024400 -0.020148 0.999241 -0.033336 15.862300 -0.078374 0.031662 0.996421 -1.675800 0.000000 0.000000 0.000000 1.000000
0.997517 0.017390 0.068242 0.024400 -0.015076 0.999299 -0.034281 15.862300 -0.068790 0.033167 0.997080 -1.675800 0.000000 0.000000 0.000000 1.000000
0.998214 0.010670 0.058775 0.024400 -0.009011 0.999555 -0.028420 15.862300 -0.059052 0.027839 0.997867 -1.675800 0.000000 0.000000 0.000000 1.000000
0.998774 0.002321 0.049447 0.024400 -0.001666 0.999910 -0.013280 15.862300 -0.049474 0.013181 0.998688 -1.675800 0.000000 0.000000 0.000000 1.000000
0.999132 -0.005413 0.041302 0.024400 0.005391 0.999985 0.000652 15.862300 -0.041304 -0.000429 0.999147 -1.675800 0.000000 0.000000 0.000000 1.000000</float_array>
        <technique_common>
          <accessor source="#mixamorig_Neck-Matrix-animation-output-transform-array" count="23" stride="16">
            <param type="float4x4"/>
          </accessor>
        </technique_common>
      </source>
      <source id="mixamorig_Neck-Interpolations">
        <Name_array id="mixamorig_Neck-Interpolations-array" count="23">
 LINEAR LINEAR LINEAR LINEAR LINEAR LINEAR LINEAR LINEAR LINEAR LINEAR LINEAR
LINEAR LINEAR LINEAR LINEAR LINEAR LINEAR LINEAR LINEAR LINEAR LINEAR LINEAR LINEAR</Name_array>
        <technique_common>
          <accessor source="#mixamorig_Neck-Interpolations-array" count="23">
            <param type="name"/>
          </accessor>
        </technique_common>
      </source>
      <sampler id="mixamorig_Neck-Matrix-animation-transform">
        <input semantic="INPUT" source="#mixamorig_Neck-Matrix-animation-input"/>
        <input semantic="OUTPUT" source="#mixamorig_Neck-Matrix-animation-output-transform"/>
        <input semantic="INTERPOLATION" source="#mixamorig_Neck-Interpolations"/>
      </sampler>
      <channel source="#mixamorig_Neck-Matrix-animation-transform" target="mixamorig_Neck/matrix"/>
    </animation>
    <animation id="mixamorig_Head-anim" name="mixamorig_Head">
      <source id="mixamorig_Head-Matrix-animation-input">
        <float_array id="mixamorig_Head-Matrix-animation-input-array" count="23">

0.000000 0.033333 0.066667 0.100000 0.133333 0.166667 0.200000 0.233333 0.266667 0.300000 0.333333 0.366667 0.400000 0.433333 0.466667 0.500000
0.533333 0.566667 0.600000 0.633333 0.666667 0.700000 0.733333</float_array>
        <technique_common>
          <accessor source="#mixamorig_Head-Matrix-animation-input-array" count="23">
            <param name="TIME" type="float"/>
          </accessor>
        </technique_common>
      </source>
      <source id="mixamorig_Head-Matrix-animation-output-transform">
        <float_array id="mixamorig_Head-Matrix-animation-output-transform-array" count="368">

0.968904 -0.064210 0.238961 0.000000 0.005901 0.971464 0.237112 5.564000 -0.247367 -0.228329 0.941634 0.988100 0.000000 0.000000 0.000000 1.000000
0.971083 -0.059085 0.231316 -0.000000 0.003901 0.972689 0.232079 5.564000 -0.238711 -0.224465 0.944792 0.988100 0.000000 0.000000 0.000000 1.000000
0.974175 -0.043134 0.221638 0.000000 -0.005001 0.977221 0.212164 5.564000 -0.225741 -0.207793 0.951768 0.988100 0.000000 0.000000 0.000000 1.000000
0.977139 -0.024344 0.211201 -0.000000 -0.015467 0.982650 0.184825 5.564000 -0.212036 -0.183866 0.959809 0.988100 0.000000 0.000000 0.000000 1.000000
0.982598 -0.005554 0.185662 0.000000 -0.024217 0.987191 0.157695 5.564000 -0.184159 -0.159447 0.969877 0.988100 0.000000 0.000000 0.000000 1.000000
0.988894 0.013701 0.147987 0.000000 -0.034043 0.990149 0.135817 5.564000 -0.144668 -0.139346 0.979619 0.988100 0.000000 0.000000 0.000000 1.000000
0.993486 0.028526 0.110323 0.000000 -0.042330 0.991268 0.124883 5.564000 -0.105798 -0.128739 0.986019 0.988100 0.000000 0.000000 0.000000 1.000000
0.995730 0.038257 0.084011 -0.000000 -0.049034 0.990274 0.130207 5.564000 -0.078213 -0.133771 0.987921 0.988100 0.000000 0.000000 0.000000 1.000000
0.996063 0.038596 0.079811 -0.000000 -0.050111 0.987757 0.147735 5.564000 -0.073132 -0.151153 0.985801 0.988100 0.000000 0.000000 0.000000 1.000000
0.995980 0.030367 0.084268 0.000000 -0.044065 0.985178 0.165780 5.564000 -0.077985 -0.168827 0.982556 0.988100 0.000000 0.000000 0.000000 1.000000
0.994331 0.023528 0.103690 0.000000 -0.042719 0.981439 0.186959 5.564000 -0.097367 -0.190328 0.976880 0.988100 0.000000 0.000000 0.000000 1.000000
0.990290 0.019759 0.137608 -0.000000 -0.049803 0.974572 0.218471 5.564000 -0.129793 -0.223202 0.966092 0.988100 0.000000 0.000000 0.000000 1.000000
0.985286 0.013074 0.170414 0.000000 -0.055295 0.967832 0.245444 5.564000 -0.161723 -0.251256 0.954314 0.988100 0.000000 0.000000 0.000000 1.000000
0.982360 0.021284 0.185784 0.000000 -0.064231 0.971461 0.228337 5.564000 -0.175622 -0.236243 0.955692 0.988100 0.000000 0.000000 0.000000 1.000000
0.980869 0.049513 0.188270 0.000000 -0.083416 0.980729 0.176669 5.564000 -0.175894 -0.188994 0.966097 0.988100 0.000000 0.000000 0.000000 1.000000
0.979431 0.070329 0.189124 -0.000000 -0.096511 0.986407 0.132996 5.564000 -0.177200 -0.148513 0.972905 0.988100 0.000000 0.000000 0.000000 1.000000
0.979040 0.071459 0.190718 -0.000000 -0.092413 0.990345 0.103327 5.564000 -0.181493 -0.118786 0.976192 0.988100 0.000000 0.000000 0.000000 1.000000
0.979065 0.059915 0.194529 -0.000000 -0.079299 0.992462 0.093437 5.564000 -0.187465 -0.106907 0.976436 0.988100 0.000000 0.000000 0.000000 1.000000
0.979967 0.045435 0.193909 0.000000 -0.064662 0.993469 0.094008 5.564000 -0.188371 -0.104663 0.976505 0.988100 0.000000 0.000000 0.000000 1.000000
0.980589 0.027942 0.194076 0.000000 -0.047166 0.994345 0.095153 5.564000 -0.190319 -0.102459 0.976361 0.988100 0.000000 0.000000 0.000000 1.000000
0.977729 0.003069 0.209848 0.000000 -0.026547 0.993670 0.109153 5.564000 -0.208184 -0.112293 0.971622 0.988100 0.000000 0.000000 0.000000 1.000000
0.973416 -0.030818 0.226960 -0.000000 -0.006091 0.987073 0.160156 5.564000 -0.228962 -0.157281 0.960645 0.988100 0.000000 0.000000 0.000000 1.000000
0.968904 -0.064210 0.238961 0.000000 0.005901 0.971464 0.237112 5.564000 -0.247367 -0.228329 0.941634 0.988100 0.000000 0.000000 0.000000 1.000000</float_array>
        <technique_common>
          <accessor source="#mixamorig_Head-Matrix-animation-output-transform-array" count="23" stride="16">
            <param type="float4x4"/>
          </accessor>
        </technique_common>
      </source>
      <source id="mixamorig_Head-Interpolations">
        <Name_array id="mixamorig_Head-Interpolations-array" count="23">
 LINEAR LINEAR LINEAR LINEAR LINEAR LINEAR LINEAR LINEAR LINEAR LINEAR LINEAR
LINEAR LINEAR LINEAR LINEAR LINEAR LINEAR LINEAR LINEAR LINEAR LINEAR LINEAR LINEAR</Name_array>
        <technique_common>
          <accessor source="#mixamorig_Head-Interpolations-array" count="23">
            <param type="name"/>
          </accessor>
        </technique_common>
      </source>
      <sampler id="mixamorig_Head-Matrix-animation-transform">
        <input semantic="INPUT" source="#mixamorig_Head-Matrix-animation-input"/>
        <input semantic="OUTPUT" source="#mixamorig_Head-Matrix-animation-output-transform"/>
        <input semantic="INTERPOLATION" source="#mixamorig_Head-Interpolations"/>
      </sampler>
      <channel source="#mixamorig_Head-Matrix-animation-transform" target="mixamorig_Head/matrix"/>
    </animation>
    <animation id="mixamorig_LeftShoulder-anim" name="mixamorig_LeftShoulder">
      <source id="mixamorig_LeftShoulder-Matrix-animation-input">
        <float_array id="mixamorig_LeftShoulder-Matrix-animation-input-array" count="23">

0.000000 0.033333 0.066667 0.100000 0.133333 0.166667 0.200000 0.233333 0.266667 0.300000 0.333333 0.366667 0.400000 0.433333 0.466667 0.500000
0.533333 0.566667 0.600000 0.633333 0.666667 0.700000 0.733333</float_array>
        <technique_common>
          <accessor source="#mixamorig_LeftShoulder-Matrix-animation-input-array" count="23">
            <param name="TIME" type="float"/>
          </accessor>
        </technique_common>
      </source>
      <source id="mixamorig_LeftShoulder-Matrix-animation-output-transform">
        <float_array id="mixamorig_LeftShoulder-Matrix-animation-output-transform-array" count="368">

0.106422 0.945038 -0.309155 5.935000 0.022001 -0.313082 -0.949471 13.670200 -0.994078 0.094243 -0.054110 -1.662600 0.000000 0.000000 0.000000 1.000000
0.087566 0.944876 -0.315501 5.935000 0.022851 -0.318539 -0.947634 13.670200 -0.995897 0.075771 -0.049484 -1.662600 0.000000 0.000000 0.000000 1.000000
0.059765 0.941332 -0.332149 5.935000 0.024318 -0.334018 -0.942253 13.670200 -0.997916 0.048236 -0.042854 -1.662600 0.000000 0.000000 0.000000 1.000000
0.037688 0.938097 -0.344316 5.935000 0.025812 -0.345360 -0.938115 13.670200 -0.998956 0.026468 -0.037230 -1.662600 0.000000 0.000000 0.000000 1.000000
0.015178 0.943027 -0.332369 5.935000 0.026897 -0.332672 -0.942659 13.670200 -0.999523 0.005368 -0.030414 -1.662600 0.000000 0.000000 0.000000 1.000000
-0.001466 0.951049 -0.309038 5.935000 0.026961 -0.308888 -0.950716 13.670200 -0.999635 -0.009726 -0.025189 -1.662600 0.000000 0.000000 0.000000 1.000000
-0.010037 0.957111 -0.289546 5.935000 0.026547 -0.289204 -0.956899 13.670200 -0.999597 -0.017291 -0.022505 -1.662600 0.000000 0.000000 0.000000 1.000000
-0.018255 0.960988 -0.275988 5.935000 0.026154 -0.275480 -0.960951 13.670200 -0.999491 -0.024760 -0.020105 -1.662600 0.000000 0.000000 0.000000 1.000000
-0.028938 0.963057 -0.267737 5.935000 0.026530 -0.267015 -0.963327 13.670200 -0.999229 -0.034980 -0.017823 -1.662600 0.000000 0.000000 0.000000 1.000000
-0.030153 0.966327 -0.255543 5.935000 0.029290 -0.254696 -0.966578 13.670200 -0.999116 -0.036630 -0.020624 -1.662600 0.000000 0.000000 0.000000 1.000000
-0.031444 0.971334 -0.235628 5.935000 0.033495 -0.234588 -0.971518 13.670200 -0.998944 -0.038441 -0.025158 -1.662600 0.000000 0.000000 0.000000 1.000000
-0.028312 0.972723 -0.230236 5.935000 0.037274 -0.229140 -0.972679 13.670200 -0.998904 -0.036120 -0.029770 -1.662600 0.000000 0.000000 0.000000 1.000000
-0.020228 0.969109 -0.245803 5.935000 0.038428 -0.244918 -0.968782 13.670200 -0.999057 -0.029042 -0.032287 -1.662600 0.000000 0.000000 0.000000 1.000000
-0.003614 0.960513 -0.278212 5.935000 0.035825 -0.277911 -0.959939 13.670200 -0.999352 -0.013436 -0.033406 -1.662600 0.000000 0.000000 0.000000 1.000000
0.011366 0.949581 -0.313315 5.935000 0.030742 -0.313519 -0.949084 13.670200 -0.999463 0.001156 -0.032756 -1.662600 0.000000 0.000000 0.000000 1.000000
0.023468 0.942061 -0.334621 5.935000 0.024923 -0.335160 -0.941831 13.670200 -0.999414 0.013763 -0.031345 -1.662600 0.000000 0.000000 0.000000 1.000000
0.035818 0.939039 -0.341940 5.935000 0.020266 -0.342771 -0.939200 13.670200 -0.999153 0.026710 -0.031307 -1.662600 0.000000 0.000000 0.000000 1.000000
0.041350 0.940518 -0.337218 5.935000 0.018427 -0.338168 -0.940905 13.670200 -0.998975 0.032693 -0.031315 -1.662600 0.000000 0.000000 0.000000 1.000000
0.045848 0.944864 -0.324239 5.935000 0.018367 -0.325323 -0.945425 13.670200 -0.998780 0.037391 -0.032270 -1.662600 0.000000 0.000000 0.000000 1.000000
0.052610 0.950086 -0.307520 5.935000 0.019309 -0.308857 -0.950913 13.670200 -0.998428 0.044090 -0.034594 -1.662600 0.000000 0.000000 0.000000 1.000000
0.068493 0.952670 -0.296190 5.935000 0.020765 -0.298184 -0.954282 13.670200 -0.997435 0.059211 -0.040206 -1.662600 0.000000 0.000000 0.000000 1.000000
0.088480 0.950970 -0.296357 5.935000 0.021965 -0.299314 -0.953902 13.670200 -0.995836 0.077892 -0.047371 -1.662600 0.000000 0.000000 0.000000 1.000000
0.106422 0.945038 -0.309155 5.935000 0.022001 -0.313083 -0.949471 13.670200 -0.994078 0.094243 -0.054110 -1.662600 0.000000 0.000000 0.000000 1.000000</float_array>
        <technique_common>
          <accessor source="#mixamorig_LeftShoulder-Matrix-animation-output-transform-array" count="23" stride="16">
            <param type="float4x4"/>
          </accessor>
        </technique_common>
      </source>
      <source id="mixamorig_LeftShoulder-Interpolations">
        <Name_array id="mixamorig_LeftShoulder-Interpolations-array" count="23">
 LINEAR LINEAR LINEAR LINEAR LINEAR LINEAR LINEAR LINEAR LINEAR LINEAR LINEAR
LINEAR LINEAR LINEAR LINEAR LINEAR LINEAR LINEAR LINEAR LINEAR LINEAR LINEAR LINEAR</Name_array>
        <technique_common>
          <accessor source="#mixamorig_LeftShoulder-Interpolations-array" count="23">
            <param type="name"/>
          </accessor>
        </technique_common>
      </source>
      <sampler id="mixamorig_LeftShoulder-Matrix-animation-transform">
        <input semantic="INPUT" source="#mixamorig_LeftShoulder-Matrix-animation-input"/>
        <input semantic="OUTPUT" source="#mixamorig_LeftShoulder-Matrix-animation-output-transform"/>
        <input semantic="INTERPOLATION" source="#mixamorig_LeftShoulder-Interpolations"/>
      </sampler>
      <channel source="#mixamorig_LeftShoulder-Matrix-animation-transform" target="mixamorig_LeftShoulder/matrix"/>
    </animation>
    <animation id="mixamorig_LeftArm-anim" name="mixamorig_LeftArm">
      <source id="mixamorig_LeftArm-Matrix-animation-input">
        <float_array id="mixamorig_LeftArm-Matrix-animation-input-array" count="23">

0.000000 0.033333 0.066667 0.100000 0.133333 0.166667 0.200000 0.233333 0.266667 0.300000 0.333333 0.366667 0.400000 0.433333 0.466667 0.500000
0.533333 0.566667 0.600000 0.633333 0.666667 0.700000 0.733333</float_array>
        <technique_common>
          <accessor source="#mixamorig_LeftArm-Matrix-animation-input-array" count="23">
            <param name="TIME" type="float"/>
          </accessor>
        </technique_common>
      </source>
      <source id="mixamorig_LeftArm-Matrix-animation-output-transform">
        <float_array id="mixamorig_LeftArm-Matrix-animation-output-transform-array" count="368">

0.681470 -0.508016 0.526800 0.000000 0.691200 0.683326 -0.235177 12.607900 -0.240502 0.524391 0.816807 0.000000 0.000000 0.000000 0.000000 1.000000
