<?xml version="1.0" encoding="utf-8"?>
<COLLADA xmlns="http://www.collada.org/2005/11/COLLADASchema" version="1.4.1">
  <asset>
    <contributor>
      <author>Mixamo</author>
      <authoring_tool>COLLADA Mixamo exporter</authoring_tool>
      <comments/>
    </contributor>
    <created>2023-07-29T20:55:47Z</created>
    <modified>2023-07-29T20:55:47Z</modified>
    <revision/>
    <title/>
    <unit meter="0.010000"/>
    <up_axis>Y_UP</up_axis>
  </asset>
  <library_animations>
    <animation id="mixamorig_Hips-anim" name="mixamorig_Hips">
      <source id="mixamorig_Hips-Matrix-animation-input">
        <float_array id="mixamorig_Hips-Matrix-animation-input-array" count="34">

0.000000 0.033333 0.066667 0.100000 0.133333 0.166667 0.200000 0.233333 0.266667 0.300000 0.333333 0.366667 0.400000 0.433333 0.466667 0.500000
0.533333 0.566667 0.600000 0.633333 0.666667 0.700000 0.733333 0.766667 0.800000 0.833333 0.866667 0.900000 0.933333 0.966667 1.000000 1.033333
1.066667 1.100000</float_array>
        <technique_common>
          <accessor source="#mixamorig_Hips-Matrix-animation-input-array" count="34">
            <param name="TIME" type="float"/>
          </accessor>
        </technique_common>
      </source>
      <source id="mixamorig_Hips-Matrix-animation-output-transform">
        <float_array id="mixamorig_Hips-Matrix-animation-output-transform-array" count="544">

0.996968 0.073678 0.025047 0.113379 -0.072071 0.995597 -0.059939 86.998421 -0.029353 0.057952 0.997888 0.559713 0.000000 0.000000 0.000000 1.000000
0.997827 0.062535 0.020741 -0.485566 -0.061385 0.996756 -0.052057 88.813927 -0.023929 0.050671 0.998429 1.699338 0.000000 0.000000 0.000000 1.000000
0.999021 0.044238 0.000464 -0.048551 -0.044152 0.997623 -0.052904 89.840302 -0.002804 0.052832 0.998599 2.406835 0.000000 0.000000 0.000000 1.000000
0.999438 0.018501 -0.027958 0.861986 -0.020199 0.997888 -0.061736 89.563553 0.026757 0.062266 0.997701 2.739036 0.000000 0.000000 0.000000 1.000000
0.998711 -0.011175 -0.049511 1.681174 0.007090 0.996614 -0.081921 87.751953 0.050259 0.081464 0.995408 3.569982 0.000000 0.000000 0.000000 1.000000
0.997656 -0.033792 -0.059511 2.297238 0.028646 0.995943 -0.085302 84.126572 0.062152 0.083397 0.994576 5.318783 0.000000 0.000000 0.000000 1.000000
0.997015 -0.038084 -0.067156 2.643742 0.035262 0.998465 -0.042717 79.147408 0.068680 0.040221 0.996828 7.483430 0.000000 0.000000 0.000000 1.000000
0.997135 -0.025222 -0.071307 2.623086 0.025791 0.999642 0.007078 75.153999 0.071103 -0.008896 0.997429 8.380512 0.000000 0.000000 0.000000 1.000000
0.997574 -0.005038 -0.069432 2.096732 0.007811 0.999181 0.039715 75.429604 0.069175 -0.040161 0.996796 5.757085 0.000000 0.000000 0.000000 1.000000
0.999066 0.012084 -0.041480 0.998213 -0.013860 0.998987 -0.042808 86.425102 0.040921 0.043343 0.998222 4.972588 0.000000 0.000000 0.000000 1.000000
0.999234 0.029589 0.025608 0.448145 -0.018824 0.937177 -0.348346 109.457008 -0.034307 0.347598 0.937016 9.768637 0.000000 0.000000 0.000000 1.000000
0.995584 0.049894 0.079521 0.809147 0.003395 0.827381 -0.561630 127.153198 -0.093816 0.559420 0.823558 9.251108 0.000000 0.000000 0.000000 1.000000
0.994229 0.059025 0.089579 1.153551 0.014264 0.754873 -0.655716 136.822281 -0.106324 0.653210 0.749675 4.408249 0.000000 0.000000 0.000000 1.000000
0.996067 0.062879 0.062420 1.806101 0.010441 0.616293 -0.787448 147.056519 -0.087983 0.785003 0.613213 1.882282 0.000000 0.000000 0.000000 1.000000
0.998480 0.046900 0.028953 2.735549 0.007389 0.406656 -0.913551 156.766693 -0.054620 0.912377 0.405692 0.694862 0.000000 0.000000 0.000000 1.000000
0.999344 0.035774 0.005692 3.863560 0.000650 0.139394 -0.990237 164.908340 -0.036218 0.989591 0.139279 1.060107 0.000000 0.000000 0.000000 1.000000
0.999010 0.033753 -0.028968 4.987301 -0.021981 -0.191544 -0.981238 170.609344 -0.038669 0.980904 -0.190612 3.637744 0.000000 0.000000 0.000000 1.000000
0.997191 0.017493 -0.072828 5.635509 -0.051771 -0.541690 -0.838983 172.692688 -0.054127 0.840396 -0.539263 7.183312 0.000000 0.000000 0.000000 1.000000
0.995140 -0.010440 -0.097914 5.685705 -0.063251 -0.829865 -0.554367 172.095276 -0.075468 0.557866 -0.826492 11.008628 0.000000 0.000000 0.000000 1.000000
0.994687 -0.039733 -0.094967 5.449271 -0.056317 -0.982252 -0.178912 168.832306 -0.086172 0.183309 -0.979271 15.178401 0.000000 0.000000 0.000000 1.000000
0.994962 -0.065107 -0.076239 4.812250 -0.047998 -0.976967 0.207922 161.846954 -0.088020 -0.203215 -0.975170 18.667952 0.000000 0.000000 0.000000 1.000000
0.994746 -0.080957 -0.062665 4.114449 -0.031925 -0.826877 0.561476 151.819366 -0.097272 -0.556525 -0.825117 21.002699 0.000000 0.000000 0.000000 1.000000
0.995090 -0.081933 -0.055516 3.378493 0.001637 -0.547242 0.836973 138.048660 -0.098956 -0.832954 -0.544422 23.110865 0.000000 0.000000 0.000000 1.000000
0.996904 -0.063469 -0.046415 2.753569 0.034382 -0.179007 0.983247 118.230347 -0.070714 -0.981798 -0.176270 21.329971 0.000000 0.000000 0.000000 1.000000
0.998566 -0.036420 -0.039229 2.559684 0.046404 0.223658 0.973562 100.004784 -0.026683 -0.973987 0.225027 8.029984 0.000000 0.000000 0.000000 1.000000
0.998682 -0.008497 -0.050616 2.556474 0.041869 0.705263 0.707709 94.114853 0.029684 -0.708895 0.704689 -0.594285 0.000000 0.000000 0.000000 1.000000
0.995210 0.025721 -0.094311 2.275110 0.009314 0.935427 0.353398 82.541412 0.097311 -0.352584 0.930707 -3.308715 0.000000 0.000000 0.000000 1.000000
0.995581 -0.071023 -0.061435 1.295939 0.065443 0.993923 -0.088508 74.200798 0.067348 0.084097 0.994179 -2.606739 0.000000 0.000000 0.000000 1.000000
0.995979 -0.074384 -0.049925 0.888247 0.065283 0.984276 -0.164129 69.963562 0.061349 0.160209 0.985175 -4.211812 0.000000 0.000000 0.000000 1.000000
0.997617 -0.058238 -0.037006 0.686906 0.050614 0.982143 -0.181198 72.581917 0.046898 0.178893 0.982750 -5.829869 0.000000 0.000000 0.000000 1.000000
0.999263 -0.031035 -0.022601 0.568560 0.027027 0.986744 -0.160016 78.644928 0.027267 0.159287 0.986856 -6.772850 0.000000 0.000000 0.000000 1.000000
0.999952 0.004827 -0.008555 0.519969 -0.005817 0.992774 -0.119860 82.143181 0.007914 0.119903 0.992754 -6.360816 0.000000 0.000000 0.000000 1.000000
0.999051 0.042905 0.007537 0.386355 -0.042167 0.995906 -0.079963 84.475983 -0.010937 0.079569 0.996769 -4.115614 0.000000 0.000000 0.000000 1.000000
0.996968 0.073678 0.025047 0.113378 -0.072071 0.995597 -0.059939 86.998436 -0.029353 0.057953 0.997888 0.559711 0.000000 0.000000 0.000000 1.000000</float_array>
        <technique_common>
          <accessor source="#mixamorig_Hips-Matrix-animation-output-transform-array" count="34" stride="16">
            <param type="float4x4"/>
          </accessor>
        </technique_common>
      </source>
      <source id="mixamorig_Hips-Interpolations">
        <Name_array id="mixamorig_Hips-Interpolations-array" count="34">
 LINEAR LINEAR LINEAR LINEAR LINEAR LINEAR LINEAR LINEAR LINEAR LINEAR LINEAR
LINEAR LINEAR LINEAR LINEAR LINEAR LINEAR LINEAR LINEAR LINEAR LINEAR LINEAR LINEAR
LINEAR LINEAR LINEAR LINEAR LINEAR LINEAR LINEAR LINEAR LINEAR LINEAR LINEAR</Name_array>
        <technique_common>
          <accessor source="#mixamorig_Hips-Interpolations-array" count="34">
            <param type="name"/>
          </accessor>
        </technique_common>
      </source>
      <sampler id="mixamorig_Hips-Matrix-animation-transform">
        <input semantic="INPUT" source="#mixamorig_Hips-Matrix-animation-input"/>
        <input semantic="OUTPUT" source="#mixamorig_Hips-Matrix-animation-output-transform"/>
        <input semantic="INTERPOLATION" source="#mixamorig_Hips-Interpolations"/>
      </sampler>
      <channel source="#mixamorig_Hips-Matrix-animation-transform" target="mixamorig_Hips/matrix"/>
    </animation>
    <animation id="mixamorig_Spine-anim" name="mixamorig_Spine">
      <source id="mixamorig_Spine-Matrix-animation-input">
        <float_array id="mixamorig_Spine-Matrix-animation-input-array" count="34">

0.000000 0.033333 0.066667 0.100000 0.133333 0.166667 0.200000 0.233333 0.266667 0.300000 0.333333 0.366667 0.400000 0.433333 0.466667 0.500000
0.533333 0.566667 0.600000 0.633333 0.666667 0.700000 0.733333 0.766667 0.800000 0.833333 0.866667 0.900000 0.933333 0.966667 1.000000 1.033333
1.066667 1.100000</float_array>
        <technique_common>
          <accessor source="#mixamorig_Spine-Matrix-animation-input-array" count="34">
            <param name="TIME" type="float"/>
          </accessor>
        </technique_common>
      </source>
      <source id="mixamorig_Spine-Matrix-animation-output-transform">
        <float_array id="mixamorig_Spine-Matrix-animation-output-transform-array" count="544">

0.999340 -0.030702 0.019422 0.017300 0.030326 0.999352 0.019372 10.574800 -0.020004 -0.018770 0.999624 -1.117200 0.000000 0.000000 0.000000 1.000000
0.999351 -0.031421 0.017590 0.017300 0.031158 0.999401 0.015048 10.574800 -0.018052 -0.014490 0.999732 -1.117200 0.000000 0.000000 0.000000 1.000000
0.999470 -0.028478 0.015750 0.017300 0.028256 0.999501 0.014127 10.574800 -0.016144 -0.013674 0.999776 -1.117200 0.000000 0.000000 0.000000 1.000000
0.999672 -0.021410 0.014018 0.017300 0.021130 0.999579 0.019877 10.574800 -0.014438 -0.019574 0.999704 -1.117200 0.000000 0.000000 0.000000 1.000000
0.999860 -0.012346 0.011335 0.017300 0.011998 0.999468 0.030320 10.574800 -0.011703 -0.030180 0.999476 -1.117200 0.000000 0.000000 0.000000 1.000000
0.999956 -0.004521 0.008234 0.017300 0.004151 0.999007 0.044367 10.574800 -0.008426 -0.044331 0.998981 -1.117200 0.000000 0.000000 0.000000 1.000000
0.999978 -0.000542 0.006648 0.017300 0.000171 0.998442 0.055792 10.574800 -0.006668 -0.055790 0.998420 -1.117200 0.000000 0.000000 0.000000 1.000000
0.999972 -0.002099 0.007189 0.017300 0.001632 0.997928 0.064324 10.574800 -0.007309 -0.064310 0.997903 -1.117200 0.000000 0.000000 0.000000 1.000000
0.999979 -0.001374 0.006395 0.017300 0.000974 0.998067 0.062132 10.574800 -0.006468 -0.062124 0.998047 -1.117200 0.000000 0.000000 0.000000 1.000000
0.999973 0.007108 0.001789 0.017300 -0.007196 0.998462 0.054977 10.574800 -0.001395 -0.054989 0.998486 -1.117200 0.000000 0.000000 0.000000 1.000000
0.999949 0.008853 -0.004760 0.017300 -0.008568 0.998342 0.056920 10.574800 0.005256 -0.056877 0.998367 -1.117200 0.000000 0.000000 0.000000 1.000000
0.999952 0.004145 -0.008850 0.017300 -0.003809 0.999281 0.037725 10.574800 0.009000 -0.037689 0.999249 -1.117200 0.000000 0.000000 0.000000 1.000000
0.999908 0.002705 -0.013317 0.017300 -0.002529 0.999910 0.013145 10.574800 0.013351 -0.013110 0.999825 -1.117200 0.000000 0.000000 0.000000 1.000000
0.999804 0.006781 -0.018625 0.017300 -0.006925 0.999946 -0.007693 10.574800 0.018572 0.007820 0.999797 -1.117200 0.000000 0.000000 0.000000 1.000000
0.999583 0.015570 -0.024315 0.017300 -0.016429 0.999233 -0.035550 10.574800 0.023743 0.035934 0.999072 -1.117200 0.000000 0.000000 0.000000 1.000000
0.999520 0.017377 -0.025654 0.017300 -0.019024 0.997678 -0.065403 10.574800 0.024458 0.065859 0.997529 -1.117200 0.000000 0.000000 0.000000 1.000000
0.999704 0.013142 -0.020480 0.017300 -0.014778 0.996531 -0.081905 10.574800 0.019332 0.082183 0.996430 -1.117200 0.000000 0.000000 0.000000 1.000000
0.999809 0.013123 -0.014484 0.017300 -0.014273 0.996496 -0.082419 10.574800 0.013352 0.082610 0.996492 -1.117200 0.000000 0.000000 0.000000 1.000000
0.999860 0.012746 -0.010867 0.017300 -0.013530 0.997062 -0.075391 10.574800 0.009874 0.075527 0.997095 -1.117200 0.000000 0.000000 0.000000 1.000000
0.999876 0.010953 -0.011298 0.017300 -0.011697 0.997618 -0.067982 10.574800 0.010527 0.068106 0.997623 -1.117200 0.000000 0.000000 0.000000 1.000000
0.999851 0.010500 -0.013730 0.017300 -0.011403 0.997660 -0.067409 10.574800 0.012990 0.067556 0.997631 -1.117200 0.000000 0.000000 0.000000 1.000000
0.999859 0.008709 -0.014362 0.017300 -0.009704 0.997450 -0.070710 10.574800 0.013710 0.070839 0.997394 -1.117200 0.000000 0.000000 0.000000 1.000000
0.999909 0.005177 -0.012471 0.017300 -0.006053 0.997437 -0.071293 10.574800 0.012070 0.071362 0.997377 -1.117200 0.000000 0.000000 0.000000 1.000000
0.999964 0.000009 -0.008534 0.017300 -0.000540 0.998064 -0.062188 10.574800 0.008517 0.062191 0.998028 -1.117200 0.000000 0.000000 0.000000 1.000000
0.999984 -0.003667 -0.004265 0.017300 0.003423 0.998438 -0.055766 10.574800 0.004463 0.055751 0.998435 -1.117200 0.000000 0.000000 0.000000 1.000000
0.999932 -0.010659 0.004754 0.017300 0.010809 0.999406 -0.032727 10.574800 -0.004402 0.032776 0.999453 -1.117200 0.000000 0.000000 0.000000 1.000000
0.999808 -0.018988 0.004916 0.017300 0.019063 0.999696 -0.015668 10.574800 -0.004617 0.015758 0.999865 -1.117200 0.000000 0.000000 0.000000 1.000000
0.999920 0.007077 -0.010483 0.017300 -0.006611 0.999016 0.043864 10.574800 0.010783 -0.043791 0.998983 -1.117200 0.000000 0.000000 0.000000 1.000000
0.999944 0.008812 -0.005906 0.017300 -0.008539 0.998964 0.044694 10.574800 0.006294 -0.044641 0.998983 -1.117200 0.000000 0.000000 0.000000 1.000000
0.999982 0.005796 -0.001286 0.017300 -0.005737 0.999115 0.041679 10.574800 0.001526 -0.041671 0.999130 -1.117200 0.000000 0.000000 0.000000 1.000000
0.999995 0.000924 0.003166 0.017300 -0.001038 0.999342 0.036265 10.574800 -0.003131 -0.036268 0.999337 -1.117200 0.000000 0.000000 0.000000 1.000000
0.999915 -0.008559 0.009836 0.017300 0.008261 0.999519 0.029893 10.574800 -0.010087 -0.029809 0.999505 -1.117200 0.000000 0.000000 0.000000 1.000000
0.999657 -0.020872 0.015813 0.017300 0.020491 0.999504 0.023903 10.574800 -0.016304 -0.023571 0.999589 -1.117200 0.000000 0.000000 0.000000 1.000000
0.999339 -0.030732 0.019418 0.017300 0.030356 0.999351 0.019372 10.574800 -0.020000 -0.018769 0.999624 -1.117200 0.000000 0.000000 0.000000 1.000000</float_array>
        <technique_common>
          <accessor source="#mixamorig_Spine-Matrix-animation-output-transform-array" count="34" stride="16">
            <param type="float4x4"/>
          </accessor>
        </technique_common>
      </source>
      <source id="mixamorig_Spine-Interpolations">
        <Name_array id="mixamorig_Spine-Interpolations-array" count="34">
 LINEAR LINEAR LINEAR LINEAR LINEAR LINEAR LINEAR LINEAR LINEAR LINEAR LINEAR
LINEAR LINEAR LINEAR LINEAR LINEAR LINEAR LINEAR LINEAR LINEAR LINEAR LINEAR LINEAR
LINEAR LINEAR LINEAR LINEAR LINEAR LINEAR LINEAR LINEAR LINEAR LINEAR LINEAR</Name_array>
        <technique_common>
          <accessor source="#mixamorig_Spine-Interpolations-array" count="34">
            <param type="name"/>
          </accessor>
        </technique_common>
      </source>
      <sampler id="mixamorig_Spine-Matrix-animation-transform">
        <input semantic="INPUT" source="#mixamorig_Spine-Matrix-animation-input"/>
        <input semantic="OUTPUT" source="#mixamorig_Spine-Matrix-animation-output-transform"/>
        <input semantic="INTERPOLATION" source="#mixamorig_Spine-Interpolations"/>
      </sampler>
      <channel source="#mixamorig_Spine-Matrix-animation-transform" target="mixamorig_Spine/matrix"/>
    </animation>
    <animation id="mixamorig_Spine1-anim" name="mixamorig_Spine1">
      <source id="mixamorig_Spine1-Matrix-animation-input">
        <float_array id="mixamorig_Spine1-Matrix-animation-input-array" count="34">

0.000000 0.033333 0.066667 0.100000 0.133333 0.166667 0.200000 0.233333 0.266667 0.300000 0.333333 0.366667 0.400000 0.433333 0.466667 0.500000
0.533333 0.566667 0.600000 0.633333 0.666667 0.700000 0.733333 0.766667 0.800000 0.833333 0.866667 0.900000 0.933333 0.966667 1.000000 1.033333
1.066667 1.100000</float_array>
        <technique_common>
          <accessor source="#mixamorig_Spine1-Matrix-animation-input-array" count="34">
            <param name="TIME" type="float"/>
          </accessor>
        </technique_common>
      </source>
      <source id="mixamorig_Spine1-Matrix-animation-output-transform">
        <float_array id="mixamorig_Spine1-Matrix-animation-output-transform-array" count="544">

0.998344 -0.034956 0.045691 0.000000 0.042288 0.984383 -0.170885 12.406000 -0.039004 0.172534 0.984231 0.000000 0.000000 0.000000 0.000000 1.000000
0.998578 -0.033186 0.041712 -0.000000 0.040163 0.982940 -0.179489 12.406000 -0.035044 0.180909 0.982875 0.000000 0.000000 0.000000 0.000000 1.000000
0.998904 -0.031313 0.034794 -0.000000 0.037121 0.982730 -0.181282 12.406000 -0.028517 0.182375 0.982815 -0.000000 0.000000 0.000000 0.000000 1.000000
0.999252 -0.027728 0.026954 0.000000 0.031914 0.984947 -0.169883 12.406000 -0.021838 0.170617 0.985095 -0.000000 0.000000 0.000000 0.000000 1.000000
0.999584 -0.020976 0.019814 0.000000 0.023702 0.988521 -0.149212 12.406000 -0.016457 0.149619 0.988607 -0.000000 0.000000 0.000000 0.000000 1.000000
0.999759 -0.015664 0.015372 0.000000 0.017415 0.992460 -0.121326 12.406000 -0.013356 0.121564 0.992494 0.000000 0.000000 0.000000 0.000000 1.000000
0.999793 -0.014224 0.014540 0.000000 0.015589 0.995009 -0.098558 12.406000 -0.013065 0.098765 0.995025 0.000000 0.000000 0.000000 0.000000 1.000000
0.999761 -0.014786 0.016078 0.000000 0.016050 0.996541 -0.081536 12.406000 -0.014817 0.081774 0.996541 0.000000 0.000000 0.000000 0.000000 1.000000
0.999887 -0.006615 0.013521 0.000000 0.007754 0.996264 -0.086008 12.406000 -0.012902 0.086104 0.996203 0.000000 0.000000 0.000000 0.000000 1.000000
0.999910 0.012968 0.003336 -0.000000 -0.012568 0.994873 -0.100345 12.406000 -0.004621 0.100294 0.994947 0.000000 0.000000 0.000000 0.000000 1.000000
0.999861 0.013682 -0.009480 0.000000 -0.014533 0.995232 -0.096445 12.406000 0.008115 0.096570 0.995293 -0.000000 0.000000 0.000000 0.000000 1.000000
0.999864 0.001584 -0.016410 -0.000000 -0.003780 0.990884 -0.134668 12.406000 0.016047 0.134712 0.990755 -0.000000 0.000000 0.000000 0.000000 1.000000
0.999680 -0.001961 -0.025217 0.000000 -0.002694 0.983066 -0.183231 12.406000 0.025150 0.183240 0.982746 -0.000000 0.000000 0.000000 0.000000 1.000000
0.999326 0.005972 -0.036213 0.000000 -0.013938 0.974507 -0.223923 12.406000 0.033952 0.224277 0.973934 0.000000 0.000000 0.000000 0.000000 1.000000
0.998657 0.021180 -0.047290 0.000000 -0.033508 0.960108 -0.277614 12.406000 0.039523 0.278826 0.959528 0.000000 0.000000 0.000000 0.000000 1.000000
0.998424 0.025081 -0.050213 0.000000 -0.040469 0.941574 -0.334366 12.406000 0.038893 0.335871 0.941105 0.000000 0.000000 0.000000 0.000000 1.000000
0.998992 0.019602 -0.040382 -0.000000 -0.033027 0.930230 -0.365488 12.406000 0.030400 0.366453 0.929940 0.000000 0.000000 0.000000 0.000000 1.000000
0.999417 0.020649 -0.027186 0.000000 -0.029186 0.929923 -0.366595 12.406000 0.017711 0.367175 0.929983 0.000000 0.000000 0.000000 0.000000 1.000000
0.999696 0.017904 -0.016933 0.000000 -0.022737 0.935131 -0.353571 12.406000 0.009504 0.353848 0.935255 0.000000 0.000000 0.000000 0.000000 1.000000
0.999793 0.012044 -0.016373 -0.000000 -0.016891 0.940387 -0.339688 12.406000 0.011306 0.339894 0.940396 0.000000 0.000000 0.000000 0.000000 1.000000
0.999676 0.011033 -0.022918 0.000000 -0.018145 0.940761 -0.338583 12.406000 0.017825 0.338890 0.940657 0.000000 0.000000 0.000000 0.000000 1.000000
0.999599 0.009177 -0.026787 0.000000 -0.017855 0.938520 -0.344763 12.406000 0.021977 0.345103 0.938307 0.000000 0.000000 0.000000 0.000000 1.000000
0.999660 0.005112 -0.025579 -0.000000 -0.013648 0.938189 -0.345855 12.406000 0.022230 0.346086 0.937939 0.000000 0.000000 0.000000 0.000000 1.000000
0.999766 -0.000675 -0.021619 0.000000 -0.006469 0.944417 -0.328686 12.406000 0.020639 0.328749 0.944192 0.000000 0.000000 0.000000 0.000000 1.000000
0.999803 -0.001720 -0.019783 0.000000 -0.004631 0.948586 -0.316487 12.406000 0.019310 0.316516 0.948391 0.000000 0.000000 0.000000 0.000000 1.000000
0.999963 -0.008244 -0.002379 0.000000 0.007284 0.962121 -0.272524 12.406000 0.004536 0.272497 0.962146 0.000000 0.000000 0.000000 0.000000 1.000000
0.999253 -0.037254 0.010318 0.000000 0.038641 0.970152 -0.239401 12.406000 -0.001091 0.239621 0.970866 0.000000 0.000000 0.000000 0.000000 1.000000
0.999588 0.014594 -0.024732 0.000000 -0.017515 0.992336 -0.122319 12.406000 0.022758 0.122702 0.992183 0.000000 0.000000 0.000000 0.000000 1.000000
0.999576 0.021955 -0.019147 0.000000 -0.024108 0.992403 -0.120648 12.406000 0.016352 0.121058 0.992511 0.000000 0.000000 0.000000 0.000000 1.000000
0.999795 0.018080 -0.009138 0.000000 -0.019093 0.991753 -0.126732 12.406000 0.006771 0.126880 0.991895 0.000000 0.000000 0.000000 0.000000 1.000000
0.999970 0.006751 0.003734 0.000000 -0.006173 0.990475 -0.137552 12.406000 -0.004627 0.137525 0.990488 0.000000 0.000000 0.000000 0.000000 1.000000
0.999800 -0.008285 0.018195 0.000000 0.010926 0.988600 -0.150169 12.406000 -0.016744 0.150338 0.988493 0.000000 0.000000 0.000000 0.000000 1.000000
0.999189 -0.023369 0.032779 -0.000000 0.028384 0.986384 -0.161992 12.406000 -0.028547 0.162791 0.986248 0.000000 0.000000 0.000000 0.000000 1.000000
0.998342 -0.035014 0.045686 0.000000 0.042344 0.984381 -0.170885 12.406000 -0.038989 0.172536 0.984231 0.000000 0.000000 0.000000 0.000000 1.000000</float_array>
        <technique_common>
          <accessor source="#mixamorig_Spine1-Matrix-animation-output-transform-array" count="34" stride="16">
            <param type="float4x4"/>
          </accessor>
        </technique_common>
      </source>
      <source id="mixamorig_Spine1-Interpolations">
        <Name_array id="mixamorig_Spine1-Interpolations-array" count="34">
 LINEAR LINEAR LINEAR LINEAR LINEAR LINEAR LINEAR LINEAR LINEAR LINEAR LINEAR
LINEAR LINEAR LINEAR LINEAR LINEAR LINEAR LINEAR LINEAR LINEAR LINEAR LINEAR LINEAR
LINEAR LINEAR LINEAR LINEAR LINEAR LINEAR LINEAR LINEAR LINEAR LINEAR LINEAR</Name_array>
        <technique_common>
          <accessor source="#mixamorig_Spine1-Interpolations-array" count="34">
            <param type="name"/>
          </accessor>
        </technique_common>
      </source>
      <sampler id="mixamorig_Spine1-Matrix-animation-transform">
        <input semantic="INPUT" source="#mixamorig_Spine1-Matrix-animation-input"/>
        <input semantic="OUTPUT" source="#mixamorig_Spine1-Matrix-animation-output-transform"/>
        <input semantic="INTERPOLATION" source="#mixamorig_Spine1-Interpolations"/>
      </sampler>
      <channel source="#mixamorig_Spine1-Matrix-animation-transform" target="mixamorig_Spine1/matrix"/>
    </animation>
    <animation id="mixamorig_Spine2-anim" name="mixamorig_Spine2">
      <source id="mixamorig_Spine2-Matrix-animation-input">
        <float_array id="mixamorig_Spine2-Matrix-animation-input-array" count="34">

0.000000 0.033333 0.066667 0.100000 0.133333 0.166667 0.200000 0.233333 0.266667 0.300000 0.333333 0.366667 0.400000 0.433333 0.466667 0.500000
0.533333 0.566667 0.600000 0.633333 0.666667 0.700000 0.733333 0.766667 0.800000 0.833333 0.866667 0.900000 0.933333 0.966667 1.000000 1.033333
1.066667 1.100000</float_array>
        <technique_common>
          <accessor source="#mixamorig_Spine2-Matrix-animation-input-array" count="34">
            <param name="TIME" type="float"/>
          </accessor>
        </technique_common>
      </source>
      <source id="mixamorig_Spine2-Matrix-animation-output-transform">
        <float_array id="mixamorig_Spine2-Matrix-animation-output-transform-array" count="544">

0.998287 -0.031479 0.049307 -0.000000 0.043802 0.960915 -0.273356 14.178300 -0.038774 0.275048 0.960648 0.000000 0.000000 0.000000 0.000000 1.000000
0.998525 -0.030138 0.045163 0.000000 0.041676 0.958579 -0.281762 14.178300 -0.034800 0.283228 0.958421 -0.000000 0.000000 0.000000 0.000000 1.000000
0.998853 -0.029003 0.038087 0.000000 0.038633 0.958187 -0.283524 14.178300 -0.028272 0.284670 0.958209 0.000000 0.000000 0.000000 0.000000 1.000000
0.999207 -0.026262 0.029914 0.000000 0.033429 0.961597 -0.272422 14.178300 -0.021611 0.273206 0.961713 0.000000 0.000000 0.000000 0.000000 1.000000
0.999550 -0.020298 0.022104 0.000000 0.025222 0.967336 -0.252241 14.178300 -0.016262 0.252685 0.967412 0.000000 0.000000 0.000000 0.000000 1.000000
0.999733 -0.015482 0.017128 0.000000 0.018940 0.974192 -0.224925 14.178300 -0.013204 0.225189 0.974226 -0.000000 0.000000 0.000000 0.000000 1.000000
0.999770 -0.014138 0.016149 0.000000 0.017117 0.979122 -0.202552 14.178300 -0.012949 0.202781 0.979138 0.000000 0.000000 0.000000 0.000000 1.000000
0.999737 -0.014535 0.017739 0.000000 0.017580 0.982433 -0.185784 14.178300 -0.014727 0.186047 0.982430 0.000000 0.000000 0.000000 0.000000 1.000000
0.999875 -0.006678 0.014337 0.000000 0.009284 0.981701 -0.190205 14.178300 -0.012804 0.190314 0.981640 0.000000 0.000000 0.000000 0.000000 1.000000
0.999929 0.011727 0.002151 0.000000 -0.011040 0.978842 -0.204319 14.178300 -0.004502 0.204281 0.978902 -0.000000 0.000000 0.000000 0.000000 1.000000
0.999882 0.011090 -0.010669 -0.000000 -0.013005 0.979612 -0.200480 14.178300 0.008228 0.200595 0.979640 -0.000000 0.000000 0.000000 0.000000 1.000000
0.999866 -0.001669 -0.016290 0.000000 -0.002257 0.971255 -0.238032 14.178300 0.016219 0.238037 0.971121 0.000000 0.000000 0.000000 0.000000 1.000000
0.999677 -0.006119 -0.024676 0.000000 -0.001181 0.958377 -0.285504 14.178300 0.025396 0.285441 0.958060 0.000000 0.000000 0.000000 0.000000 1.000000
0.999336 0.000615 -0.036444 -0.000000 -0.012437 0.945607 -0.325075 14.178300 0.034262 0.325312 0.944986 0.000000 0.000000 0.000000 0.000000 1.000000
0.998690 0.014576 -0.049058 0.000000 -0.032027 0.925676 -0.376959 14.178300 0.039917 0.378036 0.924930 0.000000 0.000000 0.000000 0.000000 1.000000
0.998463 0.018148 -0.052375 0.000000 -0.039014 0.901292 -0.431451 14.178300 0.039375 0.432831 0.900615 -0.000000 0.000000 0.000000 0.000000 1.000000
0.999022 0.013732 -0.042023 0.000000 -0.031589 0.886730 -0.461207 14.178300 0.030929 0.462084 0.886297 0.000000 0.000000 0.000000 0.000000 1.000000
0.999449 0.016159 -0.029010 0.000000 -0.027748 0.886302 -0.462276 14.178300 0.018241 0.462826 0.886262 0.000000 0.000000 0.000000 0.000000 1.000000
0.999723 0.014506 -0.018525 -0.000000 -0.021291 0.892841 -0.449869 14.178300 0.010014 0.450139 0.892902 0.000000 0.000000 0.000000 0.000000 1.000000
0.999811 0.008737 -0.017352 0.000000 -0.015438 0.899517 -0.436614 14.178300 0.011794 0.436799 0.899482 0.000000 0.000000 0.000000 0.000000 1.000000
0.999693 0.007044 -0.023755 0.000000 -0.016692 0.900007 -0.435555 14.178300 0.018311 0.435818 0.899849 0.000000 0.000000 0.000000 0.000000 1.000000
0.999613 0.004792 -0.027408 0.000000 -0.016405 0.897128 -0.441465 14.178300 0.022473 0.441744 0.896860 -0.000000 0.000000 0.000000 0.000000 1.000000
0.999667 0.000877 -0.025779 0.000000 -0.012198 0.896678 -0.442515 14.178300 0.022728 0.442682 0.896391 -0.000000 0.000000 0.000000 0.000000 1.000000
0.999765 -0.004463 -0.021232 0.000000 -0.005011 0.904665 -0.426094 14.178300 0.021110 0.426101 0.904430 0.000000 0.000000 0.000000 0.000000 1.000000
0.999800 -0.005309 -0.019297 0.000000 -0.003166 0.910089 -0.414400 14.178300 0.019762 0.414378 0.909890 -0.000000 0.000000 0.000000 0.000000 1.000000
0.999949 -0.009969 -0.001304 0.000000 0.008768 0.928151 -0.372101 14.178300 0.004920 0.372071 0.928191 0.000000 0.000000 0.000000 0.000000 1.000000
0.999194 -0.037483 0.014370 -0.000000 0.040136 0.939569 -0.339999 14.178300 -0.000758 0.340302 0.940316 0.000000 0.000000 0.000000 0.000000 1.000000
0.999610 0.010395 -0.025933 0.000000 -0.015990 0.974018 -0.225906 14.178300 0.022911 0.226233 0.973804 0.000000 0.000000 0.000000 0.000000 1.000000
0.999609 0.018302 -0.021152 0.000000 -0.022583 0.974269 -0.224253 14.178300 0.016503 0.224643 0.974301 -0.000000 0.000000 0.000000 0.000000 1.000000
0.999822 0.015500 -0.010791 -0.000000 -0.017569 0.972977 -0.230234 14.178300 0.006931 0.230383 0.973075 0.000000 0.000000 0.000000 0.000000 1.000000
0.999979 0.005586 0.003200 -0.000000 -0.004651 0.970549 -0.240857 14.178300 -0.004451 0.240837 0.970555 -0.000000 0.000000 0.000000 0.000000 1.000000
0.999786 -0.007848 0.019161 0.000000 0.012446 0.967333 -0.253204 14.178300 -0.016548 0.253388 0.967223 0.000000 0.000000 0.000000 0.000000 1.000000
0.999151 -0.021315 0.035248 -0.000000 0.029901 0.963860 -0.264726 14.178300 -0.028332 0.265555 0.963679 -0.000000 0.000000 0.000000 0.000000 1.000000
0.998286 -0.031538 0.049307 0.000000 0.043859 0.960913 -0.273356 14.178300 -0.038759 0.275050 0.960648 0.000000 0.000000 0.000000 0.000000 1.000000</float_array>
        <technique_common>
          <accessor source="#mixamorig_Spine2-Matrix-animation-output-transform-array" count="34" stride="16">
            <param type="float4x4"/>
          </accessor>
        </technique_common>
      </source>
      <source id="mixamorig_Spine2-Interpolations">
        <Name_array id="mixamorig_Spine2-Interpolations-array" count="34">
 LINEAR LINEAR LINEAR LINEAR LINEAR LINEAR LINEAR LINEAR LINEAR LINEAR LINEAR
LINEAR LINEAR LINEAR LINEAR LINEAR LINEAR LINEAR LINEAR LINEAR LINEAR LINEAR LINEAR
LINEAR LINEAR LINEAR LINEAR LINEAR LINEAR LINEAR LINEAR LINEAR LINEAR LINEAR</Name_array>
        <technique_common>
          <accessor source="#mixamorig_Spine2-Interpolations-array" count="34">
            <param type="name"/>
          </accessor>
        </technique_common>
      </source>
      <sampler id="mixamorig_Spine2-Matrix-animation-transform">
        <input semantic="INPUT" source="#mixamorig_Spine2-Matrix-animation-input"/>
        <input semantic="OUTPUT" source="#mixamorig_Spine2-Matrix-animation-output-transform"/>
        <input semantic="INTERPOLATION" source="#mixamorig_Spine2-Interpolations"/>
      </sampler>
      <channel source="#mixamorig_Spine2-Matrix-animation-transform" target="mixamorig_Spine2/matrix"/>
    </animation>
    <animation id="mixamorig_Neck-anim" name="mixamorig_Neck">
      <source id="mixamorig_Neck-Matrix-animation-input">
        <float_array id="mixamorig_Neck-Matrix-animation-input-array" count="34">

0.000000 0.033333 0.066667 0.100000 0.133333 0.166667 0.200000 0.233333 0.266667 0.300000 0.333333 0.366667 0.400000 0.433333 0.466667 0.500000
0.533333 0.566667 0.600000 0.633333 0.666667 0.700000 0.733333 0.766667 0.800000 0.833333 0.866667 0.900000 0.933333 0.966667 1.000000 1.033333
1.066667 1.100000</float_array>
        <technique_common>
          <accessor source="#mixamorig_Neck-Matrix-animation-input-array" count="34">
            <param name="TIME" type="float"/>
          </accessor>
        </technique_common>
      </source>
      <source id="mixamorig_Neck-Matrix-animation-output-transform">
        <float_array id="mixamorig_Neck-Matrix-animation-output-transform-array" count="544">

0.998465 0.007577 -0.054863 0.024400 -0.000366 0.991478 0.130270 15.862300 0.055382 -0.130050 0.989959 -1.675800 0.000000 0.000000 0.000000 1.000000
0.998542 0.025733 -0.047454 0.024400 -0.020566 0.994118 0.106327 15.862300 0.049912 -0.105196 0.993198 -1.675800 0.000000 0.000000 0.000000 1.000000
0.997888 0.054200 -0.035804 0.024400 -0.051670 0.996334 0.068179 15.862300 0.039368 -0.066186 0.997030 -1.675800 0.000000 0.000000 0.000000 1.000000
0.996192 0.084447 -0.021696 0.024400 -0.083795 0.996049 0.029392 15.862300 0.024093 -0.027462 0.999332 -1.675800 0.000000 0.000000 0.000000 1.000000
0.993681 0.111879 -0.008988 0.024400 -0.112048 0.993475 -0.021281 15.862300 0.006549 0.022154 0.999733 -1.675800 0.000000 0.000000 0.000000 1.000000
0.991347 0.131208 -0.004064 0.024400 -0.130966 0.986463 -0.098686 15.862300 -0.008939 0.098364 0.995110 -1.675800 0.000000 0.000000 0.000000 1.000000
0.990641 0.136427 -0.004163 0.024400 -0.135128 0.975996 -0.170796 15.862300 -0.019238 0.169761 0.985298 -1.675800 0.000000 0.000000 0.000000 1.000000
0.992181 0.124722 -0.004568 0.024400 -0.122964 0.970627 -0.206792 15.862300 -0.021358 0.205736 0.978374 -1.675800 0.000000 0.000000 0.000000 1.000000
0.994224 0.107084 -0.007208 0.024400 -0.105875 0.967566 -0.229361 15.862300 -0.017587 0.228799 0.973315 -1.675800 0.000000 0.000000 0.000000 1.000000
0.992525 0.121887 -0.006143 0.024400 -0.119884 0.964314 -0.236066 15.862300 -0.022850 0.235038 0.971718 -1.675800 0.000000 0.000000 0.000000 1.000000
0.986239 0.165231 0.005616 0.024400 -0.159961 0.962261 -0.220150 15.862300 -0.041780 0.216222 0.975450 -1.675800 0.000000 0.000000 0.000000 1.000000
0.985262 0.170469 0.014122 0.024400 -0.160922 0.951736 -0.261347 15.862300 -0.057992 0.255222 0.965142 -1.675800 0.000000 0.000000 0.000000 1.000000
0.990770 0.134220 0.018966 0.024400 -0.118691 0.926572 -0.356900 15.862300 -0.065477 0.351355 0.933950 -1.675800 0.000000 0.000000 0.000000 1.000000
0.993790 0.106063 0.033659 0.024400 -0.086691 0.927600 -0.363378 15.862300 -0.069763 0.358203 0.931034 -1.675800 0.000000 0.000000 0.000000 1.000000
0.994490 0.091931 0.050384 0.024400 -0.076303 0.964333 -0.253456 15.862300 -0.071887 0.248215 0.966034 -1.675800 0.000000 0.000000 0.000000 1.000000
0.995003 0.076494 0.064175 0.024400 -0.064900 0.983897 -0.166535 15.862300 -0.075880 0.161538 0.983945 -1.675800 0.000000 0.000000 0.000000 1.000000
0.995053 0.064035 0.075956 0.024400 -0.049073 0.981578 -0.184650 15.862300 -0.086381 0.180009 0.979865 -1.675800 0.000000 0.000000 0.000000 1.000000
0.994458 0.064285 0.083196 0.024400 -0.037558 0.956293 -0.289988 15.862300 -0.098202 0.285256 0.953407 -1.675800 0.000000 0.000000 0.000000 1.000000
0.994491 0.064564 0.082575 0.024400 -0.021064 0.894810 -0.445950 15.862300 -0.102681 0.441754 0.891241 -1.675800 0.000000 0.000000 0.000000 1.000000
0.994885 0.055505 0.084395 0.024400 0.000810 0.831089 -0.556139 15.862300 -0.101008 0.553363 0.826793 -1.675800 0.000000 0.000000 0.000000 1.000000
0.994762 0.048568 0.089948 0.024400 0.010794 0.825097 -0.564888 15.862300 -0.101651 0.562899 0.820251 -1.675800 0.000000 0.000000 0.000000 1.000000
0.994478 0.049255 0.092673 0.024400 0.007632 0.846746 -0.531943 15.862300 -0.104672 0.529713 0.841694 -1.675800 0.000000 0.000000 0.000000 1.000000
0.994527 0.056551 0.087848 0.024400 -0.002922 0.855568 -0.517682 15.862300 -0.104435 0.514592 0.851051 -1.675800 0.000000 0.000000 0.000000 1.000000
0.994568 0.065222 0.081121 0.024400 -0.014781 0.859942 -0.510178 15.862300 -0.103034 0.506208 0.856234 -1.675800 0.000000 0.000000 0.000000 1.000000
0.994474 0.062716 0.084193 0.024400 -0.014335 0.875565 -0.482888 15.862300 -0.104002 0.479012 0.871625 -1.675800 0.000000 0.000000 0.000000 1.000000
0.994313 0.055635 0.090811 0.024400 -0.017914 0.927924 -0.372340 15.862300 -0.104981 0.368596 0.923643 -1.675800 0.000000 0.000000 0.000000 1.000000
0.988674 0.121339 0.088319 0.024400 -0.103481 0.977388 -0.184403 15.862300 -0.108697 0.173176 0.978874 -1.675800 0.000000 0.000000 0.000000 1.000000
0.992216 0.081569 0.094099 0.024400 -0.082777 0.996527 0.009006 15.862300 -0.093038 -0.016725 0.995522 -1.675800 0.000000 0.000000 0.000000 1.000000
0.989338 0.096827 0.108787 0.024400 -0.109685 0.986794 0.119195 15.862300 -0.095810 -0.129856 0.986893 -1.675800 0.000000 0.000000 0.000000 1.000000
0.986625 0.107090 0.122897 0.024400 -0.116265 0.990743 0.070072 15.862300 -0.114256 -0.083423 0.989943 -1.675800 0.000000 0.000000 0.000000 1.000000
0.990449 0.096699 0.098290 0.024400 -0.103344 0.992525 0.064916 15.862300 -0.091278 -0.074454 0.993038 -1.675800 0.000000 0.000000 0.000000 1.000000
0.996354 0.075321 0.040060 0.024400 -0.079905 0.988430 0.128926 15.862300 -0.029885 -0.131657 0.990845 -1.675800 0.000000 0.000000 0.000000 1.000000
0.999107 0.037331 -0.019789 0.024400 -0.034391 0.990602 0.132378 15.862300 0.024545 -0.131579 0.991002 -1.675800 0.000000 0.000000 0.000000 1.000000
0.998465 0.007577 -0.054863 0.024400 -0.000366 0.991478 0.130270 15.862300 0.055382 -0.130050 0.989960 -1.675800 0.000000 0.000000 0.000000 1.000000</float_array>
        <technique_common>
          <accessor source="#mixamorig_Neck-Matrix-animation-output-transform-array" count="34" stride="16">
            <param type="float4x4"/>
          </accessor>
        </technique_common>
      </source>
      <source id="mixamorig_Neck-Interpolations">
        <Name_array id="mixamorig_Neck-Interpolations-array" count="34">
 LINEAR LINEAR LINEAR LINEAR LINEAR LINEAR LINEAR LINEAR LINEAR LINEAR LINEAR
LINEAR LINEAR LINEAR LINEAR LINEAR LINEAR LINEAR LINEAR LINEAR LINEAR LINEAR LINEAR
LINEAR LINEAR LINEAR LINEAR LINEAR LINEAR LINEAR LINEAR LINEAR LINEAR LINEAR</Name_array>
        <technique_common>
          <accessor source="#mixamorig_Neck-Interpolations-array" count="34">
            <param type="name"/>
          </accessor>
        </technique_common>
      </source>
      <sampler id="mixamorig_Neck-Matrix-animation-transform">
        <input semantic="INPUT" source="#mixamorig_Neck-Matrix-animation-input"/>
        <input semantic="OUTPUT" source="#mixamorig_Neck-Matrix-animation-output-transform"/>
        <input semantic="INTERPOLATION" source="#mixamorig_Neck-Interpolations"/>
      </sampler>
      <channel source="#mixamorig_Neck-Matrix-animation-transform" target="mixamorig_Neck/matrix"/>
    </animation>
    <animation id="mixamorig_Head-anim" name="mixamorig_Head">
      <source id="mixamorig_Head-Matrix-animation-input">
        <float_array id="mixamorig_Head-Matrix-animation-input-array" count="34">

0.000000 0.033333 0.066667 0.100000 0.133333 0.166667 0.200000 0.233333 0.266667 0.300000 0.333333 0.366667 0.400000 0.433333 0.466667 0.500000
0.533333 0.566667 0.600000 0.633333 0.666667 0.700000 0.733333 0.766667 0.800000 0.833333 0.866667 0.900000 0.933333 0.966667 1.000000 1.033333
1.066667 1.100000</float_array>
        <technique_common>
          <accessor source="#mixamorig_Head-Matrix-animation-input-array" count="34">
            <param name="TIME" type="float"/>
          </accessor>
        </technique_common>
      </source>
      <source id="mixamorig_Head-Matrix-animation-output-transform">
        <float_array id="mixamorig_Head-Matrix-animation-output-transform-array" count="544">

0.987594 0.090815 -0.128108 0.000000 -0.057729 0.968649 0.241632 5.564000 0.146036 -0.231239 0.961874 0.988100 0.000000 0.000000 0.000000 1.000000
0.989126 0.075278 -0.126343 0.000000 -0.040636 0.965519 0.257142 5.564000 0.141344 -0.249212 0.958079 0.988100 0.000000 0.000000 0.000000 1.000000
0.991459 0.047840 -0.121325 -0.000000 -0.014255 0.964469 0.263810 5.564000 0.129635 -0.259828 0.956914 0.988100 0.000000 0.000000 0.000000 1.000000
0.994025 0.017879 -0.107675 0.000000 0.009927 0.967597 0.252305 5.564000 0.108697 -0.251866 0.961638 0.988100 0.000000 0.000000 0.000000 1.000000
0.995905 -0.004192 -0.090304 0.000000 0.024297 0.974579 0.222723 5.564000 0.087075 -0.224005 0.970690 0.988100 0.000000 0.000000 0.000000 1.000000
0.996356 -0.019311 -0.083075 0.000000 0.033772 0.983744 0.176375 5.564000 0.078319 -0.178538 0.980811 0.988100 0.000000 0.000000 0.000000 1.000000
0.995637 -0.037641 -0.085384 0.000000 0.049557 0.988621 0.142033 5.564000 0.079066 -0.145645 0.986172 0.988100 0.000000 0.000000 0.000000 1.000000
0.994823 -0.052972 -0.086729 0.000000 0.065882 0.985950 0.153501 5.564000 0.077379 -0.158420 0.984335 0.988100 0.000000 0.000000 0.000000 1.000000
0.994499 -0.055855 -0.088614 -0.000000 0.071692 0.979733 0.187041 5.564000 0.076371 -0.192364 0.978347 0.988100 0.000000 0.000000 0.000000 1.000000
0.992597 -0.069376 -0.099694 -0.000000 0.088349 0.975663 0.200692 5.564000 0.083345 -0.208014 0.974569 0.988100 0.000000 0.000000 0.000000 1.000000
0.987468 -0.107252 -0.115778 0.000000 0.126657 0.976222 0.175924 5.564000 0.094157 -0.188384 0.977571 0.988100 0.000000 0.000000 0.000000 1.000000
0.984325 -0.132269 -0.116659 0.000000 0.143728 0.984952 0.095980 5.564000 0.102208 -0.111243 0.988523 0.988100 0.000000 0.000000 0.000000 1.000000
0.988338 -0.117999 -0.096254 -0.000000 0.115307 0.992779 -0.033086 5.564000 0.099464 0.021602 0.994807 0.988100 0.000000 0.000000 0.000000 1.000000
0.993934 -0.086136 -0.068378 0.000000 0.073248 0.982258 -0.172636 5.564000 0.082035 0.166580 0.982609 0.988100 0.000000 0.000000 0.000000 1.000000
