<?xml version="1.0" encoding="utf-8"?>
<COLLADA xmlns="http://www.collada.org/2005/11/COLLADASchema" version="1.4.1">
  <asset>
    <contributor>
      <author>Mixamo</author>
      <authoring_tool>COLLADA Mixamo exporter</authoring_tool>
      <comments/>
    </contributor>
    <created>2023-08-01T18:09:00Z</created>
    <modified>2023-08-01T18:09:00Z</modified>
    <revision/>
    <title/>
    <unit meter="0.010000"/>
    <up_axis>Y_UP</up_axis>
  </asset>
  <library_animations>
    <animation id="mixamorig_Hips-anim" name="mixamorig_Hips">
      <source id="mixamorig_Hips-Matrix-animation-input">
        <float_array id="mixamorig_Hips-Matrix-animation-input-array" count="37">

0.000000 0.033333 0.066667 0.100000 0.133333 0.166667 0.200000 0.233333 0.266667 0.300000 0.333333 0.366667 0.400000 0.433333 0.466667 0.500000
0.533333 0.566667 0.600000 0.633333 0.666667 0.700000 0.733333 0.766667 0.800000 0.833333 0.866667 0.900000 0.933333 0.966667 1.000000 1.033333
1.066667 1.100000 1.133333 1.166667 1.200000</float_array>
        <technique_common>
          <accessor source="#mixamorig_Hips-Matrix-animation-input-array" count="37">
            <param name="TIME" type="float"/>
          </accessor>
        </technique_common>
      </source>
      <source id="mixamorig_Hips-Matrix-animation-output-transform">
        <float_array id="mixamorig_Hips-Matrix-animation-output-transform-array" count="592">

0.481086 -0.132918 -0.866539 0.749310 0.047886 0.990948 -0.125416 84.665581 0.875365 0.018841 0.483096 -0.312262 0.000000 0.000000 0.000000 1.000000
0.457427 -0.129491 -0.879768 0.782067 0.037218 0.991262 -0.126551 84.448906 0.888468 0.025144 0.458249 -0.409351 0.000000 0.000000 0.000000 1.000000
0.429998 -0.126125 -0.893977 1.053264 0.026418 0.991528 -0.127181 83.928070 0.902443 0.031071 0.429687 -0.507684 0.000000 0.000000 0.000000 1.000000
0.400215 -0.122883 -0.908145 1.115637 0.015570 0.991738 -0.127333 83.187424 0.916289 0.036820 0.398822 -0.598543 0.000000 0.000000 0.000000 1.000000
0.368629 -0.119360 -0.921881 0.992751 0.003327 0.991885 -0.127094 82.251724 0.929570 0.043783 0.366035 -0.670825 0.000000 0.000000 0.000000 1.000000
0.337920 -0.116570 -0.933928 0.314601 -0.007648 0.991927 -0.126576 81.267197 0.941144 0.049916 0.334301 -0.741485 0.000000 0.000000 0.000000 1.000000
0.309440 -0.114519 -0.943998 -0.542590 -0.017267 0.991881 -0.125988 80.363701 0.950762 0.055286 0.304951 -0.815589 0.000000 0.000000 0.000000 1.000000
0.284742 -0.113248 -0.951891 -1.390937 -0.025360 0.991760 -0.125577 79.618568 0.958269 0.059897 0.279524 -0.888673 0.000000 0.000000 0.000000 1.000000
0.265318 -0.112797 -0.957540 -2.052524 -0.031817 0.991568 -0.125621 79.106667 0.963636 0.063796 0.259492 -0.956689 0.000000 0.000000 0.000000 1.000000
0.252718 -0.113239 -0.960890 -2.384505 -0.036462 0.991307 -0.126413 78.921310 0.966853 0.066983 0.246393 -1.018697 0.000000 0.000000 0.000000 1.000000
0.249016 -0.114852 -0.961665 -2.489146 -0.038275 0.991001 -0.128267 79.112396 0.967743 0.068749 0.242379 -1.078910 0.000000 0.000000 0.000000 1.000000
0.254865 -0.117629 -0.959795 -2.523739 -0.038112 0.990580 -0.131522 79.514053 0.966225 0.070100 0.247981 -1.081477 0.000000 0.000000 0.000000 1.000000
0.267695 -0.122019 -0.955746 -2.470969 -0.034599 0.990091 -0.136095 79.951218 0.962882 0.069500 0.260821 -1.018760 0.000000 0.000000 0.000000 1.000000
0.288341 -0.127763 -0.948966 -2.204689 -0.028074 0.989504 -0.141751 80.194153 0.957116 0.067514 0.281728 -0.955543 0.000000 0.000000 0.000000 1.000000
0.316125 -0.132160 -0.939467 -2.304416 -0.026872 0.988605 -0.148115 81.125755 0.948337 0.072068 0.308971 -0.815178 0.000000 0.000000 0.000000 1.000000
0.347325 -0.136102 -0.927816 -2.484221 -0.026415 0.987599 -0.154759 82.185455 0.937373 0.078260 0.339423 -0.618226 0.000000 0.000000 0.000000 1.000000
0.379885 -0.139654 -0.914431 -2.625848 -0.025610 0.986571 -0.161311 83.205788 0.924679 0.084698 0.371207 -0.384349 0.000000 0.000000 0.000000 1.000000
0.411226 -0.143796 -0.900120 -2.618088 -0.021791 0.985646 -0.167414 83.909897 0.911273 0.088459 0.402189 -0.168868 0.000000 0.000000 0.000000 1.000000
0.439828 -0.147884 -0.885823 -2.554968 -0.016834 0.984818 -0.172769 84.386864 0.897924 0.090900 0.430661 0.041843 0.000000 0.000000 0.000000 1.000000
0.464301 -0.151747 -0.872581 -2.448854 -0.011245 0.984124 -0.177128 84.579468 0.885606 0.092053 0.455223 0.243774 0.000000 0.000000 0.000000 1.000000
0.484130 -0.155314 -0.861102 -2.319067 -0.005373 0.983574 -0.180425 84.438324 0.874980 0.091976 0.475343 0.426795 0.000000 0.000000 0.000000 1.000000
0.503383 -0.159265 -0.849258 -2.174184 0.001722 0.983049 -0.183335 83.994331 0.864062 0.090825 0.495125 0.596396 0.000000 0.000000 0.000000 1.000000
0.522323 -0.163367 -0.836953 -2.011970 0.009559 0.982537 -0.185819 83.333740 0.852694 0.089057 0.514763 0.751216 0.000000 0.000000 0.000000 1.000000
0.540444 -0.167555 -0.824527 -1.855940 0.018088 0.982058 -0.187712 82.502518 0.841185 0.086534 0.533778 0.878101 0.000000 0.000000 0.000000 1.000000
0.557184 -0.171439 -0.812499 -1.693546 0.026619 0.981640 -0.188874 81.602112 0.829962 0.083610 0.551518 0.978577 0.000000 0.000000 0.000000 1.000000
0.572141 -0.174823 -0.801306 -1.484997 0.034886 0.981321 -0.189189 80.744164 0.819413 0.080288 0.567552 1.057325 0.000000 0.000000 0.000000 1.000000
0.584879 -0.177524 -0.791456 -1.221110 0.042640 0.981136 -0.188559 79.995605 0.809999 0.076537 0.581415 1.096788 0.000000 0.000000 0.000000 1.000000
0.595009 -0.179554 -0.783406 -0.985562 0.049983 0.981106 -0.186903 79.369186 0.802164 0.072052 0.592741 1.079508 0.000000 0.000000 0.000000 1.000000
0.599534 -0.179674 -0.779920 -0.725170 0.055837 0.981491 -0.183188 79.027412 0.798399 0.066279 0.598470 1.023540 0.000000 0.000000 0.000000 1.000000
0.596110 -0.177094 -0.783129 -0.434176 0.059065 0.982401 -0.177198 79.005234 0.800727 0.059374 0.596079 0.928316 0.000000 0.000000 0.000000 1.000000
0.587145 -0.172254 -0.790942 -0.055305 0.057913 0.983532 -0.171205 79.280197 0.807408 0.054716 0.587451 0.842665 0.000000 0.000000 0.000000 1.000000
0.574494 -0.165167 -0.801671 0.353155 0.053665 0.984922 -0.164464 79.863434 0.816748 0.051462 0.574696 0.762823 0.000000 0.000000 0.000000 1.000000
0.560048 -0.158128 -0.813229 0.654591 0.049946 0.986274 -0.157379 80.850777 0.826953 0.047522 0.560259 0.642017 0.000000 0.000000 0.000000 1.000000
0.543405 -0.152720 -0.825462 0.665963 0.049760 0.987443 -0.149931 82.184280 0.837994 0.040399 0.544181 0.406981 0.000000 0.000000 0.000000 1.000000
0.524861 -0.147742 -0.838268 0.610209 0.051301 0.988522 -0.142102 83.541985 0.849641 0.031580 0.526416 0.106486 0.000000 0.000000 0.000000 1.000000
0.504078 -0.141422 -0.852001 0.665914 0.051287 0.989663 -0.133929 84.398582 0.862134 0.023814 0.506120 -0.132674 0.000000 0.000000 0.000000 1.000000
0.481086 -0.132918 -0.866539 0.749310 0.047886 0.990948 -0.125416 84.665588 0.875365 0.018841 0.483096 -0.312267 0.000000 0.000000 0.000000 1.000000</float_array>
        <technique_common>
          <accessor source="#mixamorig_Hips-Matrix-animation-output-transform-array" count="37" stride="16">
            <param type="float4x4"/>
          </accessor>
        </technique_common>
      </source>
      <source id="mixamorig_Hips-Interpolations">
        <Name_array id="mixamorig_Hips-Interpolations-array" count="37">
 LINEAR LINEAR LINEAR LINEAR LINEAR LINEAR LINEAR LINEAR LINEAR LINEAR LINEAR
LINEAR LINEAR LINEAR LINEAR LINEAR LINEAR LINEAR LINEAR LINEAR LINEAR LINEAR LINEAR
LINEAR LINEAR LINEAR LINEAR LINEAR LINEAR LINEAR LINEAR LINEAR LINEAR LINEAR LINEAR
LINEAR LINEAR</Name_array>
        <technique_common>
          <accessor source="#mixamorig_Hips-Interpolations-array" count="37">
            <param type="name"/>
          </accessor>
        </technique_common>
      </source>
      <sampler id="mixamorig_Hips-Matrix-animation-transform">
        <input semantic="INPUT" source="#mixamorig_Hips-Matrix-animation-input"/>
        <input semantic="OUTPUT" source="#mixamorig_Hips-Matrix-animation-output-transform"/>
        <input semantic="INTERPOLATION" source="#mixamorig_Hips-Interpolations"/>
      </sampler>
      <channel source="#mixamorig_Hips-Matrix-animation-transform" target="mixamorig_Hips/matrix"/>
    </animation>
    <animation id="mixamorig_Spine-anim" name="mixamorig_Spine">
      <source id="mixamorig_Spine-Matrix-animation-input">
        <float_array id="mixamorig_Spine-Matrix-animation-input-array" count="37">

0.000000 0.033333 0.066667 0.100000 0.133333 0.166667 0.200000 0.233333 0.266667 0.300000 0.333333 0.366667 0.400000 0.433333 0.466667 0.500000
0.533333 0.566667 0.600000 0.633333 0.666667 0.700000 0.733333 0.766667 0.800000 0.833333 0.866667 0.900000 0.933333 0.966667 1.000000 1.033333
1.066667 1.100000 1.133333 1.166667 1.200000</float_array>
        <technique_common>
          <accessor source="#mixamorig_Spine-Matrix-animation-input-array" count="37">
            <param name="TIME" type="float"/>
          </accessor>
        </technique_common>
      </source>
      <source id="mixamorig_Spine-Matrix-animation-output-transform">
        <float_array id="mixamorig_Spine-Matrix-animation-output-transform-array" count="592">

0.996800 0.079598 0.007384 0.017300 -0.073380 0.947738 -0.310496 10.574800 -0.031713 0.308961 0.950546 -1.117200 0.000000 0.000000 0.000000 1.000000
0.995684 0.091819 0.013483 0.017300 -0.082533 0.942524 -0.323784 10.574800 -0.042438 0.321274 0.946035 -1.117200 0.000000 0.000000 0.000000 1.000000
0.995803 0.088739 0.022381 0.017300 -0.076403 0.940723 -0.330460 10.574800 -0.050379 0.327363 0.943555 -1.117200 0.000000 0.000000 0.000000 1.000000
0.996522 0.076819 0.032302 0.017300 -0.062189 0.943550 -0.325339 10.574800 -0.055471 0.322198 0.945046 -1.117200 0.000000 0.000000 0.000000 1.000000
0.996889 0.065201 0.044277 0.017300 -0.048118 0.948439 -0.313285 10.574800 -0.062420 0.310180 0.948626 -1.117200 0.000000 0.000000 0.000000 1.000000
0.996888 0.056357 0.055111 0.017300 -0.037529 0.954172 -0.296897 10.574800 -0.069318 0.293905 0.953318 -1.117200 0.000000 0.000000 0.000000 1.000000
0.996587 0.049919 0.065753 0.017300 -0.029535 0.959346 -0.280685 10.574800 -0.077091 0.277784 0.957545 -1.117200 0.000000 0.000000 0.000000 1.000000
0.995910 0.048077 0.076498 0.017300 -0.026015 0.963402 -0.266797 10.574800 -0.086525 0.263715 0.960712 -1.117200 0.000000 0.000000 0.000000 1.000000
0.994864 0.049317 0.088395 0.017300 -0.025556 0.967369 -0.252078 10.574800 -0.097942 0.248524 0.963661 -1.117200 0.000000 0.000000 0.000000 1.000000
0.993298 0.055147 0.101577 0.017300 -0.029540 0.970774 -0.238172 10.574800 -0.111742 0.233575 0.965897 -1.117200 0.000000 0.000000 0.000000 1.000000
0.991513 0.069765 0.109706 0.017300 -0.042795 0.971939 -0.231306 10.574800 -0.122764 0.224648 0.966676 -1.117200 0.000000 0.000000 0.000000 1.000000
0.991676 0.082796 0.098610 0.017300 -0.058365 0.971695 -0.228916 10.574800 -0.114772 0.221255 0.968439 -1.117200 0.000000 0.000000 0.000000 1.000000
0.992224 0.089379 0.086615 0.017300 -0.067305 0.970703 -0.230665 10.574800 -0.104694 0.223042 0.969170 -1.117200 0.000000 0.000000 0.000000 1.000000
0.993461 0.087600 0.073222 0.017300 -0.068084 0.969373 -0.235965 10.574800 -0.091650 0.229437 0.968999 -1.117200 0.000000 0.000000 0.000000 1.000000
0.995816 0.072304 0.055883 0.017300 -0.056618 0.968180 -0.243767 10.574800 -0.071730 0.239583 0.968222 -1.117200 0.000000 0.000000 0.000000 1.000000
0.997666 0.050174 0.046306 0.017300 -0.036857 0.966674 -0.253344 10.574800 -0.057474 0.251046 0.966267 -1.117200 0.000000 0.000000 0.000000 1.000000
0.998677 0.023388 0.045789 0.017300 -0.010522 0.964673 -0.263241 10.574800 -0.050328 0.262411 0.963643 -1.117200 0.000000 0.000000 0.000000 1.000000
0.998908 -0.000482 0.046729 0.017300 0.013196 0.962162 -0.272157 10.574800 -0.044829 0.272476 0.961118 -1.117200 0.000000 0.000000 0.000000 1.000000
0.998827 -0.021390 0.043449 0.017300 0.032639 0.960132 -0.277635 10.574800 -0.035778 0.278727 0.959704 -1.117200 0.000000 0.000000 0.000000 1.000000
0.998366 -0.041838 0.038927 0.017300 0.051057 0.959008 -0.278740 10.574800 -0.025669 0.280272 0.959577 -1.117200 0.000000 0.000000 0.000000 1.000000
0.997684 -0.059203 0.033500 0.017300 0.066180 0.958660 -0.276751 10.574800 -0.015731 0.278327 0.960358 -1.117200 0.000000 0.000000 0.000000 1.000000
0.996928 -0.073781 0.026281 0.017300 0.078149 0.959365 -0.271131 10.574800 -0.005209 0.272351 0.962184 -1.117200 0.000000 0.000000 0.000000 1.000000
0.996361 -0.083288 0.018115 0.017300 0.085138 0.962372 -0.258052 10.574800 0.004059 0.258655 0.965961 -1.117200 0.000000 0.000000 0.000000 1.000000
0.996192 -0.086638 0.009722 0.017300 0.086493 0.968161 -0.234913 10.574800 0.010940 0.234859 0.971968 -1.117200 0.000000 0.000000 0.000000 1.000000
0.996503 -0.083470 0.003707 0.017300 0.082608 0.977632 -0.193421 10.574800 0.012521 0.193051 0.981109 -1.117200 0.000000 0.000000 0.000000 1.000000
0.996760 -0.080428 -0.000370 0.017300 0.079355 0.984193 -0.158324 10.574800 0.013098 0.157781 0.987387 -1.117200 0.000000 0.000000 0.000000 1.000000
0.997175 -0.075052 -0.003119 0.017300 0.073689 0.985435 -0.153260 10.574800 0.014576 0.152597 0.988181 -1.117200 0.000000 0.000000 0.000000 1.000000
0.997658 -0.067630 -0.010264 0.017300 0.065108 0.984848 -0.160731 10.574800 0.020978 0.159686 0.986945 -1.117200 0.000000 0.000000 0.000000 1.000000
0.998104 -0.058436 -0.019305 0.017300 0.054244 0.983506 -0.172550 10.574800 0.029070 0.171176 0.984812 -1.117200 0.000000 0.000000 0.000000 1.000000
0.998645 -0.047322 -0.021658 0.017300 0.042446 0.981409 -0.187177 10.574800 0.030113 0.186004 0.982087 -1.117200 0.000000 0.000000 0.000000 1.000000
0.999314 -0.035242 -0.011363 0.017300 0.032196 0.978543 -0.203510 10.574800 0.018291 0.203005 0.979007 -1.117200 0.000000 0.000000 0.000000 1.000000
0.999762 -0.021617 -0.002995 0.017300 0.020417 0.974950 -0.221483 10.574800 0.007708 0.221369 0.975160 -1.117200 0.000000 0.000000 0.000000 1.000000
0.999953 -0.009365 -0.002362 0.017300 0.008464 0.967502 -0.252723 10.574800 0.004652 0.252692 0.967536 -1.117200 0.000000 0.000000 0.000000 1.000000
0.999917 0.012812 -0.001633 0.017300 -0.012781 0.963251 -0.268298 10.574800 -0.001864 0.268297 0.963335 -1.117200 0.000000 0.000000 0.000000 1.000000
0.999302 0.037359 -0.000548 0.017300 -0.035992 0.958601 -0.282469 10.574800 -0.010027 0.282292 0.959276 -1.117200 0.000000 0.000000 0.000000 1.000000
0.998160 0.060575 0.002735 0.017300 -0.057039 0.953295 -0.296605 10.574800 -0.020574 0.295903 0.954996 -1.117200 0.000000 0.000000 0.000000 1.000000
0.996800 0.079592 0.007365 0.017300 -0.073380 0.947739 -0.310494 10.574800 -0.031693 0.308960 0.950547 -1.117200 0.000000 0.000000 0.000000 1.000000</float_array>
        <technique_common>
          <accessor source="#mixamorig_Spine-Matrix-animation-output-transform-array" count="37" stride="16">
            <param type="float4x4"/>
          </accessor>
        </technique_common>
      </source>
      <source id="mixamorig_Spine-Interpolations">
        <Name_array id="mixamorig_Spine-Interpolations-array" count="37">
 LINEAR LINEAR LINEAR LINEAR LINEAR LINEAR LINEAR LINEAR LINEAR LINEAR LINEAR
LINEAR LINEAR LINEAR LINEAR LINEAR LINEAR LINEAR LINEAR LINEAR LINEAR LINEAR LINEAR
LINEAR LINEAR LINEAR LINEAR LINEAR LINEAR LINEAR LINEAR LINEAR LINEAR LINEAR LINEAR
LINEAR LINEAR</Name_array>
        <technique_common>
          <accessor source="#mixamorig_Spine-Interpolations-array" count="37">
            <param type="name"/>
          </accessor>
        </technique_common>
      </source>
      <sampler id="mixamorig_Spine-Matrix-animation-transform">
        <input semantic="INPUT" source="#mixamorig_Spine-Matrix-animation-input"/>
        <input semantic="OUTPUT" source="#mixamorig_Spine-Matrix-animation-output-transform"/>
        <input semantic="INTERPOLATION" source="#mixamorig_Spine-Interpolations"/>
      </sampler>
      <channel source="#mixamorig_Spine-Matrix-animation-transform" target="mixamorig_Spine/matrix"/>
    </animation>
    <animation id="mixamorig_Spine1-anim" name="mixamorig_Spine1">
      <source id="mixamorig_Spine1-Matrix-animation-input">
        <float_array id="mixamorig_Spine1-Matrix-animation-input-array" count="37">

0.000000 0.033333 0.066667 0.100000 0.133333 0.166667 0.200000 0.233333 0.266667 0.300000 0.333333 0.366667 0.400000 0.433333 0.466667 0.500000
0.533333 0.566667 0.600000 0.633333 0.666667 0.700000 0.733333 0.766667 0.800000 0.833333 0.866667 0.900000 0.933333 0.966667 1.000000 1.033333
1.066667 1.100000 1.133333 1.166667 1.200000</float_array>
        <technique_common>
          <accessor source="#mixamorig_Spine1-Matrix-animation-input-array" count="37">
            <param name="TIME" type="float"/>
          </accessor>
        </technique_common>
      </source>
      <source id="mixamorig_Spine1-Matrix-animation-output-transform">
        <float_array id="mixamorig_Spine1-Matrix-animation-output-transform-array" count="592">

0.993105 -0.014660 0.116309 0.000000 0.027100 0.993985 -0.106106 12.406000 -0.114054 0.108526 0.987529 0.000000 0.000000 0.000000 0.000000 1.000000
0.992361 -0.019584 0.121800 0.000000 0.031775 0.994583 -0.098968 12.406000 -0.119202 0.102082 0.987608 0.000000 0.000000 0.000000 0.000000 1.000000
0.991553 -0.017811 0.128475 0.000000 0.030245 0.994971 -0.095485 12.406000 -0.126128 0.098564 0.987105 0.000000 0.000000 0.000000 0.000000 1.000000
0.990968 -0.010262 0.133706 0.000000 0.023361 0.995032 -0.096774 12.406000 -0.132049 0.099023 0.986285 0.000000 0.000000 0.000000 0.000000 1.000000
0.989995 -0.003064 0.141069 -0.000000 0.017362 0.994812 -0.100237 12.406000 -0.140030 0.101684 0.984912 0.000000 0.000000 0.000000 0.000000 1.000000
0.988948 0.002485 0.148244 0.000000 0.013154 0.994446 -0.104419 12.406000 -0.147680 0.105215 0.983423 0.000000 0.000000 0.000000 0.000000 1.000000
0.987833 0.007917 0.155314 0.000000 0.008971 0.994139 -0.107733 12.406000 -0.155257 0.107815 0.981973 0.000000 0.000000 0.000000 0.000000 1.000000
0.986782 0.011609 0.161635 -0.000000 0.006226 0.993978 -0.109400 12.406000 -0.161931 0.108961 0.980768 -0.000000 0.000000 0.000000 0.000000 1.000000
0.985749 0.014867 0.167566 -0.000000 0.004243 0.993573 -0.113114 12.406000 -0.168170 0.112213 0.979350 -0.000000 0.000000 0.000000 0.000000 1.000000
0.985393 0.014006 0.169716 -0.000000 0.006024 0.993121 -0.116935 12.406000 -0.170186 0.116249 0.978531 -0.000000 0.000000 0.000000 0.000000 1.000000
0.985390 0.008677 0.170094 0.000000 0.011402 0.993100 -0.116715 12.406000 -0.169933 0.116949 0.978492 0.000000 0.000000 0.000000 0.000000 1.000000
0.984576 0.004384 0.174901 0.000000 0.015874 0.993324 -0.114263 12.406000 -0.174234 0.115277 0.977933 0.000000 0.000000 0.000000 0.000000 1.000000
0.984407 0.003146 0.175876 0.000000 0.016731 0.993633 -0.111418 12.406000 -0.175106 0.112624 0.978087 0.000000 0.000000 0.000000 0.000000 1.000000
0.984864 0.005354 0.173245 0.000000 0.013865 0.993886 -0.109533 12.406000 -0.172772 0.110278 0.978769 0.000000 0.000000 0.000000 0.000000 1.000000
0.985336 0.010835 0.170279 0.000000 0.007874 0.994031 -0.108817 12.406000 -0.170441 0.108562 0.979369 0.000000 0.000000 0.000000 0.000000 1.000000
0.986744 0.016927 0.161397 0.000000 0.000678 0.994106 -0.108407 12.406000 -0.162280 0.107079 0.980917 -0.000000 0.000000 0.000000 0.000000 1.000000
0.988811 0.024464 0.147152 -0.000000 -0.008459 0.994069 -0.108421 12.406000 -0.148932 0.105963 0.983154 0.000000 0.000000 0.000000 0.000000 1.000000
0.990627 0.031824 0.132838 -0.000000 -0.017369 0.993935 -0.108588 12.406000 -0.135488 0.105263 0.985171 0.000000 0.000000 0.000000 0.000000 1.000000
0.991890 0.037507 0.121442 -0.000000 -0.024231 0.993746 -0.109003 12.406000 -0.124771 0.105176 0.986595 0.000000 0.000000 0.000000 0.000000 1.000000
0.992643 0.042876 0.113234 -0.000000 -0.030373 0.993476 -0.109918 12.406000 -0.117208 0.105670 0.987470 0.000000 0.000000 0.000000 0.000000 1.000000
0.993143 0.047079 0.107011 -0.000000 -0.035013 0.993095 -0.111962 12.406000 -0.111543 0.107447 0.987934 -0.000000 0.000000 0.000000 0.000000 1.000000
0.993463 0.050286 0.102483 0.000000 -0.038359 0.992602 -0.115193 12.406000 -0.107517 0.110509 0.988042 0.000000 0.000000 0.000000 0.000000 1.000000
0.993845 0.050649 0.098519 0.000000 -0.038526 0.991871 -0.121272 12.406000 -0.103861 0.116730 0.987718 0.000000 0.000000 0.000000 0.000000 1.000000
0.994307 0.047920 0.095174 0.000000 -0.035127 0.990652 -0.131814 12.406000 -0.100601 0.127720 0.986695 0.000000 0.000000 0.000000 0.000000 1.000000
0.994963 0.041125 0.091415 0.000000 -0.026989 0.988193 -0.150816 12.406000 -0.096538 0.147590 0.984326 -0.000000 0.000000 0.000000 0.000000 1.000000
0.995570 0.034961 0.087278 -0.000000 -0.020119 0.986010 -0.165470 12.406000 -0.091842 0.162981 0.982345 0.000000 0.000000 0.000000 0.000000 1.000000
0.995963 0.031300 0.084136 0.000000 -0.016976 0.986005 -0.165850 12.406000 -0.088150 0.163752 0.982555 0.000000 0.000000 0.000000 0.000000 1.000000
0.996308 0.027362 0.081375 -0.000000 -0.014049 0.987037 -0.159877 12.406000 -0.084695 0.158144 0.983777 -0.000000 0.000000 0.000000 0.000000 1.000000
0.996178 0.025359 0.083582 0.000000 -0.012176 0.987900 -0.154617 12.406000 -0.086491 0.153008 0.984433 0.000000 0.000000 0.000000 0.000000 1.000000
0.996115 0.022173 0.085226 -0.000000 -0.009319 0.988890 -0.148359 12.406000 -0.087569 0.146989 0.985254 0.000000 0.000000 0.000000 0.000000 1.000000
0.996320 0.017528 0.083897 0.000000 -0.005506 0.989933 -0.141432 12.406000 -0.085531 0.140450 0.986386 0.000000 0.000000 0.000000 0.000000 1.000000
0.996168 0.012135 0.086615 0.000000 -0.000432 0.990999 -0.133869 12.406000 -0.087459 0.133319 0.987207 -0.000000 0.000000 0.000000 0.000000 1.000000
0.995542 0.009840 0.093803 -0.000000 0.001664 0.992557 -0.121773 12.406000 -0.094303 0.121386 0.988116 -0.000000 0.000000 0.000000 0.000000 1.000000
0.995007 0.003309 0.099755 0.000000 0.008415 0.993111 -0.116876 12.406000 -0.099454 0.117132 0.988124 -0.000000 0.000000 0.000000 0.000000 1.000000
0.994476 -0.003406 0.104911 0.000000 0.015337 0.993461 -0.113136 12.406000 -0.103840 0.114120 0.988025 0.000000 0.000000 0.000000 0.000000 1.000000
0.993759 -0.009011 0.111187 0.000000 0.021286 0.993736 -0.109711 12.406000 -0.109502 0.111393 0.987725 -0.000000 0.000000 0.000000 0.000000 1.000000
0.993109 -0.014677 0.116268 0.000000 0.027112 0.993985 -0.106103 12.406000 -0.114011 0.108524 0.987534 0.000000 0.000000 0.000000 0.000000 1.000000</float_array>
        <technique_common>
          <accessor source="#mixamorig_Spine1-Matrix-animation-output-transform-array" count="37" stride="16">
            <param type="float4x4"/>
          </accessor>
        </technique_common>
      </source>
      <source id="mixamorig_Spine1-Interpolations">
        <Name_array id="mixamorig_Spine1-Interpolations-array" count="37">
 LINEAR LINEAR LINEAR LINEAR LINEAR LINEAR LINEAR LINEAR LINEAR LINEAR LINEAR
LINEAR LINEAR LINEAR LINEAR LINEAR LINEAR LINEAR LINEAR LINEAR LINEAR LINEAR LINEAR
LINEAR LINEAR LINEAR LINEAR LINEAR LINEAR LINEAR LINEAR LINEAR LINEAR LINEAR LINEAR
LINEAR LINEAR</Name_array>
        <technique_common>
          <accessor source="#mixamorig_Spine1-Interpolations-array" count="37">
            <param type="name"/>
          </accessor>
        </technique_common>
      </source>
      <sampler id="mixamorig_Spine1-Matrix-animation-transform">
        <input semantic="INPUT" source="#mixamorig_Spine1-Matrix-animation-input"/>
        <input semantic="OUTPUT" source="#mixamorig_Spine1-Matrix-animation-output-transform"/>
        <input semantic="INTERPOLATION" source="#mixamorig_Spine1-Interpolations"/>
      </sampler>
      <channel source="#mixamorig_Spine1-Matrix-animation-transform" target="mixamorig_Spine1/matrix"/>
    </animation>
    <animation id="mixamorig_Spine2-anim" name="mixamorig_Spine2">
      <source id="mixamorig_Spine2-Matrix-animation-input">
        <float_array id="mixamorig_Spine2-Matrix-animation-input-array" count="37">

0.000000 0.033333 0.066667 0.100000 0.133333 0.166667 0.200000 0.233333 0.266667 0.300000 0.333333 0.366667 0.400000 0.433333 0.466667 0.500000
0.533333 0.566667 0.600000 0.633333 0.666667 0.700000 0.733333 0.766667 0.800000 0.833333 0.866667 0.900000 0.933333 0.966667 1.000000 1.033333
1.066667 1.100000 1.133333 1.166667 1.200000</float_array>
        <technique_common>
          <accessor source="#mixamorig_Spine2-Matrix-animation-input-array" count="37">
            <param name="TIME" type="float"/>
          </accessor>
        </technique_common>
      </source>
      <source id="mixamorig_Spine2-Matrix-animation-output-transform">
        <float_array id="mixamorig_Spine2-Matrix-animation-output-transform-array" count="592">

0.992656 0.004647 0.120879 -0.000000 0.019829 0.979495 -0.200492 14.178300 -0.119332 0.201416 0.972210 0.000000 0.000000 0.000000 0.000000 1.000000
0.991942 0.000858 0.126689 0.000000 0.023934 0.980701 -0.194042 14.178300 -0.124410 0.195511 0.972778 0.000000 0.000000 0.000000 0.000000 1.000000
0.991163 0.003898 0.132592 0.000000 0.021791 0.981203 -0.191743 14.178300 -0.130847 0.192938 0.972447 -0.000000 0.000000 0.000000 0.000000 1.000000
0.990618 0.012356 0.136097 -0.000000 0.014425 0.980887 -0.194044 14.178300 -0.135894 0.194187 0.971506 0.000000 0.000000 0.000000 0.000000 1.000000
0.989692 0.021094 0.141648 0.000000 0.007525 0.980066 -0.198528 14.178300 -0.143012 0.197547 0.969806 -0.000000 0.000000 0.000000 0.000000 1.000000
0.988700 0.028233 0.147227 0.000000 0.002392 0.979010 -0.203798 14.178300 -0.149890 0.201847 0.967879 0.000000 0.000000 0.000000 0.000000 1.000000
0.987633 0.035010 0.152822 0.000000 -0.002477 0.978111 -0.208069 14.178300 -0.156761 0.205118 0.966102 0.000000 0.000000 0.000000 0.000000 1.000000
0.986615 0.039701 0.158159 -0.000000 -0.005564 0.977540 -0.210675 14.178300 -0.162971 0.206976 0.964677 0.000000 0.000000 0.000000 0.000000 1.000000
0.985574 0.044040 0.163417 0.000000 -0.008038 0.976641 -0.214725 14.178300 -0.169056 0.210314 0.962906 0.000000 0.000000 0.000000 0.000000 1.000000
0.985153 0.044028 0.165935 0.000000 -0.006692 0.975669 -0.219145 14.178300 -0.171546 0.214781 0.961479 -0.000000 0.000000 0.000000 0.000000 1.000000
0.984990 0.039527 0.168026 -0.000000 -0.001721 0.975629 -0.219420 14.178300 -0.172604 0.215837 0.961053 0.000000 0.000000 0.000000 0.000000 1.000000
0.983978 0.036973 0.174414 0.000000 0.001915 0.976013 -0.217702 14.178300 -0.178279 0.214548 0.960305 0.000000 0.000000 0.000000 0.000000 1.000000
0.983702 0.036999 0.175961 0.000000 0.001722 0.976617 -0.214979 14.178300 -0.179801 0.211778 0.960636 -0.000000 0.000000 0.000000 0.000000 1.000000
0.984118 0.039997 0.172952 0.000000 -0.002373 0.977164 -0.212473 14.178300 -0.177500 0.208688 0.961740 0.000000 0.000000 0.000000 0.000000 1.000000
0.984549 0.045467 0.169104 0.000000 -0.009065 0.977643 -0.210078 14.178300 -0.174875 0.205299 0.962949 0.000000 0.000000 0.000000 0.000000 1.000000
0.985985 0.049738 0.159249 -0.000000 -0.015835 0.978116 -0.207455 14.178300 -0.166082 0.202026 0.965195 0.000000 0.000000 0.000000 0.000000 1.000000
0.988095 0.053085 0.144398 -0.000000 -0.022616 0.978506 -0.204973 14.178300 -0.152176 0.199267 0.968057 0.000000 0.000000 0.000000 0.000000 1.000000
0.989981 0.056762 0.129290 0.000000 -0.029570 0.978680 -0.203249 14.178300 -0.138070 0.197390 0.970553 -0.000000 0.000000 0.000000 0.000000 1.000000
0.991339 0.059236 0.117208 -0.000000 -0.034582 0.978742 -0.202158 14.178300 -0.126692 0.196354 0.972314 0.000000 0.000000 0.000000 0.000000 1.000000
0.992170 0.062418 0.108179 0.000000 -0.039602 0.978691 -0.201482 14.178300 -0.118450 0.195620 0.973500 0.000000 0.000000 0.000000 0.000000 1.000000
0.992716 0.065309 0.101241 0.000000 -0.043729 0.978341 -0.202330 14.178300 -0.112262 0.196429 0.974070 0.000000 0.000000 0.000000 0.000000 1.000000
0.993030 0.067863 0.096360 0.000000 -0.046936 0.977669 -0.204843 14.178300 -0.108110 0.198892 0.974040 -0.000000 0.000000 0.000000 0.000000 1.000000
0.993384 0.068075 0.092492 0.000000 -0.047280 0.976379 -0.210829 14.178300 -0.104659 0.205061 0.973137 0.000000 0.000000 0.000000 0.000000 1.000000
0.993788 0.065966 0.089634 -0.000000 -0.044684 0.974136 -0.221499 14.178300 -0.101927 0.216118 0.971032 0.000000 0.000000 0.000000 0.000000 1.000000
0.994352 0.061178 0.086726 0.000000 -0.038656 0.969782 -0.240892 14.178300 -0.098842 0.236179 0.966669 0.000000 0.000000 0.000000 0.000000 1.000000
0.994895 0.056651 0.083509 0.000000 -0.033559 0.966190 -0.255639 14.178300 -0.095167 0.251532 0.963159 0.000000 0.000000 0.000000 0.000000 1.000000
0.995288 0.052897 0.081262 -0.000000 -0.030431 0.966146 -0.256194 14.178300 -0.092063 0.252514 0.963204 0.000000 0.000000 0.000000 0.000000 1.000000
0.995660 0.048135 0.079655 0.000000 -0.026743 0.967743 -0.250515 14.178300 -0.089144 0.247297 0.964830 0.000000 0.000000 0.000000 0.000000 1.000000
0.995504 0.046120 0.082735 0.000000 -0.024493 0.969087 -0.245499 14.178300 -0.091500 0.242368 0.965860 0.000000 0.000000 0.000000 0.000000 1.000000
0.995425 0.042811 0.085415 0.000000 -0.021181 0.970629 -0.239647 14.178300 -0.093166 0.236742 0.967095 0.000000 0.000000 0.000000 0.000000 1.000000
0.995657 0.037602 0.085165 0.000000 -0.016764 0.972263 -0.233289 14.178300 -0.091575 0.230848 0.968671 0.000000 0.000000 0.000000 0.000000 1.000000
0.995532 0.032060 0.088819 0.000000 -0.011174 0.973989 -0.226321 14.178300 -0.093765 0.224317 0.969995 0.000000 0.000000 0.000000 0.000000 1.000000
0.994946 0.028875 0.096173 -0.000000 -0.007645 0.976766 -0.214173 14.178300 -0.100122 0.212355 0.972050 0.000000 0.000000 0.000000 0.000000 1.000000
0.994449 0.022237 0.102840 0.000000 -0.000204 0.977818 -0.209458 14.178300 -0.105217 0.208275 0.972394 0.000000 0.000000 0.000000 0.000000 1.000000
0.993959 0.015398 0.108667 0.000000 0.007370 0.978510 -0.206066 14.178300 -0.109505 0.205622 0.972486 0.000000 0.000000 0.000000 0.000000 1.000000
0.993276 0.010054 0.115334 -0.000000 0.013687 0.979038 -0.203216 14.178300 -0.114960 0.203428 0.972317 0.000000 0.000000 0.000000 0.000000 1.000000
0.992661 0.004625 0.120843 -0.000000 0.019844 0.979495 -0.200491 14.178300 -0.119293 0.201418 0.972214 0.000000 0.000000 0.000000 0.000000 1.000000</float_array>
        <technique_common>
          <accessor source="#mixamorig_Spine2-Matrix-animation-output-transform-array" count="37" stride="16">
            <param type="float4x4"/>
          </accessor>
        </technique_common>
      </source>
      <source id="mixamorig_Spine2-Interpolations">
        <Name_array id="mixamorig_Spine2-Interpolations-array" count="37">
 LINEAR LINEAR LINEAR LINEAR LINEAR LINEAR LINEAR LINEAR LINEAR LINEAR LINEAR
LINEAR LINEAR LINEAR LINEAR LINEAR LINEAR LINEAR LINEAR LINEAR LINEAR LINEAR LINEAR
LINEAR LINEAR LINEAR LINEAR LINEAR LINEAR LINEAR LINEAR LINEAR LINEAR LINEAR LINEAR
LINEAR LINEAR</Name_array>
        <technique_common>
          <accessor source="#mixamorig_Spine2-Interpolations-array" count="37">
            <param type="name"/>
          </accessor>
        </technique_common>
      </source>
      <sampler id="mixamorig_Spine2-Matrix-animation-transform">
        <input semantic="INPUT" source="#mixamorig_Spine2-Matrix-animation-input"/>
        <input semantic="OUTPUT" source="#mixamorig_Spine2-Matrix-animation-output-transform"/>
        <input semantic="INTERPOLATION" source="#mixamorig_Spine2-Interpolations"/>
      </sampler>
      <channel source="#mixamorig_Spine2-Matrix-animation-transform" target="mixamorig_Spine2/matrix"/>
    </animation>
    <animation id="mixamorig_Neck-anim" name="mixamorig_Neck">
      <source id="mixamorig_Neck-Matrix-animation-input">
        <float_array id="mixamorig_Neck-Matrix-animation-input-array" count="37">

0.000000 0.033333 0.066667 0.100000 0.133333 0.166667 0.200000 0.233333 0.266667 0.300000 0.333333 0.366667 0.400000 0.433333 0.466667 0.500000
0.533333 0.566667 0.600000 0.633333 0.666667 0.700000 0.733333 0.766667 0.800000 0.833333 0.866667 0.900000 0.933333 0.966667 1.000000 1.033333
1.066667 1.100000 1.133333 1.166667 1.200000</float_array>
        <technique_common>
          <accessor source="#mixamorig_Neck-Matrix-animation-input-array" count="37">
            <param name="TIME" type="float"/>
          </accessor>
        </technique_common>
      </source>
      <source id="mixamorig_Neck-Matrix-animation-output-transform">
        <float_array id="mixamorig_Neck-Matrix-animation-output-transform-array" count="592">

0.958818 -0.222986 -0.175911 0.024400 0.204510 0.971824 -0.117191 15.862300 0.197087 0.076390 0.977405 -1.675800 0.000000 0.000000 0.000000 1.000000
0.958448 -0.224740 -0.175695 0.024400 0.205523 0.971136 -0.121061 15.862300 0.197831 0.079921 0.976973 -1.675800 0.000000 0.000000 0.000000 1.000000
0.958368 -0.225648 -0.174966 0.024400 0.205925 0.970690 -0.123919 15.862300 0.197800 0.082730 0.976745 -1.675800 0.000000 0.000000 0.000000 1.000000
0.958339 -0.226359 -0.174207 0.024400 0.206197 0.970304 -0.126465 15.862300 0.197661 0.085275 0.976554 -1.675800 0.000000 0.000000 0.000000 1.000000
0.958540 -0.226164 -0.173354 0.024400 0.205766 0.970195 -0.127993 15.862300 0.197135 0.087016 0.976507 -1.675800 0.000000 0.000000 0.000000 1.000000
0.958781 -0.225582 -0.172778 0.024400 0.205047 0.970227 -0.128900 15.862300 0.196712 0.088159 0.976490 -1.675800 0.000000 0.000000 0.000000 1.000000
0.959040 -0.224753 -0.172418 0.024400 0.204138 0.970350 -0.129415 15.862300 0.196393 0.088917 0.976485 -1.675800 0.000000 0.000000 0.000000 1.000000
0.959350 -0.223682 -0.172090 0.024400 0.203030 0.970547 -0.129682 15.862300 0.196029 0.089471 0.976508 -1.675800 0.000000 0.000000 0.000000 1.000000
0.959835 -0.221750 -0.171881 0.024400 0.201265 0.971028 -0.128830 15.862300 0.195469 0.089061 0.976657 -1.675800 0.000000 0.000000 0.000000 1.000000
0.959894 -0.220673 -0.172934 0.024400 0.200257 0.971354 -0.127942 15.862300 0.196214 0.088179 0.976588 -1.675800 0.000000 0.000000 0.000000 1.000000
0.959912 -0.220120 -0.173543 0.024400 0.199431 0.971385 -0.128988 15.862300 0.196970 0.089208 0.976343 -1.675800 0.000000 0.000000 0.000000 1.000000
0.959553 -0.221007 -0.174396 0.024400 0.199940 0.971076 -0.130517 15.862300 0.198197 0.090369 0.975987 -1.675800 0.000000 0.000000 0.000000 1.000000
0.959441 -0.221559 -0.174313 0.024400 0.200334 0.970881 -0.131362 15.862300 0.198342 0.091113 0.975889 -1.675800 0.000000 0.000000 0.000000 1.000000
0.959416 -0.221951 -0.173950 0.024400 0.201017 0.970907 -0.130126 15.862300 0.197771 0.089878 0.976119 -1.675800 0.000000 0.000000 0.000000 1.000000
0.959796 -0.221348 -0.172618 0.024400 0.201161 0.971293 -0.126983 15.862300 0.195770 0.087154 0.976769 -1.675800 0.000000 0.000000 0.000000 1.000000
0.960122 -0.221196 -0.170992 0.024400 0.201696 0.971534 -0.124257 15.862300 0.193610 0.084814 0.977406 -1.675800 0.000000 0.000000 0.000000 1.000000
0.960412 -0.221391 -0.169100 0.024400 0.202425 0.971620 -0.122388 15.862300 0.191397 0.083313 0.977970 -1.675800 0.000000 0.000000 0.000000 1.000000
0.960104 -0.224147 -0.167207 0.024400 0.205065 0.970863 -0.123991 15.862300 0.190127 0.084756 0.978094 -1.675800 0.000000 0.000000 0.000000 1.000000
0.959947 -0.225089 -0.166843 0.024400 0.206017 0.970639 -0.124161 15.862300 0.189892 0.084816 0.978135 -1.675800 0.000000 0.000000 0.000000 1.000000
0.959809 -0.224545 -0.168365 0.024400 0.204996 0.970634 -0.125881 15.862300 0.191687 0.086308 0.977654 -1.675800 0.000000 0.000000 0.000000 1.000000
0.959317 -0.224945 -0.170618 0.024400 0.204719 0.970376 -0.128302 15.862300 0.194424 0.088153 0.976948 -1.675800 0.000000 0.000000 0.000000 1.000000
0.958613 -0.226063 -0.173080 0.024400 0.205106 0.969950 -0.130878 15.862300 0.197465 0.089962 0.976173 -1.675800 0.000000 0.000000 0.000000 1.000000
0.958240 -0.226869 -0.174086 0.024400 0.205643 0.969713 -0.131785 15.862300 0.198712 0.090482 0.975872 -1.675800 0.000000 0.000000 0.000000 1.000000
0.958377 -0.226032 -0.174423 0.024400 0.204893 0.969958 -0.131153 15.862300 0.198828 0.089956 0.975897 -1.675800 0.000000 0.000000 0.000000 1.000000
0.958916 -0.224476 -0.173464 0.024400 0.203669 0.970388 -0.129870 15.862300 0.197480 0.089205 0.976240 -1.675800 0.000000 0.000000 0.000000 1.000000
0.958873 -0.223951 -0.174380 0.024400 0.203228 0.970596 -0.129007 15.862300 0.198144 0.088262 0.976191 -1.675800 0.000000 0.000000 0.000000 1.000000
0.959055 -0.223636 -0.173785 0.024400 0.203220 0.970765 -0.127739 15.862300 0.197271 0.087192 0.976464 -1.675800 0.000000 0.000000 0.000000 1.000000
0.959401 -0.223268 -0.172340 0.024400 0.203405 0.971004 -0.125610 15.862300 0.195388 0.085455 0.976996 -1.675800 0.000000 0.000000 0.000000 1.000000
0.959778 -0.222945 -0.170648 0.024400 0.203747 0.971268 -0.122985 15.862300 0.193164 0.083269 0.977627 -1.675800 0.000000 0.000000 0.000000 1.000000
0.960135 -0.222437 -0.169303 0.024400 0.203918 0.971596 -0.120079 15.862300 0.191204 0.080768 0.978222 -1.675800 0.000000 0.000000 0.000000 1.000000
0.960308 -0.222075 -0.168792 0.024400 0.204030 0.971846 -0.117847 15.862300 0.190211 0.078730 0.978581 -1.675800 0.000000 0.000000 0.000000 1.000000
0.960248 -0.221426 -0.169984 0.024400 0.203574 0.972125 -0.116319 15.862300 0.191002 0.077090 0.978558 -1.675800 0.000000 0.000000 0.000000 1.000000
0.960212 -0.220360 -0.171562 0.024400 0.202766 0.972534 -0.114299 15.862300 0.192036 0.074964 0.978521 -1.675800 0.000000 0.000000 0.000000 1.000000
0.960095 -0.219859 -0.172858 0.024400 0.202352 0.972735 -0.113316 15.862300 0.193059 0.073816 0.978407 -1.675800 0.000000 0.000000 0.000000 1.000000
0.959807 -0.219974 -0.174305 0.024400 0.202448 0.972768 -0.112861 15.862300 0.194385 0.073037 0.978203 -1.675800 0.000000 0.000000 0.000000 1.000000
0.959390 -0.220978 -0.175330 0.024400 0.203171 0.972490 -0.113947 15.862300 0.195687 0.073697 0.977893 -1.675800 0.000000 0.000000 0.000000 1.000000
0.958827 -0.222977 -0.175874 0.024400 0.204503 0.971825 -0.117192 15.862300 0.197050 0.076400 0.977412 -1.675800 0.000000 0.000000 0.000000 1.000000</float_array>
        <technique_common>
          <accessor source="#mixamorig_Neck-Matrix-animation-output-transform-array" count="37" stride="16">
            <param type="float4x4"/>
          </accessor>
        </technique_common>
      </source>
      <source id="mixamorig_Neck-Interpolations">
        <Name_array id="mixamorig_Neck-Interpolations-array" count="37">
 LINEAR LINEAR LINEAR LINEAR LINEAR LINEAR LINEAR LINEAR LINEAR LINEAR LINEAR
LINEAR LINEAR LINEAR LINEAR LINEAR LINEAR LINEAR LINEAR LINEAR LINEAR LINEAR LINEAR
LINEAR LINEAR LINEAR LINEAR LINEAR LINEAR LINEAR LINEAR LINEAR LINEAR LINEAR LINEAR
LINEAR LINEAR</Name_array>
        <technique_common>
          <accessor source="#mixamorig_Neck-Interpolations-array" count="37">
            <param type="name"/>
          </accessor>
        </technique_common>
      </source>
      <sampler id="mixamorig_Neck-Matrix-animation-transform">
        <input semantic="INPUT" source="#mixamorig_Neck-Matrix-animation-input"/>
        <input semantic="OUTPUT" source="#mixamorig_Neck-Matrix-animation-output-transform"/>
        <input semantic="INTERPOLATION" source="#mixamorig_Neck-Interpolations"/>
      </sampler>
      <channel source="#mixamorig_Neck-Matrix-animation-transform" target="mixamorig_Neck/matrix"/>
    </animation>
    <animation id="mixamorig_Head-anim" name="mixamorig_Head">
      <source id="mixamorig_Head-Matrix-animation-input">
        <float_array id="mixamorig_Head-Matrix-animation-input-array" count="37">

0.000000 0.033333 0.066667 0.100000 0.133333 0.166667 0.200000 0.233333 0.266667 0.300000 0.333333 0.366667 0.400000 0.433333 0.466667 0.500000
0.533333 0.566667 0.600000 0.633333 0.666667 0.700000 0.733333 0.766667 0.800000 0.833333 0.866667 0.900000 0.933333 0.966667 1.000000 1.033333
1.066667 1.100000 1.133333 1.166667 1.200000</float_array>
        <technique_common>
