<?xml version="1.0" encoding="utf-8"?>
<COLLADA xmlns="http://www.collada.org/2005/11/COLLADASchema" version="1.4.1">
  <asset>
    <contributor>
      <author>Mixamo</author>
      <authoring_tool>COLLADA Mixamo exporter</authoring_tool>
      <comments/>
    </contributor>
    <created>2023-07-29T18:15:21Z</created>
    <modified>2023-07-29T18:15:21Z</modified>
    <revision/>
    <title/>
    <unit meter="0.010000"/>
    <up_axis>Y_UP</up_axis>
  </asset>
  <library_animations>
    <animation id="mixamorig_Hips-anim" name="mixamorig_Hips">
      <source id="mixamorig_Hips-Matrix-animation-input">
        <float_array id="mixamorig_Hips-Matrix-animation-input-array" count="44">

0.000000 0.033333 0.066667 0.100000 0.133333 0.166667 0.200000 0.233333 0.266667 0.300000 0.333333 0.366667 0.400000 0.433333 0.466667 0.500000
0.533333 0.566667 0.600000 0.633333 0.666667 0.700000 0.733333 0.766667 0.800000 0.833333 0.866667 0.900000 0.933333 0.966667 1.000000 1.033333
1.066667 1.100000 1.133333 1.166667 1.200000 1.233333 1.266667 1.300000 1.333333 1.366667 1.400000 1.433333</float_array>
        <technique_common>
          <accessor source="#mixamorig_Hips-Matrix-animation-input-array" count="44">
            <param name="TIME" type="float"/>
          </accessor>
        </technique_common>
      </source>
      <source id="mixamorig_Hips-Matrix-animation-output-transform">
        <float_array id="mixamorig_Hips-Matrix-animation-output-transform-array" count="704">

0.999526 0.016770 0.025809 -0.017707 -0.018392 0.997784 0.063944 92.249771 -0.024680 -0.064388 0.997620 0.363450 0.000000 0.000000 0.000000 1.000000
0.999223 0.015540 0.036217 -0.177053 -0.018062 0.997355 0.070402 93.082260 -0.035027 -0.071002 0.996861 -0.125000 0.000000 0.000000 0.000000 1.000000
0.998827 0.015244 0.045954 -0.322141 -0.018651 0.997035 0.074657 93.790855 -0.044679 -0.075427 0.996150 -0.651205 0.000000 0.000000 0.000000 1.000000
0.998361 0.017301 0.054552 -0.460484 -0.021332 0.997015 0.074207 94.230057 -0.053106 -0.075250 0.995750 -1.114744 0.000000 0.000000 0.000000 1.000000
0.997779 0.026341 0.061183 -0.555927 -0.030301 0.997442 0.064734 94.066620 -0.059321 -0.066444 0.996025 -1.417859 0.000000 0.000000 0.000000 1.000000
0.996944 0.041893 0.065941 -0.542621 -0.045526 0.997470 0.054600 93.317627 -0.063487 -0.057435 0.996329 -1.464725 0.000000 0.000000 0.000000 1.000000
0.995941 0.056295 0.070225 -0.418801 -0.059689 0.997100 0.047208 92.355034 -0.067363 -0.051208 0.996414 -1.341540 0.000000 0.000000 0.000000 1.000000
0.995153 0.061940 0.076380 -0.203513 -0.065173 0.997049 0.040576 91.603493 -0.073642 -0.045357 0.996253 -1.231784 0.000000 0.000000 0.000000 1.000000
0.994749 0.059785 0.083067 0.167546 -0.062818 0.997432 0.034389 91.121239 -0.080798 -0.039426 0.995950 -1.009232 0.000000 0.000000 0.000000 1.000000
0.994927 0.050203 0.087179 0.752913 -0.052907 0.998179 0.028985 90.959160 -0.085565 -0.033450 0.995771 -0.543358 0.000000 0.000000 0.000000 1.000000
0.995643 0.039786 0.084334 1.606081 -0.042022 0.998806 0.024907 90.860870 -0.083243 -0.028342 0.996126 0.333225 0.000000 0.000000 0.000000 1.000000
0.996842 0.028061 0.074289 2.660740 -0.029717 0.999332 0.021272 90.872406 -0.073642 -0.023413 0.997010 1.391668 0.000000 0.000000 0.000000 1.000000
0.998262 0.013578 0.057342 3.845635 -0.014799 0.999672 0.020920 90.965958 -0.057039 -0.021732 0.998135 2.363783 0.000000 0.000000 0.000000 1.000000
0.999436 -0.003895 0.033369 5.106755 0.002938 0.999584 0.028697 91.039070 -0.033467 -0.028583 0.999031 3.101906 0.000000 0.000000 0.000000 1.000000
0.999743 -0.022230 0.004514 6.357155 0.022002 0.998729 0.045336 90.968620 -0.005516 -0.045225 0.998962 3.547340 0.000000 0.000000 0.000000 1.000000
0.998943 -0.038343 -0.025351 7.490351 0.039898 0.997153 0.063984 90.754318 0.022826 -0.064928 0.997629 3.670577 0.000000 0.000000 0.000000 1.000000
0.997342 -0.049408 -0.053548 8.437687 0.053445 0.995616 0.076768 90.549370 0.049521 -0.079426 0.995610 3.525439 0.000000 0.000000 0.000000 1.000000
0.995390 -0.055734 -0.078053 9.166974 0.062142 0.994673 0.082241 90.429489 0.073053 -0.086713 0.993551 3.197806 0.000000 0.000000 0.000000 1.000000
0.993597 -0.059774 -0.095872 9.683509 0.067929 0.994132 0.084183 90.412994 0.090278 -0.090157 0.991827 2.776518 0.000000 0.000000 0.000000 1.000000
0.992557 -0.062119 -0.104743 10.030626 0.071370 0.993647 0.087019 90.581589 0.098672 -0.093847 0.990685 2.311646 0.000000 0.000000 0.000000 1.000000
0.992413 -0.061384 -0.106527 10.260283 0.071387 0.993125 0.092775 90.998482 0.100099 -0.099675 0.989972 1.808119 0.000000 0.000000 0.000000 1.000000
0.992755 -0.056453 -0.106064 10.425227 0.067208 0.992642 0.100723 91.630875 0.099598 -0.107121 0.989245 1.299248 0.000000 0.000000 0.000000 1.000000
0.993108 -0.048529 -0.106685 10.566486 0.060036 0.992397 0.107439 92.347397 0.100660 -0.113104 0.988471 0.821850 0.000000 0.000000 0.000000 1.000000
0.993198 -0.041301 -0.108863 10.702875 0.053091 0.992762 0.107729 92.989845 0.103626 -0.112776 0.988202 0.350889 0.000000 0.000000 0.000000 1.000000
0.992983 -0.038620 -0.111776 10.844907 0.049750 0.993887 0.098562 93.423103 0.107287 -0.103431 0.988833 -0.154360 0.000000 0.000000 0.000000 1.000000
0.992668 -0.040728 -0.113805 10.982374 0.050138 0.995446 0.081081 93.538307 0.109985 -0.086193 0.990189 -0.682463 0.000000 0.000000 0.000000 1.000000
0.992488 -0.046799 -0.113036 11.038606 0.053615 0.996874 0.058033 93.295036 0.109966 -0.063657 0.991895 -1.164837 0.000000 0.000000 0.000000 1.000000
0.992497 -0.056659 -0.108346 10.891502 0.060503 0.997638 0.032524 92.659676 0.106248 -0.038835 0.993581 -1.466867 0.000000 0.000000 0.000000 1.000000
0.992361 -0.072250 -0.100000 10.476477 0.073536 0.997250 0.009225 91.593765 0.099059 -0.016508 0.994945 -1.425292 0.000000 0.000000 0.000000 1.000000
0.992343 -0.077489 -0.096176 9.990681 0.076958 0.996992 -0.009228 90.853554 0.096602 0.001756 0.995322 -1.353331 0.000000 0.000000 0.000000 1.000000
0.992562 -0.071943 -0.098207 9.448833 0.070148 0.997302 -0.021614 90.581573 0.099497 0.014564 0.994931 -1.221884 0.000000 0.000000 0.000000 1.000000
0.993084 -0.059052 -0.101469 8.760493 0.056573 0.998029 -0.027147 90.569908 0.102873 0.021219 0.994468 -0.792046 0.000000 0.000000 0.000000 1.000000
0.994035 -0.047401 -0.098225 7.845324 0.045082 0.998653 -0.025699 90.535561 0.099311 0.021117 0.994832 -0.095849 0.000000 0.000000 0.000000 1.000000
0.995335 -0.035210 -0.089829 6.753168 0.033705 0.999266 -0.018213 90.505569 0.090405 0.015100 0.995791 0.643618 0.000000 0.000000 0.000000 1.000000
0.996696 -0.022704 -0.077979 5.533359 0.022310 0.999734 -0.005927 90.380119 0.078093 0.004168 0.996937 1.347599 0.000000 0.000000 0.000000 1.000000
0.997879 -0.007170 -0.064704 4.297421 0.007721 0.999936 0.008277 90.150177 0.064640 -0.008759 0.997870 1.902321 0.000000 0.000000 0.000000 1.000000
0.998627 0.008383 -0.051716 3.184463 -0.007299 0.999750 0.021115 89.767403 0.051880 -0.020709 0.998439 2.226955 0.000000 0.000000 0.000000 1.000000
0.998950 0.020875 -0.040793 2.296440 -0.019638 0.999342 0.030495 89.402573 0.041403 -0.029662 0.998702 2.295246 0.000000 0.000000 0.000000 1.000000
0.999192 0.026170 -0.030512 1.625272 -0.025065 0.999036 0.036050 89.241997 0.031426 -0.035256 0.998884 2.175382 0.000000 0.000000 0.000000 1.000000
0.999503 0.025178 -0.018990 1.118087 -0.024416 0.998927 0.039345 89.371185 0.019960 -0.038862 0.999045 1.934097 0.000000 0.000000 0.000000 1.000000
0.999726 0.022142 -0.007551 0.725859 -0.021796 0.998829 0.043191 89.810822 0.008498 -0.043015 0.999038 1.613256 0.000000 0.000000 0.000000 1.000000
0.999795 0.019844 0.003911 0.420282 -0.020015 0.998548 0.050014 90.572205 -0.002913 -0.050082 0.998741 1.237293 0.000000 0.000000 0.000000 1.000000
0.999720 0.018173 0.015146 0.178137 -0.019011 0.998184 0.057163 91.407715 -0.014079 -0.057434 0.998250 0.818153 0.000000 0.000000 0.000000 1.000000
0.999526 0.016770 0.025809 -0.024255 -0.018392 0.997784 0.063944 92.249763 -0.024680 -0.064388 0.997620 0.363451 0.000000 0.000000 0.000000 1.000000</float_array>
        <technique_common>
          <accessor source="#mixamorig_Hips-Matrix-animation-output-transform-array" count="44" stride="16">
            <param type="float4x4"/>
          </accessor>
        </technique_common>
      </source>
      <source id="mixamorig_Hips-Interpolations">
        <Name_array id="mixamorig_Hips-Interpolations-array" count="44">
 LINEAR LINEAR LINEAR LINEAR LINEAR LINEAR LINEAR LINEAR LINEAR LINEAR LINEAR
LINEAR LINEAR LINEAR LINEAR LINEAR LINEAR LINEAR LINEAR LINEAR LINEAR LINEAR LINEAR
LINEAR LINEAR LINEAR LINEAR LINEAR LINEAR LINEAR LINEAR LINEAR LINEAR LINEAR LINEAR
LINEAR LINEAR LINEAR LINEAR LINEAR LINEAR LINEAR LINEAR LINEAR</Name_array>
        <technique_common>
          <accessor source="#mixamorig_Hips-Interpolations-array" count="44">
            <param type="name"/>
          </accessor>
        </technique_common>
      </source>
      <sampler id="mixamorig_Hips-Matrix-animation-transform">
        <input semantic="INPUT" source="#mixamorig_Hips-Matrix-animation-input"/>
        <input semantic="OUTPUT" source="#mixamorig_Hips-Matrix-animation-output-transform"/>
        <input semantic="INTERPOLATION" source="#mixamorig_Hips-Interpolations"/>
      </sampler>
      <channel source="#mixamorig_Hips-Matrix-animation-transform" target="mixamorig_Hips/matrix"/>
    </animation>
    <animation id="mixamorig_Spine-anim" name="mixamorig_Spine">
      <source id="mixamorig_Spine-Matrix-animation-input">
        <float_array id="mixamorig_Spine-Matrix-animation-input-array" count="44">

0.000000 0.033333 0.066667 0.100000 0.133333 0.166667 0.200000 0.233333 0.266667 0.300000 0.333333 0.366667 0.400000 0.433333 0.466667 0.500000
0.533333 0.566667 0.600000 0.633333 0.666667 0.700000 0.733333 0.766667 0.800000 0.833333 0.866667 0.900000 0.933333 0.966667 1.000000 1.033333
1.066667 1.100000 1.133333 1.166667 1.200000 1.233333 1.266667 1.300000 1.333333 1.366667 1.400000 1.433333</float_array>
        <technique_common>
          <accessor source="#mixamorig_Spine-Matrix-animation-input-array" count="44">
            <param name="TIME" type="float"/>
          </accessor>
        </technique_common>
      </source>
      <source id="mixamorig_Spine-Matrix-animation-output-transform">
        <float_array id="mixamorig_Spine-Matrix-animation-output-transform-array" count="704">

0.999716 0.008031 0.022457 0.017300 -0.008931 0.999149 0.040280 10.574800 -0.022115 -0.040469 0.998936 -1.117200 0.000000 0.000000 0.000000 1.000000
0.999061 0.013568 0.041144 0.017300 -0.015058 0.999234 0.036112 10.574800 -0.040622 -0.036698 0.998500 -1.117200 0.000000 0.000000 0.000000 1.000000
0.998103 0.018357 0.058760 0.017300 -0.020368 0.999221 0.033814 10.574800 -0.058093 -0.034947 0.997699 -1.117200 0.000000 0.000000 0.000000 1.000000
0.996966 0.021596 0.074789 0.017300 -0.024237 0.999108 0.034591 10.574800 -0.073975 -0.036299 0.996599 -1.117200 0.000000 0.000000 0.000000 1.000000
0.995970 0.019425 0.087558 0.017300 -0.023034 0.998918 0.040390 10.574800 -0.086679 -0.042244 0.995340 -1.117200 0.000000 0.000000 0.000000 1.000000
0.995176 0.014363 0.097044 0.017300 -0.018974 0.998726 0.046760 10.574800 -0.096249 -0.048376 0.994181 -1.117200 0.000000 0.000000 0.000000 1.000000
0.994488 0.009564 0.104418 0.017300 -0.015097 0.998516 0.052331 10.574800 -0.103762 -0.053619 0.993156 -1.117200 0.000000 0.000000 0.000000 1.000000
0.993827 0.010473 0.110444 0.017300 -0.016821 0.998250 0.056697 10.574800 -0.109657 -0.058204 0.992264 -1.117200 0.000000 0.000000 0.000000 1.000000
0.993048 0.017130 0.116458 0.017300 -0.024398 0.997823 0.061268 10.574800 -0.115155 -0.063683 0.991304 -1.117200 0.000000 0.000000 0.000000 1.000000
0.991957 0.028916 0.123230 0.017300 -0.037373 0.997061 0.066881 10.574800 -0.120934 -0.070949 0.990122 -1.117200 0.000000 0.000000 0.000000 1.000000
0.990528 0.040695 0.131144 0.017300 -0.050819 0.995903 0.074800 10.574800 -0.127562 -0.080756 0.988537 -1.117200 0.000000 0.000000 0.000000 1.000000
0.988970 0.050595 0.139206 0.017300 -0.062668 0.994514 0.083755 10.574800 -0.134204 -0.091555 0.986715 -1.117200 0.000000 0.000000 0.000000 1.000000
0.987663 0.056934 0.145880 0.017300 -0.070763 0.993294 0.091429 10.574800 -0.139697 -0.100623 0.985068 -1.117200 0.000000 0.000000 0.000000 1.000000
0.986975 0.060085 0.149229 0.017300 -0.074828 0.992639 0.095229 10.574800 -0.142409 -0.105155 0.984206 -1.117200 0.000000 0.000000 0.000000 1.000000
0.987149 0.060743 0.147805 0.017300 -0.075130 0.992754 0.093783 10.574800 -0.141037 -0.103682 0.984560 -1.117200 0.000000 0.000000 0.000000 1.000000
0.988267 0.059512 0.140662 0.017300 -0.072294 0.993531 0.087581 10.574800 -0.134540 -0.096722 0.986176 -1.117200 0.000000 0.000000 0.000000 1.000000
0.990244 0.056437 0.127402 0.017300 -0.066791 0.994673 0.078520 10.574800 -0.122292 -0.086264 0.988738 -1.117200 0.000000 0.000000 0.000000 1.000000
0.992713 0.052097 0.108655 0.017300 -0.059781 0.995844 0.068703 10.574800 -0.104624 -0.074698 0.991703 -1.117200 0.000000 0.000000 0.000000 1.000000
0.995200 0.046986 0.085844 0.017300 -0.052204 0.996857 0.059583 10.574800 -0.082775 -0.063779 0.994525 -1.117200 0.000000 0.000000 0.000000 1.000000
0.997338 0.040615 0.060555 0.017300 -0.043774 0.997698 0.051796 10.574800 -0.058312 -0.054309 0.996820 -1.117200 0.000000 0.000000 0.000000 1.000000
0.998880 0.032540 0.034355 0.017300 -0.034085 0.998388 0.045384 10.574800 -0.032823 -0.046504 0.998379 -1.117200 0.000000 0.000000 0.000000 1.000000
0.999702 0.022842 0.008653 0.017300 -0.023174 0.998915 0.040396 10.574800 -0.007721 -0.040585 0.999146 -1.117200 0.000000 0.000000 0.000000 1.000000
0.999805 0.012154 -0.015573 0.017300 -0.011566 0.999238 0.037282 10.574800 0.016015 -0.037095 0.999183 -1.117200 0.000000 0.000000 0.000000 1.000000
0.999281 0.001721 -0.037869 0.017300 -0.000327 0.999323 0.036794 10.574800 0.037906 -0.036755 0.998605 -1.117200 0.000000 0.000000 0.000000 1.000000
0.998289 -0.006617 -0.058103 0.017300 0.008928 0.999175 0.039610 10.574800 0.057793 -0.040060 0.997524 -1.117200 0.000000 0.000000 0.000000 1.000000
0.997019 -0.011642 -0.076273 0.017300 0.015172 0.998832 0.045866 10.574800 0.075650 -0.046886 0.996031 -1.117200 0.000000 0.000000 0.000000 1.000000
0.995689 -0.011988 -0.091975 0.017300 0.017101 0.998340 0.055000 10.574800 0.091163 -0.056336 0.994241 -1.117200 0.000000 0.000000 0.000000 1.000000
0.994492 -0.008547 -0.104459 0.017300 0.015459 0.997730 0.065548 10.574800 0.103662 -0.066802 0.992367 -1.117200 0.000000 0.000000 0.000000 1.000000
0.993600 -0.004865 -0.112855 0.017300 0.013461 0.997053 0.075532 10.574800 0.112155 -0.076567 0.990736 -1.117200 0.000000 0.000000 0.000000 1.000000
0.993056 -0.004617 -0.117548 0.017300 0.014546 0.996381 0.083751 10.574800 0.116736 -0.084879 0.989529 -1.117200 0.000000 0.000000 0.000000 1.000000
0.992828 -0.008626 -0.119244 0.017300 0.019401 0.995798 0.089497 10.574800 0.117971 -0.091168 0.988823 -1.117200 0.000000 0.000000 0.000000 1.000000
0.992778 -0.014459 -0.119095 0.017300 0.025642 0.995344 0.092909 10.574800 0.117197 -0.095291 0.988526 -1.117200 0.000000 0.000000 0.000000 1.000000
0.992735 -0.020166 -0.118622 0.017300 0.031511 0.995020 0.094560 10.574800 0.116125 -0.097611 0.988427 -1.117200 0.000000 0.000000 0.000000 1.000000
0.992684 -0.023541 -0.118425 0.017300 0.034917 0.994872 0.094928 10.574800 0.115583 -0.098368 0.988415 -1.117200 0.000000 0.000000 0.000000 1.000000
0.992748 -0.024657 -0.117660 0.017300 0.035847 0.994931 0.093955 10.574800 0.114747 -0.097492 0.988599 -1.117200 0.000000 0.000000 0.000000 1.000000
0.993042 -0.025111 -0.115056 0.017300 0.035750 0.995176 0.091359 10.574800 0.112207 -0.094836 0.989149 -1.117200 0.000000 0.000000 0.000000 1.000000
0.993678 -0.025511 -0.109335 0.017300 0.035137 0.995585 0.087037 10.574800 0.106631 -0.090329 0.990187 -1.117200 0.000000 0.000000 0.000000 1.000000
0.994751 -0.025393 -0.099120 0.017300 0.033517 0.996136 0.081182 10.574800 0.096675 -0.084078 0.991758 -1.117200 0.000000 0.000000 0.000000 1.000000
0.996232 -0.023089 -0.083600 0.017300 0.029338 0.996804 0.074309 10.574800 0.081617 -0.076482 0.993725 -1.117200 0.000000 0.000000 0.000000 1.000000
0.997827 -0.018188 -0.063328 0.017300 0.022436 0.997500 0.067017 10.574800 0.061951 -0.068292 0.995740 -1.117200 0.000000 0.000000 0.000000 1.000000
0.999135 -0.011271 -0.040018 0.017300 0.013659 0.998110 0.059915 10.574800 0.039267 -0.060410 0.997401 -1.117200 0.000000 0.000000 0.000000 1.000000
0.999835 -0.004273 -0.017637 0.017300 0.005188 0.998627 0.052134 10.574800 0.017390 -0.052217 0.998484 -1.117200 0.000000 0.000000 0.000000 1.000000
0.999993 0.002139 0.003125 0.017300 -0.002279 0.998970 0.045311 10.574800 -0.003024 -0.045318 0.998968 -1.117200 0.000000 0.000000 0.000000 1.000000
0.999716 0.008031 0.022457 0.017300 -0.008932 0.999149 0.040280 10.574800 -0.022115 -0.040469 0.998936 -1.117200 0.000000 0.000000 0.000000 1.000000</float_array>
        <technique_common>
          <accessor source="#mixamorig_Spine-Matrix-animation-output-transform-array" count="44" stride="16">
            <param type="float4x4"/>
          </accessor>
        </technique_common>
      </source>
      <source id="mixamorig_Spine-Interpolations">
        <Name_array id="mixamorig_Spine-Interpolations-array" count="44">
 LINEAR LINEAR LINEAR LINEAR LINEAR LINEAR LINEAR LINEAR LINEAR LINEAR LINEAR
LINEAR LINEAR LINEAR LINEAR LINEAR LINEAR LINEAR LINEAR LINEAR LINEAR LINEAR LINEAR
LINEAR LINEAR LINEAR LINEAR LINEAR LINEAR LINEAR LINEAR LINEAR LINEAR LINEAR LINEAR
LINEAR LINEAR LINEAR LINEAR LINEAR LINEAR LINEAR LINEAR LINEAR</Name_array>
        <technique_common>
          <accessor source="#mixamorig_Spine-Interpolations-array" count="44">
            <param type="name"/>
          </accessor>
        </technique_common>
      </source>
      <sampler id="mixamorig_Spine-Matrix-animation-transform">
        <input semantic="INPUT" source="#mixamorig_Spine-Matrix-animation-input"/>
        <input semantic="OUTPUT" source="#mixamorig_Spine-Matrix-animation-output-transform"/>
        <input semantic="INTERPOLATION" source="#mixamorig_Spine-Interpolations"/>
      </sampler>
      <channel source="#mixamorig_Spine-Matrix-animation-transform" target="mixamorig_Spine/matrix"/>
    </animation>
    <animation id="mixamorig_Spine1-anim" name="mixamorig_Spine1">
      <source id="mixamorig_Spine1-Matrix-animation-input">
        <float_array id="mixamorig_Spine1-Matrix-animation-input-array" count="44">

0.000000 0.033333 0.066667 0.100000 0.133333 0.166667 0.200000 0.233333 0.266667 0.300000 0.333333 0.366667 0.400000 0.433333 0.466667 0.500000
0.533333 0.566667 0.600000 0.633333 0.666667 0.700000 0.733333 0.766667 0.800000 0.833333 0.866667 0.900000 0.933333 0.966667 1.000000 1.033333
1.066667 1.100000 1.133333 1.166667 1.200000 1.233333 1.266667 1.300000 1.333333 1.366667 1.400000 1.433333</float_array>
        <technique_common>
          <accessor source="#mixamorig_Spine1-Matrix-animation-input-array" count="44">
            <param name="TIME" type="float"/>
          </accessor>
        </technique_common>
      </source>
      <source id="mixamorig_Spine1-Matrix-animation-output-transform">
        <float_array id="mixamorig_Spine1-Matrix-animation-output-transform-array" count="704">

0.999609 0.020981 0.018508 0.000000 -0.020246 0.999032 -0.039041 12.406000 -0.019309 0.038651 0.999066 -0.000000 0.000000 0.000000 0.000000 1.000000
0.999129 0.023328 0.034603 0.000000 -0.021852 0.998860 -0.042436 12.406000 -0.035553 0.041643 0.998500 0.000000 0.000000 0.000000 0.000000 1.000000
0.998456 0.025293 0.049457 0.000000 -0.023114 0.998758 -0.044144 12.406000 -0.050512 0.042932 0.997800 0.000000 0.000000 0.000000 0.000000 1.000000
0.997698 0.026688 0.062342 0.000000 -0.024017 0.998778 -0.043195 12.406000 -0.063419 0.041598 0.997120 0.000000 0.000000 0.000000 0.000000 1.000000
0.997084 0.027050 0.071350 0.000000 -0.024378 0.998978 -0.038062 12.406000 -0.072307 0.036211 0.996725 0.000000 0.000000 0.000000 0.000000 1.000000
0.996616 0.027188 0.077574 0.000000 -0.024749 0.999174 -0.032237 12.406000 -0.078387 0.030208 0.996465 -0.000000 0.000000 0.000000 0.000000 1.000000
0.996209 0.027770 0.082438 0.000000 -0.025631 0.999310 -0.026892 12.406000 -0.083128 0.024677 0.996233 0.000000 0.000000 0.000000 0.000000 1.000000
0.995770 0.029457 0.087032 -0.000000 -0.027616 0.999370 -0.022277 12.406000 -0.087633 0.019779 0.995956 0.000000 0.000000 0.000000 0.000000 1.000000
0.995223 0.032033 0.092219 -0.000000 -0.030561 0.999383 -0.017330 12.406000 -0.092717 0.014429 0.995588 -0.000000 0.000000 0.000000 0.000000 1.000000
0.994513 0.035466 0.098417 0.000000 -0.034494 0.999338 -0.011556 12.406000 -0.098762 0.008098 0.995078 0.000000 0.000000 0.000000 0.000000 1.000000
0.993682 0.038620 0.105378 0.000000 -0.038391 0.999254 -0.004206 12.406000 -0.105462 0.000134 0.994423 0.000000 0.000000 0.000000 0.000000 1.000000
0.992841 0.040778 0.112271 0.000000 -0.041441 0.999135 0.003576 12.406000 -0.112028 -0.008203 0.993671 0.000000 0.000000 0.000000 0.000000 1.000000
0.992174 0.041303 0.117832 0.000000 -0.042758 0.999037 0.009849 12.406000 -0.117312 -0.014810 0.992985 0.000000 0.000000 0.000000 0.000000 1.000000
0.991892 0.039910 0.120657 0.000000 -0.041738 0.999048 0.012659 12.406000 -0.120037 -0.017593 0.992613 0.000000 0.000000 0.000000 0.000000 1.000000
0.992149 0.036744 0.119543 0.000000 -0.038335 0.999204 0.011033 12.406000 -0.119043 -0.015530 0.992768 0.000000 0.000000 0.000000 0.000000 1.000000
0.992980 0.032319 0.113780 -0.000000 -0.033150 0.999436 0.005418 12.406000 -0.113541 -0.009152 0.993491 0.000000 0.000000 0.000000 0.000000 1.000000
0.994278 0.027354 0.103262 0.000000 -0.027217 0.999626 -0.002735 12.406000 -0.103298 -0.000092 0.994650 0.000000 0.000000 0.000000 0.000000 1.000000
0.995833 0.022433 0.088395 -0.000000 -0.021480 0.999701 -0.011719 12.406000 -0.088631 0.009772 0.996017 0.000000 0.000000 0.000000 0.000000 1.000000
0.997391 0.017798 0.069957 0.000000 -0.016414 0.999659 -0.020302 12.406000 -0.070294 0.019101 0.997343 0.000000 0.000000 0.000000 0.000000 1.000000
0.998708 0.013369 0.049025 0.000000 -0.012011 0.999539 -0.027900 12.406000 -0.049376 0.027275 0.998408 0.000000 0.000000 0.000000 0.000000 1.000000
0.999598 0.008847 0.026920 0.000000 -0.007921 0.999380 -0.034314 12.406000 -0.027207 0.034087 0.999048 0.000000 0.000000 0.000000 0.000000 1.000000
0.999979 0.004016 0.005042 0.000000 -0.003815 0.999220 -0.039311 12.406000 -0.005196 0.039291 0.999214 0.000000 0.000000 0.000000 0.000000 1.000000
0.999881 -0.001026 -0.015423 0.000000 0.000371 0.999101 -0.042389 12.406000 0.015452 0.042378 0.998982 -0.000000 0.000000 0.000000 0.000000 1.000000
0.999413 -0.005870 -0.033755 0.000000 0.004420 0.999071 -0.042869 12.406000 0.033975 0.042695 0.998510 0.000000 0.000000 0.000000 0.000000 1.000000
0.998714 -0.009980 -0.049706 0.000000 0.007984 0.999160 -0.040201 12.406000 0.050066 0.039752 0.997955 0.000000 0.000000 0.000000 0.000000 1.000000
0.997913 -0.012946 -0.063255 -0.000000 0.010791 0.999353 -0.034298 12.406000 0.063658 0.033544 0.997408 0.000000 0.000000 0.000000 0.000000 1.000000
0.997125 -0.014670 -0.074346 0.000000 0.012785 0.999586 -0.025762 12.406000 0.074693 0.024737 0.996900 0.000000 0.000000 0.000000 0.000000 1.000000
0.996441 -0.015586 -0.082842 0.000000 0.014308 0.999770 -0.015995 12.406000 0.083073 0.014753 0.996434 0.000000 0.000000 0.000000 0.000000 1.000000
0.995926 -0.016297 -0.088693 -0.000000 0.015762 0.999853 -0.006728 12.406000 0.088789 0.005302 0.996036 -0.000000 0.000000 0.000000 0.000000 1.000000
0.995603 -0.016845 -0.092142 0.000000 0.017023 0.999854 0.001148 12.406000 0.092110 -0.002711 0.995745 -0.000000 0.000000 0.000000 0.000000 1.000000
0.995429 -0.017509 -0.093882 -0.000000 0.018235 0.999810 0.006881 12.406000 0.093743 -0.008561 0.995560 0.000000 0.000000 0.000000 0.000000 1.000000
0.995329 -0.018266 -0.094800 0.000000 0.019326 0.999760 0.010274 12.406000 0.094590 -0.012059 0.995443 0.000000 0.000000 0.000000 0.000000 1.000000
0.995250 -0.018545 -0.095573 0.000000 0.019762 0.999735 0.011801 12.406000 0.095329 -0.013633 0.995352 0.000000 0.000000 0.000000 0.000000 1.000000
0.995190 -0.017807 -0.096334 -0.000000 0.019038 0.999748 0.011878 12.406000 0.096099 -0.013655 0.995278 0.000000 0.000000 0.000000 0.000000 1.000000
0.995201 -0.015863 -0.096558 0.000000 0.016968 0.999799 0.010636 12.406000 0.096370 -0.012223 0.995271 0.000000 0.000000 0.000000 0.000000 1.000000
0.995375 -0.012789 -0.095208 0.000000 0.013619 0.999875 0.008078 12.406000 0.095092 -0.009337 0.995425 0.000000 0.000000 0.000000 0.000000 1.000000
0.995803 -0.008852 -0.091095 0.000000 0.009268 0.999948 0.004148 12.406000 0.091053 -0.004974 0.995834 0.000000 0.000000 0.000000 0.000000 1.000000
0.996519 -0.004315 -0.083251 -0.000000 0.004235 0.999990 -0.001141 12.406000 0.083255 0.000785 0.996528 -0.000000 0.000000 0.000000 0.000000 1.000000
0.997463 0.000669 -0.071189 0.000000 -0.001211 0.999971 -0.007572 12.406000 0.071182 0.007639 0.997434 0.000000 0.000000 0.000000 0.000000 1.000000
0.998466 0.005993 -0.055042 0.000000 -0.006809 0.999870 -0.014643 12.406000 0.054947 0.014995 0.998377 -0.000000 0.000000 0.000000 0.000000 1.000000
0.999298 0.011310 -0.035726 0.000000 -0.012089 0.999692 -0.021664 12.406000 0.035470 0.022081 0.999127 0.000000 0.000000 0.000000 0.000000 1.000000
0.999750 0.015294 -0.016331 -0.000000 -0.015760 0.999461 -0.028791 12.406000 0.015882 0.029041 0.999452 0.000000 0.000000 0.000000 0.000000 1.000000
0.999829 0.018403 0.001792 -0.000000 -0.018330 0.999227 -0.034782 12.406000 -0.002431 0.034743 0.999393 0.000000 0.000000 0.000000 0.000000 1.000000
0.999609 0.020981 0.018508 0.000000 -0.020246 0.999032 -0.039041 12.406000 -0.019309 0.038651 0.999066 0.000000 0.000000 0.000000 0.000000 1.000000</float_array>
        <technique_common>
          <accessor source="#mixamorig_Spine1-Matrix-animation-output-transform-array" count="44" stride="16">
            <param type="float4x4"/>
          </accessor>
        </technique_common>
      </source>
      <source id="mixamorig_Spine1-Interpolations">
        <Name_array id="mixamorig_Spine1-Interpolations-array" count="44">
 LINEAR LINEAR LINEAR LINEAR LINEAR LINEAR LINEAR LINEAR LINEAR LINEAR LINEAR
LINEAR LINEAR LINEAR LINEAR LINEAR LINEAR LINEAR LINEAR LINEAR LINEAR LINEAR LINEAR
LINEAR LINEAR LINEAR LINEAR LINEAR LINEAR LINEAR LINEAR LINEAR LINEAR LINEAR LINEAR
LINEAR LINEAR LINEAR LINEAR LINEAR LINEAR LINEAR LINEAR LINEAR</Name_array>
        <technique_common>
          <accessor source="#mixamorig_Spine1-Interpolations-array" count="44">
            <param type="name"/>
          </accessor>
        </technique_common>
      </source>
      <sampler id="mixamorig_Spine1-Matrix-animation-transform">
        <input semantic="INPUT" source="#mixamorig_Spine1-Matrix-animation-input"/>
        <input semantic="OUTPUT" source="#mixamorig_Spine1-Matrix-animation-output-transform"/>
        <input semantic="INTERPOLATION" source="#mixamorig_Spine1-Interpolations"/>
      </sampler>
      <channel source="#mixamorig_Spine1-Matrix-animation-transform" target="mixamorig_Spine1/matrix"/>
    </animation>
    <animation id="mixamorig_Spine2-anim" name="mixamorig_Spine2">
      <source id="mixamorig_Spine2-Matrix-animation-input">
        <float_array id="mixamorig_Spine2-Matrix-animation-input-array" count="44">

0.000000 0.033333 0.066667 0.100000 0.133333 0.166667 0.200000 0.233333 0.266667 0.300000 0.333333 0.366667 0.400000 0.433333 0.466667 0.500000
0.533333 0.566667 0.600000 0.633333 0.666667 0.700000 0.733333 0.766667 0.800000 0.833333 0.866667 0.900000 0.933333 0.966667 1.000000 1.033333
1.066667 1.100000 1.133333 1.166667 1.200000 1.233333 1.266667 1.300000 1.333333 1.366667 1.400000 1.433333</float_array>
        <technique_common>
          <accessor source="#mixamorig_Spine2-Matrix-animation-input-array" count="44">
            <param name="TIME" type="float"/>
          </accessor>
        </technique_common>
      </source>
      <source id="mixamorig_Spine2-Matrix-animation-output-transform">
        <float_array id="mixamorig_Spine2-Matrix-animation-output-transform-array" count="704">

0.999638 0.021761 0.015795 0.000000 -0.019272 0.989466 -0.143480 14.178300 -0.018750 0.143123 0.989527 0.000000 0.000000 0.000000 0.000000 1.000000
0.999154 0.026299 0.031622 0.000000 -0.021388 0.988951 -0.146694 14.178300 -0.035130 0.145894 0.988676 0.000000 0.000000 0.000000 0.000000 1.000000
0.998470 0.030308 0.046246 0.000000 -0.023149 0.988691 -0.148167 14.178300 -0.050214 0.146870 0.987880 0.000000 0.000000 0.000000 0.000000 1.000000
0.997699 0.033528 0.058930 0.000000 -0.024551 0.988841 -0.146939 14.178300 -0.063199 0.145154 0.987389 -0.000000 0.000000 0.000000 0.000000 1.000000
0.997078 0.035300 0.067743 0.000000 -0.025421 0.989609 -0.141517 14.178300 -0.072035 0.139382 0.987615 -0.000000 0.000000 0.000000 0.000000 1.000000
0.996611 0.036578 0.073675 0.000000 -0.026334 0.990428 -0.135496 14.178300 -0.077926 0.133096 0.988035 0.000000 0.000000 0.000000 0.000000 1.000000
0.996213 0.038158 0.078121 -0.000000 -0.027764 0.991118 -0.130057 14.178300 -0.082390 0.127395 0.988424 -0.000000 0.000000 0.000000 0.000000 1.000000
0.995787 0.040747 0.082144 0.000000 -0.030229 0.991640 -0.125448 14.178300 -0.086569 0.122437 0.988694 0.000000 0.000000 0.000000 0.000000 1.000000
0.995257 0.044211 0.086653 0.000000 -0.033577 0.992139 -0.120550 14.178300 -0.091301 0.117068 0.988918 -0.000000 0.000000 0.000000 0.000000 1.000000
0.994567 0.048511 0.092107 0.000000 -0.037785 0.992667 -0.114824 14.178300 -0.097001 0.110720 0.989107 -0.000000 0.000000 0.000000 0.000000 1.000000
0.993760 0.052536 0.098393 0.000000 -0.041876 0.993329 -0.107440 14.178300 -0.103381 0.102650 0.989331 0.000000 0.000000 0.000000 0.000000 1.000000
0.992943 0.055472 0.104816 0.000000 -0.045026 0.994016 -0.099522 14.178300 -0.109709 0.094100 0.989499 -0.000000 0.000000 0.000000 0.000000 1.000000
0.992295 0.056555 0.110240 -0.000000 -0.046349 0.994583 -0.093042 14.178300 -0.114905 0.087215 0.989540 -0.000000 0.000000 0.000000 0.000000 1.000000
0.992013 0.055355 0.113337 -0.000000 -0.045230 0.994911 -0.090038 14.178300 -0.117744 0.084193 0.989468 0.000000 0.000000 0.000000 0.000000 1.000000
0.992252 0.051884 0.112889 0.000000 -0.041604 0.994928 -0.091587 14.178300 -0.117068 0.086181 0.989377 0.000000 0.000000 0.000000 0.000000 1.000000
0.993051 0.046572 0.108076 0.000000 -0.036053 0.994600 -0.097316 14.178300 -0.112025 0.092743 0.989368 -0.000000 0.000000 0.000000 0.000000 1.000000
0.994317 0.040103 0.098623 0.000000 -0.029595 0.993948 -0.105788 14.178300 -0.102268 0.102268 0.989486 -0.000000 0.000000 0.000000 0.000000 1.000000
0.995850 0.033090 0.084776 0.000000 -0.023187 0.993066 -0.115247 14.178300 -0.088001 0.112803 0.989713 0.000000 0.000000 0.000000 0.000000 1.000000
0.997403 0.025866 0.067220 0.000000 -0.017348 0.992086 -0.124352 14.178300 -0.069904 0.122863 0.989959 0.000000 0.000000 0.000000 0.000000 1.000000
0.998723 0.018511 0.047017 -0.000000 -0.012137 0.991123 -0.132396 14.178300 -0.049051 0.131656 0.990081 -0.000000 0.000000 0.000000 0.000000 1.000000
0.999614 0.010932 0.025541 0.000000 -0.007276 0.990255 -0.139073 14.178300 -0.026813 0.138834 0.989953 0.000000 0.000000 0.000000 0.000000 1.000000
0.999986 0.003134 0.004261 0.000000 -0.002487 0.989560 -0.144103 14.178300 -0.004668 0.144090 0.989554 0.000000 0.000000 0.000000 0.000000 1.000000
0.999868 -0.004625 -0.015593 0.000000 0.002283 0.989133 -0.147005 14.178300 0.016103 0.146950 0.989013 0.000000 0.000000 0.000000 0.000000 1.000000
0.999375 -0.011874 -0.033290 0.000000 0.006850 0.989088 -0.147168 14.178300 0.034674 0.146848 0.988551 0.000000 0.000000 0.000000 0.000000 1.000000
0.998654 -0.018109 -0.048598 0.000000 0.010930 0.989501 -0.144112 14.178300 0.050697 0.143387 0.988367 0.000000 0.000000 0.000000 0.000000 1.000000
0.997841 -0.022984 -0.061519 -0.000000 0.014316 0.990355 -0.137810 14.178300 0.064093 0.136631 0.988546 -0.000000 0.000000 0.000000 0.000000 1.000000
0.997053 -0.026430 -0.072013 0.000000 0.016974 0.991513 -0.128895 14.178300 0.074809 0.127293 0.989040 0.000000 0.000000 0.000000 0.000000 1.000000
0.996383 -0.028826 -0.079938 -0.000000 0.019188 0.992731 -0.118815 14.178300 0.082781 0.116851 0.989693 0.000000 0.000000 0.000000 0.000000 1.000000
0.995888 -0.030664 -0.085247 0.000000 0.021240 0.993778 -0.109334 14.178300 0.088069 0.107074 0.990343 0.000000 0.000000 0.000000 0.000000 1.000000
0.995587 -0.031951 -0.088239 0.000000 0.022938 0.994588 -0.101331 14.178300 0.090999 0.098860 0.990932 0.000000 0.000000 0.000000 0.000000 1.000000
0.995430 -0.032985 -0.089615 0.000000 0.024373 0.995127 -0.095546 14.178300 0.092330 0.092925 0.991383 0.000000 0.000000 0.000000 0.000000 1.000000
0.995340 -0.033838 -0.090294 -0.000000 0.025482 0.995420 -0.092144 14.178300 0.092998 0.089414 0.991643 -0.000000 0.000000 0.000000 0.000000 1.000000
0.995267 -0.034085 -0.091008 0.000000 0.025810 0.995553 -0.090602 14.178300 0.093691 0.087824 0.991720 -0.000000 0.000000 0.000000 0.000000 1.000000
0.995208 -0.033280 -0.091941 -0.000000 0.024933 0.995586 -0.090482 14.178300 0.094546 0.087756 0.991645 0.000000 0.000000 0.000000 0.000000 1.000000
0.995216 -0.031214 -0.092583 0.000000 0.022694 0.995529 -0.091695 14.178300 0.095031 0.089155 0.991474 0.000000 0.000000 0.000000 0.000000 1.000000
0.995381 -0.027849 -0.091879 0.000000 0.019143 0.995359 -0.094307 14.178300 0.094079 0.092113 0.991294 0.000000 0.000000 0.000000 0.000000 1.000000
0.995796 -0.023283 -0.088592 0.000000 0.014507 0.995037 -0.098438 14.178300 0.090444 0.096739 0.991192 0.000000 0.000000 0.000000 0.000000 1.000000
0.996502 -0.017619 -0.081696 -0.000000 0.009050 0.994527 -0.104092 14.178300 0.083083 0.102988 0.991207 0.000000 0.000000 0.000000 0.000000 1.000000
0.997442 -0.010921 -0.070647 0.000000 0.003018 0.993815 -0.111008 14.178300 0.071422 0.110511 0.991305 0.000000 0.000000 0.000000 0.000000 1.000000
0.998452 -0.003317 -0.055515 0.000000 -0.003296 0.992937 -0.118595 14.178300 0.055517 0.118595 0.991390 -0.000000 0.000000 0.000000 0.000000 1.000000
0.999300 0.004693 -0.037117 0.000000 -0.009340 0.991981 -0.126038 14.178300 0.036228 0.126297 0.991331 -0.000000 0.000000 0.000000 0.000000 1.000000
0.999768 0.011333 -0.018318 0.000000 -0.013676 0.990976 -0.133341 14.178300 0.016641 0.133561 0.990901 0.000000 0.000000 0.000000 0.000000 1.000000
0.999857 0.016908 -0.000612 0.000000 -0.016828 0.990101 -0.139345 14.178300 -0.001750 0.139335 0.990244 0.000000 0.000000 0.000000 0.000000 1.000000
0.999638 0.021761 0.015795 0.000000 -0.019272 0.989466 -0.143480 14.178300 -0.018751 0.143123 0.989527 0.000000 0.000000 0.000000 0.000000 1.000000</float_array>
        <technique_common>
          <accessor source="#mixamorig_Spine2-Matrix-animation-output-transform-array" count="44" stride="16">
            <param type="float4x4"/>
          </accessor>
        </technique_common>
      </source>
      <source id="mixamorig_Spine2-Interpolations">
        <Name_array id="mixamorig_Spine2-Interpolations-array" count="44">
 LINEAR LINEAR LINEAR LINEAR LINEAR LINEAR LINEAR LINEAR LINEAR LINEAR LINEAR
LINEAR LINEAR LINEAR LINEAR LINEAR LINEAR LINEAR LINEAR LINEAR LINEAR LINEAR LINEAR
LINEAR LINEAR LINEAR LINEAR LINEAR LINEAR LINEAR LINEAR LINEAR LINEAR LINEAR LINEAR
LINEAR LINEAR LINEAR LINEAR LINEAR LINEAR LINEAR LINEAR LINEAR</Name_array>
        <technique_common>
          <accessor source="#mixamorig_Spine2-Interpolations-array" count="44">
            <param type="name"/>
          </accessor>
        </technique_common>
      </source>
      <sampler id="mixamorig_Spine2-Matrix-animation-transform">
        <input semantic="INPUT" source="#mixamorig_Spine2-Matrix-animation-input"/>
        <input semantic="OUTPUT" source="#mixamorig_Spine2-Matrix-animation-output-transform"/>
        <input semantic="INTERPOLATION" source="#mixamorig_Spine2-Interpolations"/>
      </sampler>
      <channel source="#mixamorig_Spine2-Matrix-animation-transform" target="mixamorig_Spine2/matrix"/>
    </animation>
    <animation id="mixamorig_Neck-anim" name="mixamorig_Neck">
      <source id="mixamorig_Neck-Matrix-animation-input">
        <float_array id="mixamorig_Neck-Matrix-animation-input-array" count="44">

0.000000 0.033333 0.066667 0.100000 0.133333 0.166667 0.200000 0.233333 0.266667 0.300000 0.333333 0.366667 0.400000 0.433333 0.466667 0.500000
0.533333 0.566667 0.600000 0.633333 0.666667 0.700000 0.733333 0.766667 0.800000 0.833333 0.866667 0.900000 0.933333 0.966667 1.000000 1.033333
1.066667 1.100000 1.133333 1.166667 1.200000 1.233333 1.266667 1.300000 1.333333 1.366667 1.400000 1.433333</float_array>
        <technique_common>
          <accessor source="#mixamorig_Neck-Matrix-animation-input-array" count="44">
            <param name="TIME" type="float"/>
          </accessor>
        </technique_common>
      </source>
      <source id="mixamorig_Neck-Matrix-animation-output-transform">
        <float_array id="mixamorig_Neck-Matrix-animation-output-transform-array" count="704">

0.999311 0.036613 0.006080 0.024400 -0.037043 0.994106 0.101891 15.862300 -0.002313 -0.102046 0.994777 -1.675800 0.000000 0.000000 0.000000 1.000000
0.999316 0.036871 -0.002667 0.024400 -0.036440 0.994627 0.096901 15.862300 0.006225 -0.096737 0.995290 -1.675800 0.000000 0.000000 0.000000 1.000000
0.999252 0.037151 -0.010763 0.024400 -0.035992 0.995016 0.092993 15.862300 0.014164 -0.092537 0.995609 -1.675800 0.000000 0.000000 0.000000 1.000000
0.999142 0.037486 -0.017618 0.024400 -0.035720 0.995151 0.091642 15.862300 0.020968 -0.090934 0.995636 -1.675800 0.000000 0.000000 0.000000 1.000000
0.999034 0.037992 -0.022064 0.024400 -0.035716 0.994765 0.095740 15.862300 0.025586 -0.094860 0.995162 -1.675800 0.000000 0.000000 0.000000 1.000000
0.998929 0.038702 -0.025350 0.024400 -0.035906 0.994057 0.102765 15.862300 0.029176 -0.101745 0.994383 -1.675800 0.000000 0.000000 0.000000 1.000000
0.998829 0.039192 -0.028374 0.024400 -0.035833 0.993228 0.110517 15.862300 0.032513 -0.109371 0.993469 -1.675800 0.000000 0.000000 0.000000 1.000000
0.998744 0.038812 -0.031696 0.024400 -0.034853 0.992505 0.117125 15.862300 0.036005 -0.115874 0.992611 -1.675800 0.000000 0.000000 0.000000 1.000000
0.998681 0.036985 -0.035611 0.024400 -0.032434 0.992141 0.120849 15.862300 0.039801 -0.119535 0.992032 -1.675800 0.000000 0.000000 0.000000 1.000000
0.998638 0.033535 -0.039963 0.024400 -0.028491 0.992279 0.120707 15.862300 0.043703 -0.119404 0.991883 -1.675800 0.000000 0.000000 0.000000 1.000000
0.998610 0.028822 -0.044135 0.024400 -0.023488 0.992862 0.116932 15.862300 0.047190 -0.115732 0.992159 -1.675800 0.000000 0.000000 0.000000 1.000000
0.998606 0.023587 -0.047214 0.024400 -0.018222 0.993654 0.110998 15.862300 0.049533 -0.109983 0.992698 -1.675800 0.000000 0.000000 0.000000 1.000000
0.998660 0.018620 -0.048287 0.024400 -0.013456 0.994365 0.105156 15.862300 0.049973 -0.104365 0.993283 -1.675800 0.000000 0.000000 0.000000 1.000000
0.998803 0.014448 -0.046732 0.024400 -0.009636 0.994780 0.101591 15.862300 0.047955 -0.101019 0.993728 -1.675800 0.000000 0.000000 0.000000 1.000000
0.999037 0.011190 -0.042419 0.024400 -0.006830 0.994807 0.101554 15.862300 0.043335 -0.101166 0.993925 -1.675800 0.000000 0.000000 0.000000 1.000000
0.999324 0.008643 -0.035727 0.024400 -0.004853 0.994478 0.104833 15.862300 0.036436 -0.104589 0.993848 -1.675800 0.000000 0.000000 0.000000 1.000000
0.999604 0.006488 -0.027375 0.024400 -0.003443 0.993944 0.109833 15.862300 0.027922 -0.109696 0.993573 -1.675800 0.000000 0.000000 0.000000 1.000000
0.999825 0.004498 -0.018156 0.024400 -0.002395 0.993456 0.114194 15.862300 0.018551 -0.114131 0.993293 -1.675800 0.000000 0.000000 0.000000 1.000000
